"﻿Date","Origin","Destination","Immobility","Home_Category","Activity_Category","Observation_Zone","Mode","Volume"
"2020-05-20","Kokolo","Limete","3h","Origin_Zone_Resident","Origin_Zone_Worker","Arret Station Macampagne (ML)","All_modes","34"
"2020-05-20","Kokolo","Limete","3h","Origin_Zone_Resident","Origin_Zone_Worker","Arret Telecel Alingwa","All_modes","42"
"2020-05-20","Kokolo","Limete","3h","Origin_Zone_Resident","Origin_Zone_Worker","Arret moulard","All_modes","33"
"2020-05-20","Kokolo","Limete","3h","Origin_Zone_Resident","Origin_Zone_Worker","Avenue Kimbondo et Pierre Mulele","All_modes","222"
"2020-05-20","Kokolo","Limete","3h","Origin_Zone_Resident","Origin_Zone_Worker","Chez Cactus","All_modes","34"
"2020-05-20","Kokolo","Limete","3h","Origin_Zone_Resident","Origin_Zone_Worker","Cinquantenaire","All_modes","111"
"2020-05-20","Kokolo","Limete","3h","Origin_Zone_Resident","Origin_Zone_Worker","Hopital général de Kintambo","All_modes","25"
"2020-05-20","Kokolo","Limete","3h","Origin_Zone_Resident","Origin_Zone_Worker","Inga","All_modes","352"
"2020-05-20","Kokolo","Limete","3h","Origin_Zone_Resident","Origin_Zone_Worker","Marché Moulaert ou Marché Lumumba","All_modes","77"
"2020-05-20","Kokolo","Limete","3h","Origin_Zone_Resident","Origin_Zone_Worker","Moni-Shop","All_modes","33"
"2020-05-20","Kokolo","Limete","3h","Origin_Zone_Resident","Origin_Zone_Worker","ZoneGlobale","All_modes","993"
"2020-05-20","Kokolo","Makala","1h","Outside_Resident","Outside_Worker","Marché Moulaert ou Marché Lumumba","All_modes","26"
"2020-05-20","Kokolo","Makala","1h","Outside_Resident","Outside_Worker","Wenze Muselu/Gambela","All_modes","35"
"2020-05-20","Kokolo","Makala","1h","Outside_Resident","Outside_Worker","ZoneGlobale","All_modes","76"
"2020-05-20","Kokolo","Makala","1h","Destination_Zone_Resident","Destination_Zone_Worker","Centre Monkole","All_modes","25"
"2020-05-20","Kokolo","Makala","1h","Destination_Zone_Resident","Destination_Zone_Worker","ZoneGlobale","All_modes","51"
"2020-05-20","Kokolo","Makala","1h","Study_Zone_Resident","Study_Zone_Worker","Arret Bakayaou","All_modes","25"
"2020-05-20","Kokolo","Makala","1h","Study_Zone_Resident","Study_Zone_Worker","Cinquantenaire","All_modes","26"
"2020-05-20","Kokolo","Makala","1h","Study_Zone_Resident","Study_Zone_Worker","Croissement Kianza et Université","All_modes","25"
"2020-05-20","Kokolo","Makala","1h","Study_Zone_Resident","Study_Zone_Worker","MED CITE DES PRIERES","All_modes","26"
"2020-05-20","Kokolo","Makala","1h","Study_Zone_Resident","Study_Zone_Worker","ZoneGlobale","All_modes","70"
"2020-05-20","Kokolo","Makala","1h","Origin_Zone_Resident","Destination_Zone_Worker","ZoneGlobale","All_modes","34"
"2020-05-20","Kokolo","Makala","1h","Origin_Zone_Resident","Origin_Zone_Worker","Croissement Kianza et Université","All_modes","33"
"2020-05-20","Kokolo","Makala","1h","Origin_Zone_Resident","Origin_Zone_Worker","Inga","All_modes","24"
"2020-05-20","Kokolo","Makala","1h","Origin_Zone_Resident","Origin_Zone_Worker","Wenze Muselu/Gambela","All_modes","25"
"2020-05-20","Kokolo","Makala","1h","Origin_Zone_Resident","Origin_Zone_Worker","ZoneGlobale","All_modes","67"
"2020-05-20","Kokolo","Makala","3h","Outside_Resident","Outside_Worker","ZoneGlobale","All_modes","34"
"2020-05-20","Kokolo","Makala","3h","Destination_Zone_Resident","Destination_Zone_Worker","ZoneGlobale","All_modes","68"
"2020-05-20","Kokolo","Makala","3h","Destination_Zone_Resident","Study_Zone_Worker","ZoneGlobale","All_modes","26"
"2020-05-20","Kokolo","Makala","3h","Destination_Zone_Resident","Origin_Zone_Worker","ZoneGlobale","All_modes","24"
"2020-05-20","Kokolo","Makala","3h","Study_Zone_Resident","Study_Zone_Worker","ZoneGlobale","All_modes","59"
"2020-05-20","Kokolo","Makala","3h","Origin_Zone_Resident","Origin_Zone_Worker","Arret Bakayaou","All_modes","43"
"2020-05-20","Kokolo","Makala","3h","Origin_Zone_Resident","Origin_Zone_Worker","Avenue Kimbondo et Pierre Mulele","All_modes","33"
"2020-05-20","Kokolo","Makala","3h","Origin_Zone_Resident","Origin_Zone_Worker","BAYAKA","All_modes","26"
"2020-05-20","Kokolo","Makala","3h","Origin_Zone_Resident","Origin_Zone_Worker","Cinquantenaire","All_modes","26"
"2020-05-20","Kokolo","Makala","3h","Origin_Zone_Resident","Origin_Zone_Worker","Inga","All_modes","50"
"2020-05-20","Kokolo","Makala","3h","Origin_Zone_Resident","Origin_Zone_Worker","ZoneGlobale","All_modes","163"
"2020-05-20","Kokolo","Maluku I","1h","Study_Zone_Resident","Study_Zone_Worker","Arret Station Centre Superieur","All_modes","391"
"2020-05-20","Kokolo","Maluku I","1h","Study_Zone_Resident","Study_Zone_Worker","Avenue Kimbondo et Pierre Mulele","All_modes","391"
"2020-05-20","Kokolo","Maluku I","1h","Study_Zone_Resident","Study_Zone_Worker","Clinique Universitaire Kinshasa","All_modes","391"
"2020-05-20","Kokolo","Maluku I","1h","Study_Zone_Resident","Study_Zone_Worker","Inga","All_modes","400"
"2020-05-20","Kokolo","Maluku I","1h","Study_Zone_Resident","Study_Zone_Worker","Kin marché Binza","All_modes","391"
"2020-05-20","Kokolo","Maluku I","1h","Study_Zone_Resident","Study_Zone_Worker","Marché selembao","All_modes","391"
"2020-05-20","Kokolo","Maluku I","1h","Study_Zone_Resident","Study_Zone_Worker","ZoneGlobale","All_modes","443"
"2020-05-20","Kokolo","Maluku I","1h","Origin_Zone_Resident","Origin_Zone_Worker","Avenue Kimbondo et Pierre Mulele","All_modes","25"
"2020-05-20","Kokolo","Maluku I","1h","Origin_Zone_Resident","Origin_Zone_Worker","Cinquantenaire","All_modes","25"
"2020-05-20","Kokolo","Maluku I","1h","Origin_Zone_Resident","Origin_Zone_Worker","Inga","All_modes","33"
"2020-05-20","Kokolo","Maluku I","1h","Origin_Zone_Resident","Origin_Zone_Worker","Marché Moulaert ou Marché Lumumba","All_modes","25"
"2020-05-20","Kokolo","Maluku I","1h","Origin_Zone_Resident","Origin_Zone_Worker","ZoneGlobale","All_modes","76"
"2020-05-20","Kokolo","Maluku I","3h","Outside_Resident","Outside_Worker","ZoneGlobale","All_modes","25"
"2020-05-20","Kokolo","Maluku I","3h","Study_Zone_Resident","Study_Zone_Worker","ZoneGlobale","All_modes","35"
"2020-05-20","Kokolo","Maluku I","3h","Origin_Zone_Resident","Origin_Zone_Worker","Avenue Kimbondo et Pierre Mulele","All_modes","26"
"2020-05-20","Kokolo","Maluku I","3h","Origin_Zone_Resident","Origin_Zone_Worker","Inga","All_modes","43"
"2020-05-20","Kokolo","Maluku I","3h","Origin_Zone_Resident","Origin_Zone_Worker","ZoneGlobale","All_modes","94"
"2020-05-20","Kokolo","Masa","1h","Study_Zone_Resident","Study_Zone_Worker","ZoneGlobale","All_modes","26"
"2020-05-20","Kokolo","Masina I","1h","Destination_Zone_Resident","Destination_Zone_Worker","ZoneGlobale","All_modes","26"
"2020-05-20","Kokolo","Masina I","3h","Outside_Resident","Origin_Zone_Worker","ZoneGlobale","All_modes","25"
"2020-05-20","Kokolo","Masina I","3h","Destination_Zone_Resident","Destination_Zone_Worker","ZoneGlobale","All_modes","25"
"2020-05-20","Kokolo","Masina I","3h","Study_Zone_Resident","Outside_Worker","Arret Bakayaou","All_modes","34"
"2020-05-20","Kokolo","Masina I","3h","Study_Zone_Resident","Outside_Worker","ZoneGlobale","All_modes","34"
"2020-05-20","Kokolo","Masina I","3h","Origin_Zone_Resident","Origin_Zone_Worker","ZoneGlobale","All_modes","44"
"2020-05-20","Kokolo","Masina II","1h","Outside_Resident","Outside_Worker","ZoneGlobale","All_modes","60"
"2020-05-20","Kokolo","Masina II","1h","Destination_Zone_Resident","Destination_Zone_Worker","Arret Bakayaou","All_modes","25"
"2020-05-20","Kokolo","Masina II","1h","Destination_Zone_Resident","Destination_Zone_Worker","Communaute Evagelique La Presence de Dieu/ MASINA","All_modes","25"
"2020-05-20","Kokolo","Masina II","1h","Destination_Zone_Resident","Destination_Zone_Worker","Eglise de Jesus-Christ des saints des derniers jours","All_modes","25"
"2020-05-20","Kokolo","Masina II","1h","Destination_Zone_Resident","Destination_Zone_Worker","Ejcev Nouvelle Alliance Bima","All_modes","25"
"2020-05-20","Kokolo","Masina II","1h","Destination_Zone_Resident","Destination_Zone_Worker","ZoneGlobale","All_modes","86"
"2020-05-20","Kokolo","Masina II","1h","Study_Zone_Resident","Study_Zone_Worker","CREFM Eglise La Compassion","All_modes","25"
"2020-05-20","Kokolo","Masina II","1h","Study_Zone_Resident","Study_Zone_Worker","Marché de la Liberté","All_modes","42"
"2020-05-20","Kokolo","Masina II","1h","Study_Zone_Resident","Study_Zone_Worker","Marché de la liberté","All_modes","42"
"2020-05-20","Kokolo","Masina II","1h","Study_Zone_Resident","Study_Zone_Worker","ZoneGlobale","All_modes","85"
"2020-05-20","Kokolo","Masina II","1h","Origin_Zone_Resident","Origin_Zone_Worker","Eglise Source de vie","All_modes","25"
"2020-05-20","Kokolo","Masina II","1h","Origin_Zone_Resident","Origin_Zone_Worker","Eglise de Jesus-Christ des saints des derniers jours","All_modes","34"
"2020-05-20","Kokolo","Masina II","1h","Origin_Zone_Resident","Origin_Zone_Worker","Ejcev Nouvelle Alliance Bima","All_modes","34"
"2020-05-20","Kokolo","Masina II","1h","Origin_Zone_Resident","Origin_Zone_Worker","Hopital général de Kintambo","All_modes","25"
"2020-05-20","Kokolo","Masina II","1h","Origin_Zone_Resident","Origin_Zone_Worker","Inga","All_modes","25"
"2020-05-20","Kokolo","Masina II","1h","Origin_Zone_Resident","Origin_Zone_Worker","Paroisse Marie Auxiliatrice","All_modes","25"
"2020-05-20","Kokolo","Masina II","1h","Origin_Zone_Resident","Origin_Zone_Worker","ZoneGlobale","All_modes","68"
"2020-05-20","Kokolo","Masina II","3h","Outside_Resident","Outside_Worker","Shark Club","All_modes","38"
"2020-05-20","Kokolo","Masina II","3h","Outside_Resident","Outside_Worker","ZoneGlobale","All_modes","91"
"2020-05-20","Kokolo","Masina II","3h","Outside_Resident","Origin_Zone_Worker","ZoneGlobale","All_modes","25"
"2020-05-20","Kokolo","Masina II","3h","Destination_Zone_Resident","Outside_Worker","ZoneGlobale","All_modes","25"
"2020-05-20","Kokolo","Masina II","3h","Destination_Zone_Resident","Destination_Zone_Worker","Arret Bakayaou","All_modes","35"
"2020-05-20","Kokolo","Masina II","3h","Destination_Zone_Resident","Destination_Zone_Worker","Cinquantenaire","All_modes","52"
"2020-05-20","Kokolo","Masina II","3h","Destination_Zone_Resident","Destination_Zone_Worker","Inga","All_modes","27"
"2020-05-20","Kokolo","Masina II","3h","Destination_Zone_Resident","Destination_Zone_Worker","ZoneGlobale","All_modes","113"
"2020-05-20","Kokolo","Masina II","3h","Study_Zone_Resident","Destination_Zone_Worker","ZoneGlobale","All_modes","25"
"2020-05-20","Kokolo","Masina II","3h","Study_Zone_Resident","Study_Zone_Worker","ZoneGlobale","All_modes","51"
"2020-05-20","Kokolo","Masina II","3h","Origin_Zone_Resident","Study_Zone_Worker","ZoneGlobale","All_modes","25"
"2020-05-20","Kokolo","Masina II","3h","Origin_Zone_Resident","Origin_Zone_Worker","Avenue Kimbondo et Pierre Mulele","All_modes","25"
"2020-05-20","Kokolo","Masina II","3h","Origin_Zone_Resident","Origin_Zone_Worker","Cinquantenaire","All_modes","25"
"2020-05-20","Kokolo","Masina II","3h","Origin_Zone_Resident","Origin_Zone_Worker","Inga","All_modes","51"
"2020-05-20","Kokolo","Masina II","3h","Origin_Zone_Resident","Origin_Zone_Worker","Marché Moulaert ou Marché Lumumba","All_modes","26"
"2020-05-20","Kokolo","Masina II","3h","Origin_Zone_Resident","Origin_Zone_Worker","ZoneGlobale","All_modes","154"
"2020-05-20","Kokolo","Matete","1h","Outside_Resident","Outside_Worker","ZoneGlobale","All_modes","68"
"2020-05-20","Kokolo","Matete","1h","Destination_Zone_Resident","Destination_Zone_Worker","Arret Bakayaou","All_modes","25"
"2020-05-20","Kokolo","Matete","1h","Destination_Zone_Resident","Destination_Zone_Worker","CREFM Eglise La Compassion","All_modes","42"
"2020-05-20","Kokolo","Matete","1h","Destination_Zone_Resident","Destination_Zone_Worker","Centre Evangélique la Résurrection","All_modes","33"
"2020-05-20","Kokolo","Matete","1h","Destination_Zone_Resident","Destination_Zone_Worker","Centre Vijana","All_modes","33"
"2020-05-20","Kokolo","Matete","1h","Destination_Zone_Resident","Destination_Zone_Worker","Eglise de Jesus-Christ des saints des derniers jours","All_modes","25"
"2020-05-20","Kokolo","Matete","1h","Destination_Zone_Resident","Destination_Zone_Worker","Inga","All_modes","25"
"2020-05-20","Kokolo","Matete","1h","Destination_Zone_Resident","Destination_Zone_Worker","Marché Matete","All_modes","33"
"2020-05-20","Kokolo","Matete","1h","Destination_Zone_Resident","Destination_Zone_Worker","Marché Moulaert ou Marché Lumumba","All_modes","26"
"2020-05-20","Kokolo","Matete","1h","Destination_Zone_Resident","Destination_Zone_Worker","Ministere combat spirituel","All_modes","25"
"2020-05-20","Kokolo","Matete","1h","Destination_Zone_Resident","Destination_Zone_Worker","Pont Matete","All_modes","67"
"2020-05-20","Kokolo","Matete","1h","Destination_Zone_Resident","Destination_Zone_Worker","ZoneGlobale","All_modes","144"
"2020-05-20","Kokolo","Matete","1h","Study_Zone_Resident","Destination_Zone_Worker","ZoneGlobale","All_modes","25"
"2020-05-20","Kokolo","Matete","1h","Study_Zone_Resident","Study_Zone_Worker","Arret Bakayaou","All_modes","70"
"2020-05-20","Kokolo","Matete","1h","Study_Zone_Resident","Study_Zone_Worker","Arret Station Macampagne (ML)","All_modes","26"
"2020-05-20","Kokolo","Matete","1h","Study_Zone_Resident","Study_Zone_Worker","Arret Telecel Alingwa","All_modes","25"
"2020-05-20","Kokolo","Matete","1h","Study_Zone_Resident","Study_Zone_Worker","Arret moulard","All_modes","25"
"2020-05-20","Kokolo","Matete","1h","Study_Zone_Resident","Study_Zone_Worker","Avenue Kimbondo et Pierre Mulele","All_modes","33"
"2020-05-20","Kokolo","Matete","1h","Study_Zone_Resident","Study_Zone_Worker","CREFM Eglise La Compassion","All_modes","50"
"2020-05-20","Kokolo","Matete","1h","Study_Zone_Resident","Study_Zone_Worker","Centre Evangélique la Résurrection","All_modes","42"
"2020-05-20","Kokolo","Matete","1h","Study_Zone_Resident","Study_Zone_Worker","Chez Cactus","All_modes","25"
"2020-05-20","Kokolo","Matete","1h","Study_Zone_Resident","Study_Zone_Worker","Cinquantenaire","All_modes","50"
"2020-05-20","Kokolo","Matete","1h","Study_Zone_Resident","Study_Zone_Worker","Hôpital général de référence","All_modes","60"
"2020-05-20","Kokolo","Matete","1h","Study_Zone_Resident","Study_Zone_Worker","Inga","All_modes","66"
"2020-05-20","Kokolo","Matete","1h","Study_Zone_Resident","Study_Zone_Worker","Marché Matete","All_modes","52"
"2020-05-20","Kokolo","Matete","1h","Study_Zone_Resident","Study_Zone_Worker","Pont Matete","All_modes","51"
"2020-05-20","Kokolo","Matete","1h","Study_Zone_Resident","Study_Zone_Worker","ZoneGlobale","All_modes","178"
"2020-05-20","Kokolo","Matete","1h","Origin_Zone_Resident","Origin_Zone_Worker","Arret Bakayaou","All_modes","68"
"2020-05-20","Kokolo","Matete","1h","Origin_Zone_Resident","Origin_Zone_Worker","Arret Telecel Alingwa","All_modes","26"
"2020-05-20","Kokolo","Matete","1h","Origin_Zone_Resident","Origin_Zone_Worker","Avenue Kimbondo et Pierre Mulele","All_modes","58"
"2020-05-20","Kokolo","Matete","1h","Origin_Zone_Resident","Origin_Zone_Worker","CREFM Eglise La Compassion","All_modes","51"
"2020-05-20","Kokolo","Matete","1h","Origin_Zone_Resident","Origin_Zone_Worker","Centre Evangélique la Résurrection","All_modes","51"
"2020-05-20","Kokolo","Matete","1h","Origin_Zone_Resident","Origin_Zone_Worker","Cinquantenaire","All_modes","43"
"2020-05-20","Kokolo","Matete","1h","Origin_Zone_Resident","Origin_Zone_Worker","Hôpital général de référence","All_modes","34"
"2020-05-20","Kokolo","Matete","1h","Origin_Zone_Resident","Origin_Zone_Worker","Inga","All_modes","76"
"2020-05-20","Kokolo","Matete","1h","Origin_Zone_Resident","Origin_Zone_Worker","Marché Matete","All_modes","51"
"2020-05-20","Kokolo","Matete","1h","Origin_Zone_Resident","Origin_Zone_Worker","Marché Moulaert ou Marché Lumumba","All_modes","52"
"2020-05-20","Kokolo","Matete","1h","Origin_Zone_Resident","Origin_Zone_Worker","Moni-Shop","All_modes","26"
"2020-05-20","Kokolo","Matete","1h","Origin_Zone_Resident","Origin_Zone_Worker","Pont Matete","All_modes","76"
"2020-05-20","Kokolo","Matete","1h","Origin_Zone_Resident","Origin_Zone_Worker","ZoneGlobale","All_modes","189"
"2020-05-20","Kokolo","Matete","3h","Outside_Resident","Outside_Worker","ZoneGlobale","All_modes","24"
"2020-05-20","Kokolo","Matete","3h","Destination_Zone_Resident","Destination_Zone_Worker","Pont Matete","All_modes","32"
"2020-05-20","Kokolo","Matete","3h","Destination_Zone_Resident","Destination_Zone_Worker","ZoneGlobale","All_modes","118"
"2020-05-20","Kokolo","Matete","3h","Destination_Zone_Resident","Origin_Zone_Worker","ZoneGlobale","All_modes","24"
"2020-05-20","Kokolo","Matete","3h","Study_Zone_Resident","Study_Zone_Worker","ZoneGlobale","All_modes","69"
"2020-05-20","Kokolo","Matete","3h","Origin_Zone_Resident","Destination_Zone_Worker","ZoneGlobale","All_modes","26"
"2020-05-20","Kokolo","Matete","3h","Origin_Zone_Resident","Origin_Zone_Worker","Avenue Kimbondo et Pierre Mulele","All_modes","33"
"2020-05-20","Kokolo","Matete","3h","Origin_Zone_Resident","Origin_Zone_Worker","Cinquantenaire","All_modes","43"
"2020-05-20","Kokolo","Matete","3h","Origin_Zone_Resident","Origin_Zone_Worker","Inga","All_modes","42"
"2020-05-20","Kokolo","Matete","3h","Origin_Zone_Resident","Origin_Zone_Worker","Marché Moulaert ou Marché Lumumba","All_modes","26"
"2020-05-20","Kokolo","Matete","3h","Origin_Zone_Resident","Origin_Zone_Worker","ZoneGlobale","All_modes","223"
"2020-05-20","Kokolo","Mont Ngafula I","1h","Outside_Resident","Outside_Worker","ZoneGlobale","All_modes","25"
"2020-05-20","Kokolo","Mont Ngafula I","1h","Destination_Zone_Resident","Destination_Zone_Worker","Cimetière sans fil","All_modes","33"
"2020-05-20","Kokolo","Mont Ngafula I","1h","Destination_Zone_Resident","Destination_Zone_Worker","Inga","All_modes","25"
"2020-05-20","Kokolo","Mont Ngafula I","1h","Destination_Zone_Resident","Destination_Zone_Worker","Kin marché (UNP)","All_modes","25"
"2020-05-20","Kokolo","Mont Ngafula I","1h","Destination_Zone_Resident","Destination_Zone_Worker","ZoneGlobale","All_modes","101"
"2020-05-20","Kokolo","Mont Ngafula I","1h","Study_Zone_Resident","Study_Zone_Worker","Arret Telecel Alingwa","All_modes","25"
"2020-05-20","Kokolo","Mont Ngafula I","1h","Study_Zone_Resident","Study_Zone_Worker","Avenue Kimbondo et Pierre Mulele","All_modes","25"
"2020-05-20","Kokolo","Mont Ngafula I","1h","Study_Zone_Resident","Study_Zone_Worker","Clinique Universitaire Kinshasa","All_modes","33"
"2020-05-20","Kokolo","Mont Ngafula I","1h","Study_Zone_Resident","Study_Zone_Worker","Inga","All_modes","34"
"2020-05-20","Kokolo","Mont Ngafula I","1h","Study_Zone_Resident","Study_Zone_Worker","Moni-Shop","All_modes","42"
"2020-05-20","Kokolo","Mont Ngafula I","1h","Study_Zone_Resident","Study_Zone_Worker","ZoneGlobale","All_modes","85"
"2020-05-20","Kokolo","Mont Ngafula I","1h","Origin_Zone_Resident","Destination_Zone_Worker","ZoneGlobale","All_modes","26"
"2020-05-20","Kokolo","Mont Ngafula I","1h","Origin_Zone_Resident","Origin_Zone_Worker","Arret Bakayaou","All_modes","41"
"2020-05-20","Kokolo","Mont Ngafula I","1h","Origin_Zone_Resident","Origin_Zone_Worker","Avenue Kimbondo et Pierre Mulele","All_modes","59"
"2020-05-20","Kokolo","Mont Ngafula I","1h","Origin_Zone_Resident","Origin_Zone_Worker","Clinique Universitaire Kinshasa","All_modes","26"
"2020-05-20","Kokolo","Mont Ngafula I","1h","Origin_Zone_Resident","Origin_Zone_Worker","Inga","All_modes","59"
"2020-05-20","Kokolo","Mont Ngafula I","1h","Origin_Zone_Resident","Origin_Zone_Worker","ZoneGlobale","All_modes","118"
"2020-05-20","Kokolo","Mont Ngafula I","3h","Outside_Resident","Outside_Worker","ZoneGlobale","All_modes","43"
"2020-05-20","Kokolo","Mont Ngafula I","3h","Outside_Resident","Origin_Zone_Worker","ZoneGlobale","All_modes","25"
"2020-05-20","Kokolo","Mont Ngafula I","3h","Destination_Zone_Resident","Destination_Zone_Worker","Arret Telecel Alingwa","All_modes","25"
"2020-05-20","Kokolo","Mont Ngafula I","3h","Destination_Zone_Resident","Destination_Zone_Worker","Cimetière sans fil","All_modes","42"
"2020-05-20","Kokolo","Mont Ngafula I","3h","Destination_Zone_Resident","Destination_Zone_Worker","Cinquantenaire","All_modes","25"
"2020-05-20","Kokolo","Mont Ngafula I","3h","Destination_Zone_Resident","Destination_Zone_Worker","Inga","All_modes","34"
"2020-05-20","Kokolo","Mont Ngafula I","3h","Destination_Zone_Resident","Destination_Zone_Worker","Moni-Shop","All_modes","25"
"2020-05-20","Kokolo","Mont Ngafula I","3h","Destination_Zone_Resident","Destination_Zone_Worker","ZoneGlobale","All_modes","93"
"2020-05-20","Kokolo","Mont Ngafula I","3h","Study_Zone_Resident","Study_Zone_Worker","Cinquantenaire","All_modes","33"
"2020-05-20","Kokolo","Mont Ngafula I","3h","Study_Zone_Resident","Study_Zone_Worker","ZoneGlobale","All_modes","85"
"2020-05-20","Kokolo","Mont Ngafula I","3h","Origin_Zone_Resident","Origin_Zone_Worker","Arret Bakayaou","All_modes","33"
"2020-05-20","Kokolo","Mont Ngafula I","3h","Origin_Zone_Resident","Origin_Zone_Worker","Avenue Kimbondo et Pierre Mulele","All_modes","25"
"2020-05-20","Kokolo","Mont Ngafula I","3h","Origin_Zone_Resident","Origin_Zone_Worker","Inga","All_modes","25"
"2020-05-20","Kokolo","Mont Ngafula I","3h","Origin_Zone_Resident","Origin_Zone_Worker","Marché Moulaert ou Marché Lumumba","All_modes","34"
"2020-05-20","Kokolo","Mont Ngafula I","3h","Origin_Zone_Resident","Origin_Zone_Worker","ZoneGlobale","All_modes","137"
"2020-05-20","Kokolo","Mont Ngafula II","1h","Outside_Resident","Outside_Worker","Arret moulard","All_modes","26"
"2020-05-20","Kokolo","Mont Ngafula II","1h","Outside_Resident","Outside_Worker","Marché Moulaert ou Marché Lumumba","All_modes","26"
"2020-05-20","Kokolo","Mont Ngafula II","1h","Outside_Resident","Outside_Worker","Mbudi Nature","All_modes","26"
"2020-05-20","Kokolo","Mont Ngafula II","1h","Outside_Resident","Outside_Worker","Safricas","All_modes","26"
"2020-05-20","Kokolo","Mont Ngafula II","1h","Outside_Resident","Outside_Worker","ZoneGlobale","All_modes","93"
"2020-05-20","Kokolo","Mont Ngafula II","1h","Outside_Resident","Destination_Zone_Worker","ZoneGlobale","All_modes","42"
"2020-05-20","Kokolo","Mont Ngafula II","1h","Outside_Resident","Origin_Zone_Worker","ZoneGlobale","All_modes","35"
"2020-05-20","Kokolo","Mont Ngafula II","1h","Destination_Zone_Resident","Destination_Zone_Worker","Arret Bakayaou","All_modes","50"
"2020-05-20","Kokolo","Mont Ngafula II","1h","Destination_Zone_Resident","Destination_Zone_Worker","Arret Stade velodrome","All_modes","25"
"2020-05-20","Kokolo","Mont Ngafula II","1h","Destination_Zone_Resident","Destination_Zone_Worker","Avenue Kimbondo et Pierre Mulele","All_modes","41"
"2020-05-20","Kokolo","Mont Ngafula II","1h","Destination_Zone_Resident","Destination_Zone_Worker","Carrigres","All_modes","41"
"2020-05-20","Kokolo","Mont Ngafula II","1h","Destination_Zone_Resident","Destination_Zone_Worker","Cinquantenaire","All_modes","33"
"2020-05-20","Kokolo","Mont Ngafula II","1h","Destination_Zone_Resident","Destination_Zone_Worker","Inga","All_modes","33"
"2020-05-20","Kokolo","Mont Ngafula II","1h","Destination_Zone_Resident","Destination_Zone_Worker","Marché Moulaert ou Marché Lumumba","All_modes","24"
"2020-05-20","Kokolo","Mont Ngafula II","1h","Destination_Zone_Resident","Destination_Zone_Worker","Mbudi Nature","All_modes","26"
"2020-05-20","Kokolo","Mont Ngafula II","1h","Destination_Zone_Resident","Destination_Zone_Worker","Safricas","All_modes","26"
"2020-05-20","Kokolo","Mont Ngafula II","1h","Destination_Zone_Resident","Destination_Zone_Worker","ZoneGlobale","All_modes","204"
"2020-05-20","Kokolo","Mont Ngafula II","1h","Destination_Zone_Resident","Study_Zone_Worker","Marché Moulaert ou Marché Lumumba","All_modes","34"
"2020-05-20","Kokolo","Mont Ngafula II","1h","Destination_Zone_Resident","Study_Zone_Worker","ZoneGlobale","All_modes","68"
"2020-05-20","Kokolo","Mont Ngafula II","1h","Destination_Zone_Resident","Origin_Zone_Worker","ZoneGlobale","All_modes","32"
"2020-05-20","Kokolo","Mont Ngafula II","1h","Study_Zone_Resident","Destination_Zone_Worker","ZoneGlobale","All_modes","25"
"2020-05-20","Kokolo","Mont Ngafula II","1h","Study_Zone_Resident","Study_Zone_Worker","Arret Stade velodrome","All_modes","34"
"2020-05-20","Kokolo","Mont Ngafula II","1h","Study_Zone_Resident","Study_Zone_Worker","Cinquantenaire","All_modes","25"
"2020-05-20","Kokolo","Mont Ngafula II","1h","Study_Zone_Resident","Study_Zone_Worker","Le Balcon","All_modes","25"
"2020-05-20","Kokolo","Mont Ngafula II","1h","Study_Zone_Resident","Study_Zone_Worker","Stade Vélodrome","All_modes","26"
"2020-05-20","Kokolo","Mont Ngafula II","1h","Study_Zone_Resident","Study_Zone_Worker","Western Union CFC","All_modes","34"
"2020-05-20","Kokolo","Mont Ngafula II","1h","Study_Zone_Resident","Study_Zone_Worker","ZoneGlobale","All_modes","100"
"2020-05-20","Kokolo","Mont Ngafula II","1h","Origin_Zone_Resident","Origin_Zone_Worker","Arret Bakayaou","All_modes","60"
"2020-05-20","Kokolo","Mont Ngafula II","1h","Origin_Zone_Resident","Origin_Zone_Worker","Arret Telecel Alingwa","All_modes","33"
"2020-05-20","Kokolo","Mont Ngafula II","1h","Origin_Zone_Resident","Origin_Zone_Worker","Avenue Kimbondo et Pierre Mulele","All_modes","60"
"2020-05-20","Kokolo","Mont Ngafula II","1h","Origin_Zone_Resident","Origin_Zone_Worker","Carrigres","All_modes","51"
"2020-05-20","Kokolo","Mont Ngafula II","1h","Origin_Zone_Resident","Origin_Zone_Worker","Chez Cactus","All_modes","25"
"2020-05-20","Kokolo","Mont Ngafula II","1h","Origin_Zone_Resident","Origin_Zone_Worker","Cimetière Kimbanseke","All_modes","35"
"2020-05-20","Kokolo","Mont Ngafula II","1h","Origin_Zone_Resident","Origin_Zone_Worker","Cinquantenaire","All_modes","34"
"2020-05-20","Kokolo","Mont Ngafula II","1h","Origin_Zone_Resident","Origin_Zone_Worker","Inga","All_modes","68"
"2020-05-20","Kokolo","Mont Ngafula II","1h","Origin_Zone_Resident","Origin_Zone_Worker","Kinsuka","All_modes","25"
"2020-05-20","Kokolo","Mont Ngafula II","1h","Origin_Zone_Resident","Origin_Zone_Worker","Marché Moulaert ou Marché Lumumba","All_modes","33"
"2020-05-20","Kokolo","Mont Ngafula II","1h","Origin_Zone_Resident","Origin_Zone_Worker","Matadi Kibala","All_modes","35"
"2020-05-20","Kokolo","Mont Ngafula II","1h","Origin_Zone_Resident","Origin_Zone_Worker","Moni-Shop","All_modes","33"
"2020-05-20","Kokolo","Mont Ngafula II","1h","Origin_Zone_Resident","Origin_Zone_Worker","ZoneGlobale","All_modes","190"
"2020-05-20","Kokolo","Mont Ngafula II","3h","Outside_Resident","Outside_Worker","ZoneGlobale","All_modes","85"
"2020-05-20","Kokolo","Mont Ngafula II","3h","Outside_Resident","Study_Zone_Worker","Arret Bakayaou","All_modes","25"
"2020-05-20","Kokolo","Mont Ngafula II","3h","Outside_Resident","Study_Zone_Worker","ZoneGlobale","All_modes","25"
"2020-05-20","Kokolo","Mont Ngafula II","3h","Destination_Zone_Resident","Destination_Zone_Worker","Arret Bakayaou","All_modes","50"
"2020-05-20","Kokolo","Mont Ngafula II","3h","Destination_Zone_Resident","Destination_Zone_Worker","Avenue Kimbondo et Pierre Mulele","All_modes","25"
"2020-05-20","Kokolo","Mont Ngafula II","3h","Destination_Zone_Resident","Destination_Zone_Worker","Bar et Flat ABC","All_modes","33"
"2020-05-20","Kokolo","Mont Ngafula II","3h","Destination_Zone_Resident","Destination_Zone_Worker","Carrigres","All_modes","41"
"2020-05-20","Kokolo","Mont Ngafula II","3h","Destination_Zone_Resident","Destination_Zone_Worker","Chanic Chantier Naval","All_modes","25"
"2020-05-20","Kokolo","Mont Ngafula II","3h","Destination_Zone_Resident","Destination_Zone_Worker","Chez Bibi","All_modes","42"
"2020-05-20","Kokolo","Mont Ngafula II","3h","Destination_Zone_Resident","Destination_Zone_Worker","Cinquantenaire","All_modes","26"
"2020-05-20","Kokolo","Mont Ngafula II","3h","Destination_Zone_Resident","Destination_Zone_Worker","Facebook","All_modes","42"
"2020-05-20","Kokolo","Mont Ngafula II","3h","Destination_Zone_Resident","Destination_Zone_Worker","Hopital général de Kintambo","All_modes","33"
"2020-05-20","Kokolo","Mont Ngafula II","3h","Destination_Zone_Resident","Destination_Zone_Worker","Inga","All_modes","51"
"2020-05-20","Kokolo","Mont Ngafula II","3h","Destination_Zone_Resident","Destination_Zone_Worker","Kin Delicieux","All_modes","42"
"2020-05-20","Kokolo","Mont Ngafula II","3h","Destination_Zone_Resident","Destination_Zone_Worker","Kin marché","All_modes","42"
"2020-05-20","Kokolo","Mont Ngafula II","3h","Destination_Zone_Resident","Destination_Zone_Worker","Kjelsie","All_modes","24"
"2020-05-20","Kokolo","Mont Ngafula II","3h","Destination_Zone_Resident","Destination_Zone_Worker","Le Balcon","All_modes","51"
"2020-05-20","Kokolo","Mont Ngafula II","3h","Destination_Zone_Resident","Destination_Zone_Worker","Le Cadre","All_modes","42"
"2020-05-20","Kokolo","Mont Ngafula II","3h","Destination_Zone_Resident","Destination_Zone_Worker","Marché Moulaert ou Marché Lumumba","All_modes","25"
"2020-05-20","Kokolo","Mont Ngafula II","3h","Destination_Zone_Resident","Destination_Zone_Worker","Poste de Ngaliema","All_modes","25"
"2020-05-20","Kokolo","Mont Ngafula II","3h","Destination_Zone_Resident","Destination_Zone_Worker","Rond point Kintambo","All_modes","42"
"2020-05-20","Kokolo","Mont Ngafula II","3h","Destination_Zone_Resident","Destination_Zone_Worker","Rond point Kwado","All_modes","34"
"2020-05-20","Kokolo","Mont Ngafula II","3h","Destination_Zone_Resident","Destination_Zone_Worker","SK supermarché","All_modes","24"
"2020-05-20","Kokolo","Mont Ngafula II","3h","Destination_Zone_Resident","Destination_Zone_Worker","Symphonie des arts","All_modes","42"
"2020-05-20","Kokolo","Mont Ngafula II","3h","Destination_Zone_Resident","Destination_Zone_Worker","Waz Chicken","All_modes","51"
"2020-05-20","Kokolo","Mont Ngafula II","3h","Destination_Zone_Resident","Destination_Zone_Worker","ZoneGlobale","All_modes","229"
"2020-05-20","Kokolo","Mont Ngafula II","3h","Destination_Zone_Resident","Origin_Zone_Worker","Arret Bakayaou","All_modes","25"
"2020-05-20","Kokolo","Mont Ngafula II","3h","Destination_Zone_Resident","Origin_Zone_Worker","ZoneGlobale","All_modes","49"
"2020-05-20","Kokolo","Mont Ngafula II","3h","Study_Zone_Resident","Study_Zone_Worker","Cinquantenaire","All_modes","25"
"2020-05-20","Kokolo","Mont Ngafula II","3h","Study_Zone_Resident","Study_Zone_Worker","ZoneGlobale","All_modes","110"
"2020-05-20","Kokolo","Mont Ngafula II","3h","Origin_Zone_Resident","Study_Zone_Worker","ZoneGlobale","All_modes","60"
"2020-05-20","Kokolo","Mont Ngafula II","3h","Origin_Zone_Resident","Origin_Zone_Worker","Arret Bakayaou","All_modes","85"
"2020-05-20","Kokolo","Mont Ngafula II","3h","Origin_Zone_Resident","Origin_Zone_Worker","Arret Telecel Alingwa","All_modes","26"
"2020-05-20","Kokolo","Mont Ngafula II","3h","Origin_Zone_Resident","Origin_Zone_Worker","Avenue Kimbondo et Pierre Mulele","All_modes","88"
"2020-05-20","Kokolo","Mont Ngafula II","3h","Origin_Zone_Resident","Origin_Zone_Worker","Inga","All_modes","113"
"2020-05-20","Kokolo","Mont Ngafula II","3h","Origin_Zone_Resident","Origin_Zone_Worker","Marché Moulaert ou Marché Lumumba","All_modes","51"
"2020-05-20","Kokolo","Mont Ngafula II","3h","Origin_Zone_Resident","Origin_Zone_Worker","ZoneGlobale","All_modes","258"
"2020-05-20","Kokolo","Ndjili","1h","Outside_Resident","Outside_Worker","ZoneGlobale","All_modes","25"
"2020-05-20","Kokolo","Ndjili","1h","Outside_Resident","Study_Zone_Worker","ZoneGlobale","All_modes","26"
"2020-05-20","Kokolo","Ndjili","1h","Outside_Resident","Origin_Zone_Worker","ZoneGlobale","All_modes","27"
"2020-05-20","Kokolo","Ndjili","1h","Destination_Zone_Resident","Destination_Zone_Worker","Arret Bakayaou","All_modes","49"
"2020-05-20","Kokolo","Ndjili","1h","Destination_Zone_Resident","Destination_Zone_Worker","Cinquantenaire","All_modes","49"
"2020-05-20","Kokolo","Ndjili","1h","Destination_Zone_Resident","Destination_Zone_Worker","Hôpital de l'amitié SinoCongolaise","All_modes","34"
"2020-05-20","Kokolo","Ndjili","1h","Destination_Zone_Resident","Destination_Zone_Worker","Marché Mangobo","All_modes","33"
"2020-05-20","Kokolo","Ndjili","1h","Destination_Zone_Resident","Destination_Zone_Worker","Place sainte thérese","All_modes","50"
"2020-05-20","Kokolo","Ndjili","1h","Destination_Zone_Resident","Destination_Zone_Worker","Pont Matete","All_modes","33"
"2020-05-20","Kokolo","Ndjili","1h","Destination_Zone_Resident","Destination_Zone_Worker","ZoneGlobale","All_modes","159"
"2020-05-20","Kokolo","Ndjili","1h","Study_Zone_Resident","Destination_Zone_Worker","ZoneGlobale","All_modes","26"
"2020-05-20","Kokolo","Ndjili","1h","Study_Zone_Resident","Study_Zone_Worker","Communaute Evagelique La Presence de Dieu/ MASINA","All_modes","25"
"2020-05-20","Kokolo","Ndjili","1h","Study_Zone_Resident","Study_Zone_Worker","Marché Mangobo","All_modes","26"
"2020-05-20","Kokolo","Ndjili","1h","Study_Zone_Resident","Study_Zone_Worker","Place sainte thérese","All_modes","25"
"2020-05-20","Kokolo","Ndjili","1h","Study_Zone_Resident","Study_Zone_Worker","Pont Matete","All_modes","26"
"2020-05-20","Kokolo","Ndjili","1h","Study_Zone_Resident","Study_Zone_Worker","Quartier 1 (croissement Boulevard Lumumba)","All_modes","33"
"2020-05-20","Kokolo","Ndjili","1h","Study_Zone_Resident","Study_Zone_Worker","ZoneGlobale","All_modes","102"
"2020-05-20","Kokolo","Ndjili","1h","Origin_Zone_Resident","Origin_Zone_Worker","Arret Bakayaou","All_modes","59"
"2020-05-20","Kokolo","Ndjili","1h","Origin_Zone_Resident","Origin_Zone_Worker","Cinquantenaire","All_modes","25"
"2020-05-20","Kokolo","Ndjili","1h","Origin_Zone_Resident","Origin_Zone_Worker","Hôpital de l'amitié SinoCongolaise","All_modes","25"
"2020-05-20","Kokolo","Ndjili","1h","Origin_Zone_Resident","Origin_Zone_Worker","Inga","All_modes","50"
"2020-05-20","Kokolo","Ndjili","1h","Origin_Zone_Resident","Origin_Zone_Worker","Marché Mangobo","All_modes","25"
"2020-05-20","Kokolo","Ndjili","1h","Origin_Zone_Resident","Origin_Zone_Worker","Marché Moulaert ou Marché Lumumba","All_modes","25"
"2020-05-20","Kokolo","Ndjili","1h","Origin_Zone_Resident","Origin_Zone_Worker","ZoneGlobale","All_modes","127"
"2020-05-20","Kokolo","Ndjili","3h","Outside_Resident","Outside_Worker","Inga","All_modes","26"
"2020-05-20","Kokolo","Ndjili","3h","Outside_Resident","Outside_Worker","ZoneGlobale","All_modes","51"
"2020-05-20","Kokolo","Ndjili","3h","Outside_Resident","Study_Zone_Worker","ZoneGlobale","All_modes","34"
"2020-05-20","Kokolo","Ndjili","3h","Destination_Zone_Resident","Destination_Zone_Worker","Avenue Kimbondo et Pierre Mulele","All_modes","34"
"2020-05-20","Kokolo","Ndjili","3h","Destination_Zone_Resident","Destination_Zone_Worker","Cinquantenaire","All_modes","25"
"2020-05-20","Kokolo","Ndjili","3h","Destination_Zone_Resident","Destination_Zone_Worker","Inga","All_modes","34"
"2020-05-20","Kokolo","Ndjili","3h","Destination_Zone_Resident","Destination_Zone_Worker","ZoneGlobale","All_modes","84"
"2020-05-20","Kokolo","Ndjili","3h","Destination_Zone_Resident","Origin_Zone_Worker","ZoneGlobale","All_modes","33"
"2020-05-20","Kokolo","Ndjili","3h","Study_Zone_Resident","Study_Zone_Worker","ZoneGlobale","All_modes","68"
"2020-05-20","Kokolo","Ndjili","3h","Origin_Zone_Resident","Destination_Zone_Worker","ZoneGlobale","All_modes","43"
"2020-05-20","Kokolo","Ndjili","3h","Origin_Zone_Resident","Origin_Zone_Worker","Arret Bakayaou","All_modes","51"
"2020-05-20","Kokolo","Ndjili","3h","Origin_Zone_Resident","Origin_Zone_Worker","Avenue Kimbondo et Pierre Mulele","All_modes","34"
"2020-05-20","Kokolo","Ndjili","3h","Origin_Zone_Resident","Origin_Zone_Worker","Cinquantenaire","All_modes","25"
"2020-05-20","Kokolo","Ndjili","3h","Origin_Zone_Resident","Origin_Zone_Worker","Inga","All_modes","51"
"2020-05-20","Kokolo","Ndjili","3h","Origin_Zone_Resident","Origin_Zone_Worker","ZoneGlobale","All_modes","188"
"2020-05-20","Kokolo","Ngiri-Ngiri","1h","Outside_Resident","Outside_Worker","Arret Bakayaou","All_modes","72"
"2020-05-20","Kokolo","Ngiri-Ngiri","1h","Outside_Resident","Outside_Worker","Arret moulard","All_modes","157"
"2020-05-20","Kokolo","Ngiri-Ngiri","1h","Outside_Resident","Outside_Worker","Avenue Kimbondo et Pierre Mulele","All_modes","262"
"2020-05-20","Kokolo","Ngiri-Ngiri","1h","Outside_Resident","Outside_Worker","BAYAKA","All_modes","59"
"2020-05-20","Kokolo","Ngiri-Ngiri","1h","Outside_Resident","Outside_Worker","Chanic Chantier Naval","All_modes","39"
"2020-05-20","Kokolo","Ngiri-Ngiri","1h","Outside_Resident","Outside_Worker","Chez Cactus","All_modes","39"
"2020-05-20","Kokolo","Ngiri-Ngiri","1h","Outside_Resident","Outside_Worker","Cinquantenaire","All_modes","132"
"2020-05-20","Kokolo","Ngiri-Ngiri","1h","Outside_Resident","Outside_Worker","INBTP","All_modes","39"
"2020-05-20","Kokolo","Ngiri-Ngiri","1h","Outside_Resident","Outside_Worker","Inga","All_modes","310"
"2020-05-20","Kokolo","Ngiri-Ngiri","1h","Outside_Resident","Outside_Worker","Kin Delicieux","All_modes","39"
"2020-05-20","Kokolo","Ngiri-Ngiri","1h","Outside_Resident","Outside_Worker","Kin marché","All_modes","39"
"2020-05-20","Kokolo","Ngiri-Ngiri","1h","Outside_Resident","Outside_Worker","Maison communale de Ngaliema","All_modes","39"
"2020-05-20","Kokolo","Ngiri-Ngiri","1h","Outside_Resident","Outside_Worker","Mango","All_modes","39"
"2020-05-20","Kokolo","Ngiri-Ngiri","1h","Outside_Resident","Outside_Worker","Marché Moulaert ou Marché Lumumba","All_modes","250"
"2020-05-20","Kokolo","Ngiri-Ngiri","1h","Outside_Resident","Outside_Worker","Parc Mont Ngaliema","All_modes","39"
"2020-05-20","Kokolo","Ngiri-Ngiri","1h","Outside_Resident","Outside_Worker","Poste de Ngaliema","All_modes","39"
"2020-05-20","Kokolo","Ngiri-Ngiri","1h","Outside_Resident","Outside_Worker","Symphonie des arts","All_modes","39"
"2020-05-20","Kokolo","Ngiri-Ngiri","1h","Outside_Resident","Outside_Worker","UNHCR","All_modes","39"
"2020-05-20","Kokolo","Ngiri-Ngiri","1h","Outside_Resident","Outside_Worker","ZoneGlobale","All_modes","555"
"2020-05-20","Kokolo","Ngiri-Ngiri","1h","Outside_Resident","Destination_Zone_Worker","Arret moulard","All_modes","43"
"2020-05-20","Kokolo","Ngiri-Ngiri","1h","Outside_Resident","Destination_Zone_Worker","Avenue Kimbondo et Pierre Mulele","All_modes","60"
"2020-05-20","Kokolo","Ngiri-Ngiri","1h","Outside_Resident","Destination_Zone_Worker","BAYAKA","All_modes","34"
"2020-05-20","Kokolo","Ngiri-Ngiri","1h","Outside_Resident","Destination_Zone_Worker","Inga","All_modes","77"
"2020-05-20","Kokolo","Ngiri-Ngiri","1h","Outside_Resident","Destination_Zone_Worker","Marché Moulaert ou Marché Lumumba","All_modes","78"
"2020-05-20","Kokolo","Ngiri-Ngiri","1h","Outside_Resident","Destination_Zone_Worker","ZoneGlobale","All_modes","189"
"2020-05-20","Kokolo","Ngiri-Ngiri","1h","Outside_Resident","Study_Zone_Worker","Arret Bakayaou","All_modes","26"
"2020-05-20","Kokolo","Ngiri-Ngiri","1h","Outside_Resident","Study_Zone_Worker","Avenue Kimbondo et Pierre Mulele","All_modes","43"
"2020-05-20","Kokolo","Ngiri-Ngiri","1h","Outside_Resident","Study_Zone_Worker","BAYAKA","All_modes","26"
"2020-05-20","Kokolo","Ngiri-Ngiri","1h","Outside_Resident","Study_Zone_Worker","Inga","All_modes","61"
"2020-05-20","Kokolo","Ngiri-Ngiri","1h","Outside_Resident","Study_Zone_Worker","Marché Moulaert ou Marché Lumumba","All_modes","25"
"2020-05-20","Kokolo","Ngiri-Ngiri","1h","Outside_Resident","Study_Zone_Worker","ZoneGlobale","All_modes","122"
"2020-05-20","Kokolo","Ngiri-Ngiri","1h","Outside_Resident","Origin_Zone_Worker","Arret Bakayaou","All_modes","691"
"2020-05-20","Kokolo","Ngiri-Ngiri","1h","Outside_Resident","Origin_Zone_Worker","Arret moulard","All_modes","43"
"2020-05-20","Kokolo","Ngiri-Ngiri","1h","Outside_Resident","Origin_Zone_Worker","Avenue Kimbondo et Pierre Mulele","All_modes","50"
"2020-05-20","Kokolo","Ngiri-Ngiri","1h","Outside_Resident","Origin_Zone_Worker","BAYAKA","All_modes","367"
"2020-05-20","Kokolo","Ngiri-Ngiri","1h","Outside_Resident","Origin_Zone_Worker","Cinquantenaire","All_modes","375"
"2020-05-20","Kokolo","Ngiri-Ngiri","1h","Outside_Resident","Origin_Zone_Worker","Hopital général de Kintambo","All_modes","358"
"2020-05-20","Kokolo","Ngiri-Ngiri","1h","Outside_Resident","Origin_Zone_Worker","Inga","All_modes","85"
"2020-05-20","Kokolo","Ngiri-Ngiri","1h","Outside_Resident","Origin_Zone_Worker","Marché Moulaert ou Marché Lumumba","All_modes","69"
"2020-05-20","Kokolo","Ngiri-Ngiri","1h","Outside_Resident","Origin_Zone_Worker","ZoneGlobale","All_modes","820"
"2020-05-20","Kokolo","Ngiri-Ngiri","1h","Destination_Zone_Resident","Outside_Worker","Arret Bakayaou","All_modes","25"
"2020-05-20","Kokolo","Ngiri-Ngiri","1h","Destination_Zone_Resident","Outside_Worker","Arret moulard","All_modes","25"
"2020-05-20","Kokolo","Ngiri-Ngiri","1h","Destination_Zone_Resident","Outside_Worker","Avenue Kimbondo et Pierre Mulele","All_modes","42"
"2020-05-20","Kokolo","Ngiri-Ngiri","1h","Destination_Zone_Resident","Outside_Worker","Cinquantenaire","All_modes","33"
"2020-05-20","Kokolo","Ngiri-Ngiri","1h","Destination_Zone_Resident","Outside_Worker","Inga","All_modes","42"
"2020-05-20","Kokolo","Ngiri-Ngiri","1h","Destination_Zone_Resident","Outside_Worker","Marché Moulaert ou Marché Lumumba","All_modes","42"
"2020-05-20","Kokolo","Ngiri-Ngiri","1h","Destination_Zone_Resident","Outside_Worker","ZoneGlobale","All_modes","102"
"2020-05-20","Kokolo","Ngiri-Ngiri","1h","Destination_Zone_Resident","Destination_Zone_Worker","Arret Bakayaou","All_modes","504"
"2020-05-20","Kokolo","Ngiri-Ngiri","1h","Destination_Zone_Resident","Destination_Zone_Worker","Arret Camp Babylone","All_modes","42"
"2020-05-20","Kokolo","Ngiri-Ngiri","1h","Destination_Zone_Resident","Destination_Zone_Worker","Arret Centre hospitalier de Kintambo","All_modes","43"
"2020-05-20","Kokolo","Ngiri-Ngiri","1h","Destination_Zone_Resident","Destination_Zone_Worker","Arret Stade velodrome","All_modes","34"
"2020-05-20","Kokolo","Ngiri-Ngiri","1h","Destination_Zone_Resident","Destination_Zone_Worker","Arret Station Macampagne (ML)","All_modes","27"
"2020-05-20","Kokolo","Ngiri-Ngiri","1h","Destination_Zone_Resident","Destination_Zone_Worker","Arret Telecel Alingwa","All_modes","70"
"2020-05-20","Kokolo","Ngiri-Ngiri","1h","Destination_Zone_Resident","Destination_Zone_Worker","Arret marylene","All_modes","42"
"2020-05-20","Kokolo","Ngiri-Ngiri","1h","Destination_Zone_Resident","Destination_Zone_Worker","Arret moulard","All_modes","1096"
"2020-05-20","Kokolo","Ngiri-Ngiri","1h","Destination_Zone_Resident","Destination_Zone_Worker","Avenue Kimbondo et Pierre Mulele","All_modes","1552"
"2020-05-20","Kokolo","Ngiri-Ngiri","1h","Destination_Zone_Resident","Destination_Zone_Worker","Avenue kalembelembe et Pierre Mulele (ASSANEF)","All_modes","41"
"2020-05-20","Kokolo","Ngiri-Ngiri","1h","Destination_Zone_Resident","Destination_Zone_Worker","BAYAKA","All_modes","565"
"2020-05-20","Kokolo","Ngiri-Ngiri","1h","Destination_Zone_Resident","Destination_Zone_Worker","Bar et Flat ABC","All_modes","43"
"2020-05-20","Kokolo","Ngiri-Ngiri","1h","Destination_Zone_Resident","Destination_Zone_Worker","Chez Bibi","All_modes","25"
"2020-05-20","Kokolo","Ngiri-Ngiri","1h","Destination_Zone_Resident","Destination_Zone_Worker","Cinquantenaire","All_modes","498"
"2020-05-20","Kokolo","Ngiri-Ngiri","1h","Destination_Zone_Resident","Destination_Zone_Worker","DGRK","All_modes","25"
"2020-05-20","Kokolo","Ngiri-Ngiri","1h","Destination_Zone_Resident","Destination_Zone_Worker","Facebook","All_modes","25"
"2020-05-20","Kokolo","Ngiri-Ngiri","1h","Destination_Zone_Resident","Destination_Zone_Worker","Haute Cour Militaire","All_modes","25"
"2020-05-20","Kokolo","Ngiri-Ngiri","1h","Destination_Zone_Resident","Destination_Zone_Worker","Hopital général de Kintambo","All_modes","42"
"2020-05-20","Kokolo","Ngiri-Ngiri","1h","Destination_Zone_Resident","Destination_Zone_Worker","Hotel Selton","All_modes","25"
"2020-05-20","Kokolo","Ngiri-Ngiri","1h","Destination_Zone_Resident","Destination_Zone_Worker","Huillerie","All_modes","24"
"2020-05-20","Kokolo","Ngiri-Ngiri","1h","Destination_Zone_Resident","Destination_Zone_Worker","Inga","All_modes","1945"
"2020-05-20","Kokolo","Ngiri-Ngiri","1h","Destination_Zone_Resident","Destination_Zone_Worker","Kin Delicieux","All_modes","25"
"2020-05-20","Kokolo","Ngiri-Ngiri","1h","Destination_Zone_Resident","Destination_Zone_Worker","La Datcha","All_modes","25"
"2020-05-20","Kokolo","Ngiri-Ngiri","1h","Destination_Zone_Resident","Destination_Zone_Worker","Le Balcon","All_modes","25"
"2020-05-20","Kokolo","Ngiri-Ngiri","1h","Destination_Zone_Resident","Destination_Zone_Worker","Le Cactus","All_modes","25"
"2020-05-20","Kokolo","Ngiri-Ngiri","1h","Destination_Zone_Resident","Destination_Zone_Worker","Le Cadre","All_modes","25"
"2020-05-20","Kokolo","Ngiri-Ngiri","1h","Destination_Zone_Resident","Destination_Zone_Worker","Les retrouvailles","All_modes","34"
"2020-05-20","Kokolo","Ngiri-Ngiri","1h","Destination_Zone_Resident","Destination_Zone_Worker","Mango","All_modes","34"
"2020-05-20","Kokolo","Ngiri-Ngiri","1h","Destination_Zone_Resident","Destination_Zone_Worker","Marché Moulaert ou Marché Lumumba","All_modes","1615"
"2020-05-20","Kokolo","Ngiri-Ngiri","1h","Destination_Zone_Resident","Destination_Zone_Worker","Moni-Shop","All_modes","52"
"2020-05-20","Kokolo","Ngiri-Ngiri","1h","Destination_Zone_Resident","Destination_Zone_Worker","Nosy Cafee","All_modes","25"
"2020-05-20","Kokolo","Ngiri-Ngiri","1h","Destination_Zone_Resident","Destination_Zone_Worker","Rond point Kintambo","All_modes","25"
"2020-05-20","Kokolo","Ngiri-Ngiri","1h","Destination_Zone_Resident","Destination_Zone_Worker","Rond point Kwado","All_modes","34"
"2020-05-20","Kokolo","Ngiri-Ngiri","1h","Destination_Zone_Resident","Destination_Zone_Worker","Salle de fête de la Rotonde Binza","All_modes","33"
"2020-05-20","Kokolo","Ngiri-Ngiri","1h","Destination_Zone_Resident","Destination_Zone_Worker","St Joseph de Kinshasa","All_modes","25"
"2020-05-20","Kokolo","Ngiri-Ngiri","1h","Destination_Zone_Resident","Destination_Zone_Worker","Stade Vélodrome","All_modes","52"
"2020-05-20","Kokolo","Ngiri-Ngiri","1h","Destination_Zone_Resident","Destination_Zone_Worker","Symphonie des arts","All_modes","25"
"2020-05-20","Kokolo","Ngiri-Ngiri","1h","Destination_Zone_Resident","Destination_Zone_Worker","UNHCR","All_modes","25"
"2020-05-20","Kokolo","Ngiri-Ngiri","1h","Destination_Zone_Resident","Destination_Zone_Worker","Waz Chicken","All_modes","42"
"2020-05-20","Kokolo","Ngiri-Ngiri","1h","Destination_Zone_Resident","Destination_Zone_Worker","Wenze Muselu/Gambela","All_modes","325"
"2020-05-20","Kokolo","Ngiri-Ngiri","1h","Destination_Zone_Resident","Destination_Zone_Worker","ZoneGlobale","All_modes","3440"
"2020-05-20","Kokolo","Ngiri-Ngiri","1h","Destination_Zone_Resident","Study_Zone_Worker","Arret Bakayaou","All_modes","52"
"2020-05-20","Kokolo","Ngiri-Ngiri","1h","Destination_Zone_Resident","Study_Zone_Worker","Arret moulard","All_modes","68"
"2020-05-20","Kokolo","Ngiri-Ngiri","1h","Destination_Zone_Resident","Study_Zone_Worker","Avenue Kimbondo et Pierre Mulele","All_modes","94"
"2020-05-20","Kokolo","Ngiri-Ngiri","1h","Destination_Zone_Resident","Study_Zone_Worker","BAYAKA","All_modes","34"
"2020-05-20","Kokolo","Ngiri-Ngiri","1h","Destination_Zone_Resident","Study_Zone_Worker","Cinquantenaire","All_modes","34"
"2020-05-20","Kokolo","Ngiri-Ngiri","1h","Destination_Zone_Resident","Study_Zone_Worker","Inga","All_modes","101"
"2020-05-20","Kokolo","Ngiri-Ngiri","1h","Destination_Zone_Resident","Study_Zone_Worker","Marché Moulaert ou Marché Lumumba","All_modes","119"
"2020-05-20","Kokolo","Ngiri-Ngiri","1h","Destination_Zone_Resident","Study_Zone_Worker","Wenze Muselu/Gambela","All_modes","33"
"2020-05-20","Kokolo","Ngiri-Ngiri","1h","Destination_Zone_Resident","Study_Zone_Worker","ZoneGlobale","All_modes","188"
"2020-05-20","Kokolo","Ngiri-Ngiri","1h","Destination_Zone_Resident","Origin_Zone_Worker","Arret Bakayaou","All_modes","100"
"2020-05-20","Kokolo","Ngiri-Ngiri","1h","Destination_Zone_Resident","Origin_Zone_Worker","Arret Telecel Alingwa","All_modes","24"
"2020-05-20","Kokolo","Ngiri-Ngiri","1h","Destination_Zone_Resident","Origin_Zone_Worker","Arret moulard","All_modes","78"
"2020-05-20","Kokolo","Ngiri-Ngiri","1h","Destination_Zone_Resident","Origin_Zone_Worker","Avenue Kimbondo et Pierre Mulele","All_modes","205"
"2020-05-20","Kokolo","Ngiri-Ngiri","1h","Destination_Zone_Resident","Origin_Zone_Worker","BAYAKA","All_modes","75"
"2020-05-20","Kokolo","Ngiri-Ngiri","1h","Destination_Zone_Resident","Origin_Zone_Worker","Cinquantenaire","All_modes","35"
"2020-05-20","Kokolo","Ngiri-Ngiri","1h","Destination_Zone_Resident","Origin_Zone_Worker","Inga","All_modes","239"
"2020-05-20","Kokolo","Ngiri-Ngiri","1h","Destination_Zone_Resident","Origin_Zone_Worker","Marché Moulaert ou Marché Lumumba","All_modes","170"
"2020-05-20","Kokolo","Ngiri-Ngiri","1h","Destination_Zone_Resident","Origin_Zone_Worker","Moni-Shop","All_modes","24"
"2020-05-20","Kokolo","Ngiri-Ngiri","1h","Destination_Zone_Resident","Origin_Zone_Worker","Wenze Muselu/Gambela","All_modes","26"
"2020-05-20","Kokolo","Ngiri-Ngiri","1h","Destination_Zone_Resident","Origin_Zone_Worker","ZoneGlobale","All_modes","346"
"2020-05-20","Kokolo","Ngiri-Ngiri","1h","Study_Zone_Resident","Outside_Worker","Avenue Kimbondo et Pierre Mulele","All_modes","41"
"2020-05-20","Kokolo","Ngiri-Ngiri","1h","Study_Zone_Resident","Outside_Worker","Inga","All_modes","34"
"2020-05-20","Kokolo","Ngiri-Ngiri","1h","Study_Zone_Resident","Outside_Worker","Marché Moulaert ou Marché Lumumba","All_modes","33"
"2020-05-20","Kokolo","Ngiri-Ngiri","1h","Study_Zone_Resident","Outside_Worker","ZoneGlobale","All_modes","59"
"2020-05-20","Kokolo","Ngiri-Ngiri","1h","Study_Zone_Resident","Destination_Zone_Worker","Arret Bakayaou","All_modes","42"
"2020-05-20","Kokolo","Ngiri-Ngiri","1h","Study_Zone_Resident","Destination_Zone_Worker","Arret moulard","All_modes","103"
"2020-05-20","Kokolo","Ngiri-Ngiri","1h","Study_Zone_Resident","Destination_Zone_Worker","Avenue Kimbondo et Pierre Mulele","All_modes","77"
"2020-05-20","Kokolo","Ngiri-Ngiri","1h","Study_Zone_Resident","Destination_Zone_Worker","BAYAKA","All_modes","34"
"2020-05-20","Kokolo","Ngiri-Ngiri","1h","Study_Zone_Resident","Destination_Zone_Worker","Cinquantenaire","All_modes","25"
"2020-05-20","Kokolo","Ngiri-Ngiri","1h","Study_Zone_Resident","Destination_Zone_Worker","Inga","All_modes","120"
"2020-05-20","Kokolo","Ngiri-Ngiri","1h","Study_Zone_Resident","Destination_Zone_Worker","Marché Moulaert ou Marché Lumumba","All_modes","129"
"2020-05-20","Kokolo","Ngiri-Ngiri","1h","Study_Zone_Resident","Destination_Zone_Worker","Salle de fête de la Rotonde Binza","All_modes","25"
"2020-05-20","Kokolo","Ngiri-Ngiri","1h","Study_Zone_Resident","Destination_Zone_Worker","Wenze Muselu/Gambela","All_modes","33"
"2020-05-20","Kokolo","Ngiri-Ngiri","1h","Study_Zone_Resident","Destination_Zone_Worker","ZoneGlobale","All_modes","239"
"2020-05-20","Kokolo","Ngiri-Ngiri","1h","Study_Zone_Resident","Study_Zone_Worker","Arret Bakayaou","All_modes","366"
"2020-05-20","Kokolo","Ngiri-Ngiri","1h","Study_Zone_Resident","Study_Zone_Worker","Arret Camp Babylone","All_modes","25"
"2020-05-20","Kokolo","Ngiri-Ngiri","1h","Study_Zone_Resident","Study_Zone_Worker","Arret Centre hospitalier de Kintambo","All_modes","59"
"2020-05-20","Kokolo","Ngiri-Ngiri","1h","Study_Zone_Resident","Study_Zone_Worker","Arret Stade velodrome","All_modes","67"
"2020-05-20","Kokolo","Ngiri-Ngiri","1h","Study_Zone_Resident","Study_Zone_Worker","Arret Station Macampagne (ML)","All_modes","75"
"2020-05-20","Kokolo","Ngiri-Ngiri","1h","Study_Zone_Resident","Study_Zone_Worker","Arret Telecel Alingwa","All_modes","126"
"2020-05-20","Kokolo","Ngiri-Ngiri","1h","Study_Zone_Resident","Study_Zone_Worker","Arret marylene","All_modes","25"
"2020-05-20","Kokolo","Ngiri-Ngiri","1h","Study_Zone_Resident","Study_Zone_Worker","Arret moulard","All_modes","335"
"2020-05-20","Kokolo","Ngiri-Ngiri","1h","Study_Zone_Resident","Study_Zone_Worker","Avenue Kimbondo et Pierre Mulele","All_modes","656"
"2020-05-20","Kokolo","Ngiri-Ngiri","1h","Study_Zone_Resident","Study_Zone_Worker","BAYAKA","All_modes","221"
"2020-05-20","Kokolo","Ngiri-Ngiri","1h","Study_Zone_Resident","Study_Zone_Worker","Bar et Flat ABC","All_modes","50"
"2020-05-20","Kokolo","Ngiri-Ngiri","1h","Study_Zone_Resident","Study_Zone_Worker","Bienvenue","All_modes","25"
"2020-05-20","Kokolo","Ngiri-Ngiri","1h","Study_Zone_Resident","Study_Zone_Worker","Binza Arret Maternite","All_modes","25"
"2020-05-20","Kokolo","Ngiri-Ngiri","1h","Study_Zone_Resident","Study_Zone_Worker","CREFM Eglise La Compassion","All_modes","25"
"2020-05-20","Kokolo","Ngiri-Ngiri","1h","Study_Zone_Resident","Study_Zone_Worker","Centre Monkole","All_modes","35"
"2020-05-20","Kokolo","Ngiri-Ngiri","1h","Study_Zone_Resident","Study_Zone_Worker","Chez Bibi","All_modes","26"
"2020-05-20","Kokolo","Ngiri-Ngiri","1h","Study_Zone_Resident","Study_Zone_Worker","Cinquantenaire","All_modes","331"
"2020-05-20","Kokolo","Ngiri-Ngiri","1h","Study_Zone_Resident","Study_Zone_Worker","ECC/CEC/BUMBU","All_modes","26"
"2020-05-20","Kokolo","Ngiri-Ngiri","1h","Study_Zone_Resident","Study_Zone_Worker","Facebook","All_modes","43"
"2020-05-20","Kokolo","Ngiri-Ngiri","1h","Study_Zone_Resident","Study_Zone_Worker","Food Market Macampagne","All_modes","26"
"2020-05-20","Kokolo","Ngiri-Ngiri","1h","Study_Zone_Resident","Study_Zone_Worker","Gabriella","All_modes","33"
"2020-05-20","Kokolo","Ngiri-Ngiri","1h","Study_Zone_Resident","Study_Zone_Worker","Hopital général de Kintambo","All_modes","59"
"2020-05-20","Kokolo","Ngiri-Ngiri","1h","Study_Zone_Resident","Study_Zone_Worker","Inga","All_modes","725"
"2020-05-20","Kokolo","Ngiri-Ngiri","1h","Study_Zone_Resident","Study_Zone_Worker","La villa Hesbaye","All_modes","26"
"2020-05-20","Kokolo","Ngiri-Ngiri","1h","Study_Zone_Resident","Study_Zone_Worker","Le Balcon","All_modes","51"
"2020-05-20","Kokolo","Ngiri-Ngiri","1h","Study_Zone_Resident","Study_Zone_Worker","Le Cadre","All_modes","43"
"2020-05-20","Kokolo","Ngiri-Ngiri","1h","Study_Zone_Resident","Study_Zone_Worker","Les retrouvailles","All_modes","25"
"2020-05-20","Kokolo","Ngiri-Ngiri","1h","Study_Zone_Resident","Study_Zone_Worker","Marché Moulaert ou Marché Lumumba","All_modes","615"
"2020-05-20","Kokolo","Ngiri-Ngiri","1h","Study_Zone_Resident","Study_Zone_Worker","Marché selembao","All_modes","25"
"2020-05-20","Kokolo","Ngiri-Ngiri","1h","Study_Zone_Resident","Study_Zone_Worker","Moni-Shop","All_modes","118"
"2020-05-20","Kokolo","Ngiri-Ngiri","1h","Study_Zone_Resident","Study_Zone_Worker","Médecin sans frontière","All_modes","26"
"2020-05-20","Kokolo","Ngiri-Ngiri","1h","Study_Zone_Resident","Study_Zone_Worker","Place Commercial de limete (7 rue)","All_modes","42"
"2020-05-20","Kokolo","Ngiri-Ngiri","1h","Study_Zone_Resident","Study_Zone_Worker","Pont Matete","All_modes","34"
"2020-05-20","Kokolo","Ngiri-Ngiri","1h","Study_Zone_Resident","Study_Zone_Worker","Quartier 1 (croissement Boulevard Lumumba)","All_modes","69"
"2020-05-20","Kokolo","Ngiri-Ngiri","1h","Study_Zone_Resident","Study_Zone_Worker","Rond point Kintambo","All_modes","34"
"2020-05-20","Kokolo","Ngiri-Ngiri","1h","Study_Zone_Resident","Study_Zone_Worker","Rond point Kwado","All_modes","60"
"2020-05-20","Kokolo","Ngiri-Ngiri","1h","Study_Zone_Resident","Study_Zone_Worker","Saint Augustin de Lemba","All_modes","25"
"2020-05-20","Kokolo","Ngiri-Ngiri","1h","Study_Zone_Resident","Study_Zone_Worker","Salle de fête de la Rotonde Binza","All_modes","42"
"2020-05-20","Kokolo","Ngiri-Ngiri","1h","Study_Zone_Resident","Study_Zone_Worker","Stade Vélodrome","All_modes","68"
"2020-05-20","Kokolo","Ngiri-Ngiri","1h","Study_Zone_Resident","Study_Zone_Worker","Symphonie des arts","All_modes","25"
"2020-05-20","Kokolo","Ngiri-Ngiri","1h","Study_Zone_Resident","Study_Zone_Worker","Waz Chicken","All_modes","68"
"2020-05-20","Kokolo","Ngiri-Ngiri","1h","Study_Zone_Resident","Study_Zone_Worker","Wenze Muselu/Gambela","All_modes","162"
"2020-05-20","Kokolo","Ngiri-Ngiri","1h","Study_Zone_Resident","Study_Zone_Worker","Western Union CFC","All_modes","42"
"2020-05-20","Kokolo","Ngiri-Ngiri","1h","Study_Zone_Resident","Study_Zone_Worker","ZoneGlobale","All_modes","1298"
"2020-05-20","Kokolo","Ngiri-Ngiri","1h","Study_Zone_Resident","Origin_Zone_Worker","Arret Bakayaou","All_modes","94"
"2020-05-20","Kokolo","Ngiri-Ngiri","1h","Study_Zone_Resident","Origin_Zone_Worker","Arret Telecel Alingwa","All_modes","25"
"2020-05-20","Kokolo","Ngiri-Ngiri","1h","Study_Zone_Resident","Origin_Zone_Worker","Arret moulard","All_modes","85"
"2020-05-20","Kokolo","Ngiri-Ngiri","1h","Study_Zone_Resident","Origin_Zone_Worker","Avenue Kimbondo et Pierre Mulele","All_modes","127"
"2020-05-20","Kokolo","Ngiri-Ngiri","1h","Study_Zone_Resident","Origin_Zone_Worker","BAYAKA","All_modes","34"
"2020-05-20","Kokolo","Ngiri-Ngiri","1h","Study_Zone_Resident","Origin_Zone_Worker","Cinquantenaire","All_modes","75"
"2020-05-20","Kokolo","Ngiri-Ngiri","1h","Study_Zone_Resident","Origin_Zone_Worker","Hopital général de Kintambo","All_modes","33"
"2020-05-20","Kokolo","Ngiri-Ngiri","1h","Study_Zone_Resident","Origin_Zone_Worker","Inga","All_modes","143"
"2020-05-20","Kokolo","Ngiri-Ngiri","1h","Study_Zone_Resident","Origin_Zone_Worker","Marché Moulaert ou Marché Lumumba","All_modes","126"
"2020-05-20","Kokolo","Ngiri-Ngiri","1h","Study_Zone_Resident","Origin_Zone_Worker","Wenze Muselu/Gambela","All_modes","51"
"2020-05-20","Kokolo","Ngiri-Ngiri","1h","Study_Zone_Resident","Origin_Zone_Worker","ZoneGlobale","All_modes","236"
"2020-05-20","Kokolo","Ngiri-Ngiri","1h","Origin_Zone_Resident","Outside_Worker","Arret Bakayaou","All_modes","34"
"2020-05-20","Kokolo","Ngiri-Ngiri","1h","Origin_Zone_Resident","Outside_Worker","Avenue Kimbondo et Pierre Mulele","All_modes","68"
"2020-05-20","Kokolo","Ngiri-Ngiri","1h","Origin_Zone_Resident","Outside_Worker","Cinquantenaire","All_modes","25"
"2020-05-20","Kokolo","Ngiri-Ngiri","1h","Origin_Zone_Resident","Outside_Worker","Inga","All_modes","68"
"2020-05-20","Kokolo","Ngiri-Ngiri","1h","Origin_Zone_Resident","Outside_Worker","Marché Moulaert ou Marché Lumumba","All_modes","51"
"2020-05-20","Kokolo","Ngiri-Ngiri","1h","Origin_Zone_Resident","Outside_Worker","ZoneGlobale","All_modes","102"
"2020-05-20","Kokolo","Ngiri-Ngiri","1h","Origin_Zone_Resident","Destination_Zone_Worker","Arret Bakayaou","All_modes","111"
"2020-05-20","Kokolo","Ngiri-Ngiri","1h","Origin_Zone_Resident","Destination_Zone_Worker","Arret Telecel Alingwa","All_modes","37"
"2020-05-20","Kokolo","Ngiri-Ngiri","1h","Origin_Zone_Resident","Destination_Zone_Worker","Arret moulard","All_modes","136"
"2020-05-20","Kokolo","Ngiri-Ngiri","1h","Origin_Zone_Resident","Destination_Zone_Worker","Avenue Kimbondo et Pierre Mulele","All_modes","334"
"2020-05-20","Kokolo","Ngiri-Ngiri","1h","Origin_Zone_Resident","Destination_Zone_Worker","BAYAKA","All_modes","136"
"2020-05-20","Kokolo","Ngiri-Ngiri","1h","Origin_Zone_Resident","Destination_Zone_Worker","Cinquantenaire","All_modes","86"
"2020-05-20","Kokolo","Ngiri-Ngiri","1h","Origin_Zone_Resident","Destination_Zone_Worker","Inga","All_modes","483"
"2020-05-20","Kokolo","Ngiri-Ngiri","1h","Origin_Zone_Resident","Destination_Zone_Worker","Marché Moulaert ou Marché Lumumba","All_modes","223"
"2020-05-20","Kokolo","Ngiri-Ngiri","1h","Origin_Zone_Resident","Destination_Zone_Worker","Moni-Shop","All_modes","37"
"2020-05-20","Kokolo","Ngiri-Ngiri","1h","Origin_Zone_Resident","Destination_Zone_Worker","Wenze Muselu/Gambela","All_modes","25"
"2020-05-20","Kokolo","Ngiri-Ngiri","1h","Origin_Zone_Resident","Destination_Zone_Worker","ZoneGlobale","All_modes","707"
"2020-05-20","Kokolo","Ngiri-Ngiri","1h","Origin_Zone_Resident","Study_Zone_Worker","Arret Bakayaou","All_modes","25"
"2020-05-20","Kokolo","Ngiri-Ngiri","1h","Origin_Zone_Resident","Study_Zone_Worker","Arret Telecel Alingwa","All_modes","34"
"2020-05-20","Kokolo","Ngiri-Ngiri","1h","Origin_Zone_Resident","Study_Zone_Worker","Avenue Kimbondo et Pierre Mulele","All_modes","43"
"2020-05-20","Kokolo","Ngiri-Ngiri","1h","Origin_Zone_Resident","Study_Zone_Worker","BAYAKA","All_modes","34"
"2020-05-20","Kokolo","Ngiri-Ngiri","1h","Origin_Zone_Resident","Study_Zone_Worker","Inga","All_modes","77"
"2020-05-20","Kokolo","Ngiri-Ngiri","1h","Origin_Zone_Resident","Study_Zone_Worker","Moni-Shop","All_modes","43"
"2020-05-20","Kokolo","Ngiri-Ngiri","1h","Origin_Zone_Resident","Study_Zone_Worker","ZoneGlobale","All_modes","164"
"2020-05-20","Kokolo","Ngiri-Ngiri","1h","Origin_Zone_Resident","Origin_Zone_Worker","Arret Bakayaou","All_modes","981"
"2020-05-20","Kokolo","Ngiri-Ngiri","1h","Origin_Zone_Resident","Origin_Zone_Worker","Arret Station Macampagne (ML)","All_modes","76"
"2020-05-20","Kokolo","Ngiri-Ngiri","1h","Origin_Zone_Resident","Origin_Zone_Worker","Arret Telecel Alingwa","All_modes","161"
"2020-05-20","Kokolo","Ngiri-Ngiri","1h","Origin_Zone_Resident","Origin_Zone_Worker","Arret moulard","All_modes","831"
"2020-05-20","Kokolo","Ngiri-Ngiri","1h","Origin_Zone_Resident","Origin_Zone_Worker","Avenue Kimbondo et Pierre Mulele","All_modes","2152"
"2020-05-20","Kokolo","Ngiri-Ngiri","1h","Origin_Zone_Resident","Origin_Zone_Worker","BAYAKA","All_modes","591"
"2020-05-20","Kokolo","Ngiri-Ngiri","1h","Origin_Zone_Resident","Origin_Zone_Worker","Chez Cactus","All_modes","50"
"2020-05-20","Kokolo","Ngiri-Ngiri","1h","Origin_Zone_Resident","Origin_Zone_Worker","Cinquantenaire","All_modes","728"
"2020-05-20","Kokolo","Ngiri-Ngiri","1h","Origin_Zone_Resident","Origin_Zone_Worker","Eglise locale Cbfc Itaga","All_modes","25"
"2020-05-20","Kokolo","Ngiri-Ngiri","1h","Origin_Zone_Resident","Origin_Zone_Worker","Hopital général de Kintambo","All_modes","101"
"2020-05-20","Kokolo","Ngiri-Ngiri","1h","Origin_Zone_Resident","Origin_Zone_Worker","Huillerie","All_modes","29"
"2020-05-20","Kokolo","Ngiri-Ngiri","1h","Origin_Zone_Resident","Origin_Zone_Worker","Inga","All_modes","2596"
"2020-05-20","Kokolo","Ngiri-Ngiri","1h","Origin_Zone_Resident","Origin_Zone_Worker","Kintambo","All_modes","25"
"2020-05-20","Kokolo","Ngiri-Ngiri","1h","Origin_Zone_Resident","Origin_Zone_Worker","Le Cactus","All_modes","42"
"2020-05-20","Kokolo","Ngiri-Ngiri","1h","Origin_Zone_Resident","Origin_Zone_Worker","Marché Moulaert ou Marché Lumumba","All_modes","1596"
"2020-05-20","Kokolo","Ngiri-Ngiri","1h","Origin_Zone_Resident","Origin_Zone_Worker","Moni-Shop","All_modes","144"
"2020-05-20","Kokolo","Ngiri-Ngiri","1h","Origin_Zone_Resident","Origin_Zone_Worker","Salle de fête de la Rotonde Binza","All_modes","84"
"2020-05-20","Kokolo","Ngiri-Ngiri","1h","Origin_Zone_Resident","Origin_Zone_Worker","Stade Vélodrome","All_modes","33"
"2020-05-20","Kokolo","Ngiri-Ngiri","1h","Origin_Zone_Resident","Origin_Zone_Worker","Wenze Muselu/Gambela","All_modes","332"
"2020-05-20","Kokolo","Ngiri-Ngiri","1h","Origin_Zone_Resident","Origin_Zone_Worker","ZoneGlobale","All_modes","3626"
"2020-05-20","Kokolo","Ngiri-Ngiri","3h","Outside_Resident","Outside_Worker","Arret Bakayaou","All_modes","136"
"2020-05-20","Kokolo","Ngiri-Ngiri","3h","Outside_Resident","Outside_Worker","Arret moulard","All_modes","123"
"2020-05-20","Kokolo","Ngiri-Ngiri","3h","Outside_Resident","Outside_Worker","Avenue Kimbondo et Pierre Mulele","All_modes","251"
"2020-05-20","Kokolo","Ngiri-Ngiri","3h","Outside_Resident","Outside_Worker","Chanic Chantier Naval","All_modes","39"
"2020-05-20","Kokolo","Ngiri-Ngiri","3h","Outside_Resident","Outside_Worker","Chez Cactus","All_modes","73"
"2020-05-20","Kokolo","Ngiri-Ngiri","3h","Outside_Resident","Outside_Worker","Cinquantenaire","All_modes","142"
"2020-05-20","Kokolo","Ngiri-Ngiri","3h","Outside_Resident","Outside_Worker","INBTP","All_modes","39"
"2020-05-20","Kokolo","Ngiri-Ngiri","3h","Outside_Resident","Outside_Worker","Inga","All_modes","257"
"2020-05-20","Kokolo","Ngiri-Ngiri","3h","Outside_Resident","Outside_Worker","Kin Delicieux","All_modes","47"
"2020-05-20","Kokolo","Ngiri-Ngiri","3h","Outside_Resident","Outside_Worker","Kin marché","All_modes","47"
"2020-05-20","Kokolo","Ngiri-Ngiri","3h","Outside_Resident","Outside_Worker","Maison communale de Ngaliema","All_modes","39"
"2020-05-20","Kokolo","Ngiri-Ngiri","3h","Outside_Resident","Outside_Worker","Mango","All_modes","39"
"2020-05-20","Kokolo","Ngiri-Ngiri","3h","Outside_Resident","Outside_Worker","Marché Moulaert ou Marché Lumumba","All_modes","252"
"2020-05-20","Kokolo","Ngiri-Ngiri","3h","Outside_Resident","Outside_Worker","Parc Mont Ngaliema","All_modes","39"
"2020-05-20","Kokolo","Ngiri-Ngiri","3h","Outside_Resident","Outside_Worker","Poste de Ngaliema","All_modes","39"
"2020-05-20","Kokolo","Ngiri-Ngiri","3h","Outside_Resident","Outside_Worker","Symphonie des arts","All_modes","39"
"2020-05-20","Kokolo","Ngiri-Ngiri","3h","Outside_Resident","Outside_Worker","UNHCR","All_modes","39"
"2020-05-20","Kokolo","Ngiri-Ngiri","3h","Outside_Resident","Outside_Worker","ZoneGlobale","All_modes","821"
"2020-05-20","Kokolo","Ngiri-Ngiri","3h","Outside_Resident","Destination_Zone_Worker","Arret moulard","All_modes","43"
"2020-05-20","Kokolo","Ngiri-Ngiri","3h","Outside_Resident","Destination_Zone_Worker","Avenue Kimbondo et Pierre Mulele","All_modes","25"
"2020-05-20","Kokolo","Ngiri-Ngiri","3h","Outside_Resident","Destination_Zone_Worker","Inga","All_modes","33"
"2020-05-20","Kokolo","Ngiri-Ngiri","3h","Outside_Resident","Destination_Zone_Worker","Marché Moulaert ou Marché Lumumba","All_modes","85"
"2020-05-20","Kokolo","Ngiri-Ngiri","3h","Outside_Resident","Destination_Zone_Worker","ZoneGlobale","All_modes","196"
"2020-05-20","Kokolo","Ngiri-Ngiri","3h","Outside_Resident","Study_Zone_Worker","Arret moulard","All_modes","24"
"2020-05-20","Kokolo","Ngiri-Ngiri","3h","Outside_Resident","Study_Zone_Worker","Marché Moulaert ou Marché Lumumba","All_modes","42"
"2020-05-20","Kokolo","Ngiri-Ngiri","3h","Outside_Resident","Study_Zone_Worker","ZoneGlobale","All_modes","161"
"2020-05-20","Kokolo","Ngiri-Ngiri","3h","Outside_Resident","Origin_Zone_Worker","Arret Bakayaou","All_modes","629"
"2020-05-20","Kokolo","Ngiri-Ngiri","3h","Outside_Resident","Origin_Zone_Worker","Avenue Kimbondo et Pierre Mulele","All_modes","364"
"2020-05-20","Kokolo","Ngiri-Ngiri","3h","Outside_Resident","Origin_Zone_Worker","BAYAKA","All_modes","375"
"2020-05-20","Kokolo","Ngiri-Ngiri","3h","Outside_Resident","Origin_Zone_Worker","Cinquantenaire","All_modes","262"
"2020-05-20","Kokolo","Ngiri-Ngiri","3h","Outside_Resident","Origin_Zone_Worker","Eglise Francophone Ecole de Tyrannus","All_modes","228"
"2020-05-20","Kokolo","Ngiri-Ngiri","3h","Outside_Resident","Origin_Zone_Worker","Hopital général de Kintambo","All_modes","367"
"2020-05-20","Kokolo","Ngiri-Ngiri","3h","Outside_Resident","Origin_Zone_Worker","Inga","All_modes","364"
"2020-05-20","Kokolo","Ngiri-Ngiri","3h","Outside_Resident","Origin_Zone_Worker","Marché Moulaert ou Marché Lumumba","All_modes","313"
"2020-05-20","Kokolo","Ngiri-Ngiri","3h","Outside_Resident","Origin_Zone_Worker","ZoneGlobale","All_modes","868"
"2020-05-20","Kokolo","Ngiri-Ngiri","3h","Destination_Zone_Resident","Outside_Worker","Marché Moulaert ou Marché Lumumba","All_modes","25"
"2020-05-20","Kokolo","Ngiri-Ngiri","3h","Destination_Zone_Resident","Outside_Worker","ZoneGlobale","All_modes","60"
"2020-05-20","Kokolo","Ngiri-Ngiri","3h","Destination_Zone_Resident","Destination_Zone_Worker","Arret Bakayaou","All_modes","472"
"2020-05-20","Kokolo","Ngiri-Ngiri","3h","Destination_Zone_Resident","Destination_Zone_Worker","Arret Centre hospitalier de Kintambo","All_modes","25"
"2020-05-20","Kokolo","Ngiri-Ngiri","3h","Destination_Zone_Resident","Destination_Zone_Worker","Arret moulard","All_modes","595"
"2020-05-20","Kokolo","Ngiri-Ngiri","3h","Destination_Zone_Resident","Destination_Zone_Worker","Avenue Kimbondo et Pierre Mulele","All_modes","808"
"2020-05-20","Kokolo","Ngiri-Ngiri","3h","Destination_Zone_Resident","Destination_Zone_Worker","BAYAKA","All_modes","229"
"2020-05-20","Kokolo","Ngiri-Ngiri","3h","Destination_Zone_Resident","Destination_Zone_Worker","Chez Bibi","All_modes","24"
"2020-05-20","Kokolo","Ngiri-Ngiri","3h","Destination_Zone_Resident","Destination_Zone_Worker","Cinquantenaire","All_modes","338"
"2020-05-20","Kokolo","Ngiri-Ngiri","3h","Destination_Zone_Resident","Destination_Zone_Worker","Facebook","All_modes","24"
"2020-05-20","Kokolo","Ngiri-Ngiri","3h","Destination_Zone_Resident","Destination_Zone_Worker","Hopital général de Kintambo","All_modes","33"
"2020-05-20","Kokolo","Ngiri-Ngiri","3h","Destination_Zone_Resident","Destination_Zone_Worker","Inga","All_modes","1147"
"2020-05-20","Kokolo","Ngiri-Ngiri","3h","Destination_Zone_Resident","Destination_Zone_Worker","Kin Delicieux","All_modes","24"
"2020-05-20","Kokolo","Ngiri-Ngiri","3h","Destination_Zone_Resident","Destination_Zone_Worker","Le Balcon","All_modes","24"
"2020-05-20","Kokolo","Ngiri-Ngiri","3h","Destination_Zone_Resident","Destination_Zone_Worker","Le Cadre","All_modes","24"
"2020-05-20","Kokolo","Ngiri-Ngiri","3h","Destination_Zone_Resident","Destination_Zone_Worker","Marché Moulaert ou Marché Lumumba","All_modes","1178"
"2020-05-20","Kokolo","Ngiri-Ngiri","3h","Destination_Zone_Resident","Destination_Zone_Worker","Rond point Kintambo","All_modes","24"
"2020-05-20","Kokolo","Ngiri-Ngiri","3h","Destination_Zone_Resident","Destination_Zone_Worker","Rond point Kwado","All_modes","25"
"2020-05-20","Kokolo","Ngiri-Ngiri","3h","Destination_Zone_Resident","Destination_Zone_Worker","Salle de fête de la Rotonde Binza","All_modes","41"
"2020-05-20","Kokolo","Ngiri-Ngiri","3h","Destination_Zone_Resident","Destination_Zone_Worker","Waz Chicken","All_modes","33"
"2020-05-20","Kokolo","Ngiri-Ngiri","3h","Destination_Zone_Resident","Destination_Zone_Worker","Wenze Muselu/Gambela","All_modes","144"
"2020-05-20","Kokolo","Ngiri-Ngiri","3h","Destination_Zone_Resident","Destination_Zone_Worker","ZoneGlobale","All_modes","2676"
"2020-05-20","Kokolo","Ngiri-Ngiri","3h","Destination_Zone_Resident","Study_Zone_Worker","Arret moulard","All_modes","25"
"2020-05-20","Kokolo","Ngiri-Ngiri","3h","Destination_Zone_Resident","Study_Zone_Worker","Avenue Kimbondo et Pierre Mulele","All_modes","34"
"2020-05-20","Kokolo","Ngiri-Ngiri","3h","Destination_Zone_Resident","Study_Zone_Worker","Inga","All_modes","34"
"2020-05-20","Kokolo","Ngiri-Ngiri","3h","Destination_Zone_Resident","Study_Zone_Worker","Marché Moulaert ou Marché Lumumba","All_modes","43"
"2020-05-20","Kokolo","Ngiri-Ngiri","3h","Destination_Zone_Resident","Study_Zone_Worker","ZoneGlobale","All_modes","102"
"2020-05-20","Kokolo","Ngiri-Ngiri","3h","Destination_Zone_Resident","Origin_Zone_Worker","Arret Bakayaou","All_modes","77"
"2020-05-20","Kokolo","Ngiri-Ngiri","3h","Destination_Zone_Resident","Origin_Zone_Worker","Arret moulard","All_modes","41"
"2020-05-20","Kokolo","Ngiri-Ngiri","3h","Destination_Zone_Resident","Origin_Zone_Worker","Avenue Kimbondo et Pierre Mulele","All_modes","120"
"2020-05-20","Kokolo","Ngiri-Ngiri","3h","Destination_Zone_Resident","Origin_Zone_Worker","BAYAKA","All_modes","50"
"2020-05-20","Kokolo","Ngiri-Ngiri","3h","Destination_Zone_Resident","Origin_Zone_Worker","Cinquantenaire","All_modes","51"
"2020-05-20","Kokolo","Ngiri-Ngiri","3h","Destination_Zone_Resident","Origin_Zone_Worker","Inga","All_modes","129"
"2020-05-20","Kokolo","Ngiri-Ngiri","3h","Destination_Zone_Resident","Origin_Zone_Worker","Marché Moulaert ou Marché Lumumba","All_modes","146"
"2020-05-20","Kokolo","Ngiri-Ngiri","3h","Destination_Zone_Resident","Origin_Zone_Worker","ZoneGlobale","All_modes","401"
"2020-05-20","Kokolo","Ngiri-Ngiri","3h","Study_Zone_Resident","Outside_Worker","Avenue Kimbondo et Pierre Mulele","All_modes","42"
"2020-05-20","Kokolo","Ngiri-Ngiri","3h","Study_Zone_Resident","Outside_Worker","Inga","All_modes","51"
"2020-05-20","Kokolo","Ngiri-Ngiri","3h","Study_Zone_Resident","Outside_Worker","Marché Moulaert ou Marché Lumumba","All_modes","34"
"2020-05-20","Kokolo","Ngiri-Ngiri","3h","Study_Zone_Resident","Outside_Worker","ZoneGlobale","All_modes","68"
"2020-05-20","Kokolo","Ngiri-Ngiri","3h","Study_Zone_Resident","Destination_Zone_Worker","Arret Bakayaou","All_modes","24"
"2020-05-20","Kokolo","Ngiri-Ngiri","3h","Study_Zone_Resident","Destination_Zone_Worker","Arret moulard","All_modes","50"
"2020-05-20","Kokolo","Ngiri-Ngiri","3h","Study_Zone_Resident","Destination_Zone_Worker","Avenue Kimbondo et Pierre Mulele","All_modes","41"
"2020-05-20","Kokolo","Ngiri-Ngiri","3h","Study_Zone_Resident","Destination_Zone_Worker","Inga","All_modes","42"
"2020-05-20","Kokolo","Ngiri-Ngiri","3h","Study_Zone_Resident","Destination_Zone_Worker","Marché Moulaert ou Marché Lumumba","All_modes","59"
"2020-05-20","Kokolo","Ngiri-Ngiri","3h","Study_Zone_Resident","Destination_Zone_Worker","ZoneGlobale","All_modes","153"
"2020-05-20","Kokolo","Ngiri-Ngiri","3h","Study_Zone_Resident","Study_Zone_Worker","Arret Bakayaou","All_modes","145"
"2020-05-20","Kokolo","Ngiri-Ngiri","3h","Study_Zone_Resident","Study_Zone_Worker","Arret Sakombi","All_modes","50"
"2020-05-20","Kokolo","Ngiri-Ngiri","3h","Study_Zone_Resident","Study_Zone_Worker","Arret Station Macampagne (ML)","All_modes","33"
"2020-05-20","Kokolo","Ngiri-Ngiri","3h","Study_Zone_Resident","Study_Zone_Worker","Arret Telecel Alingwa","All_modes","42"
"2020-05-20","Kokolo","Ngiri-Ngiri","3h","Study_Zone_Resident","Study_Zone_Worker","Arret moulard","All_modes","85"
"2020-05-20","Kokolo","Ngiri-Ngiri","3h","Study_Zone_Resident","Study_Zone_Worker","Avenue Kimbondo et Pierre Mulele","All_modes","411"
"2020-05-20","Kokolo","Ngiri-Ngiri","3h","Study_Zone_Resident","Study_Zone_Worker","BAYAKA","All_modes","50"
"2020-05-20","Kokolo","Ngiri-Ngiri","3h","Study_Zone_Resident","Study_Zone_Worker","Cinquantenaire","All_modes","395"
"2020-05-20","Kokolo","Ngiri-Ngiri","3h","Study_Zone_Resident","Study_Zone_Worker","Eglise les Semeurs","All_modes","336"
"2020-05-20","Kokolo","Ngiri-Ngiri","3h","Study_Zone_Resident","Study_Zone_Worker","Inga","All_modes","454"
"2020-05-20","Kokolo","Ngiri-Ngiri","3h","Study_Zone_Resident","Study_Zone_Worker","Lemba Terminus","All_modes","672"
"2020-05-20","Kokolo","Ngiri-Ngiri","3h","Study_Zone_Resident","Study_Zone_Worker","Marché Moulaert ou Marché Lumumba","All_modes","462"
"2020-05-20","Kokolo","Ngiri-Ngiri","3h","Study_Zone_Resident","Study_Zone_Worker","Moni-Shop","All_modes","25"
"2020-05-20","Kokolo","Ngiri-Ngiri","3h","Study_Zone_Resident","Study_Zone_Worker","Paroisse Saint Benoît","All_modes","336"
"2020-05-20","Kokolo","Ngiri-Ngiri","3h","Study_Zone_Resident","Study_Zone_Worker","Saint Augustin de Lemba","All_modes","336"
"2020-05-20","Kokolo","Ngiri-Ngiri","3h","Study_Zone_Resident","Study_Zone_Worker","Waz Chicken","All_modes","25"
"2020-05-20","Kokolo","Ngiri-Ngiri","3h","Study_Zone_Resident","Study_Zone_Worker","Wenze Muselu/Gambela","All_modes","76"
"2020-05-20","Kokolo","Ngiri-Ngiri","3h","Study_Zone_Resident","Study_Zone_Worker","ZoneGlobale","All_modes","1303"
"2020-05-20","Kokolo","Ngiri-Ngiri","3h","Study_Zone_Resident","Origin_Zone_Worker","Arret Bakayaou","All_modes","42"
"2020-05-20","Kokolo","Ngiri-Ngiri","3h","Study_Zone_Resident","Origin_Zone_Worker","Arret moulard","All_modes","42"
"2020-05-20","Kokolo","Ngiri-Ngiri","3h","Study_Zone_Resident","Origin_Zone_Worker","Avenue Kimbondo et Pierre Mulele","All_modes","67"
"2020-05-20","Kokolo","Ngiri-Ngiri","3h","Study_Zone_Resident","Origin_Zone_Worker","Cinquantenaire","All_modes","33"
"2020-05-20","Kokolo","Ngiri-Ngiri","3h","Study_Zone_Resident","Origin_Zone_Worker","Hopital général de Kintambo","All_modes","26"
"2020-05-20","Kokolo","Ngiri-Ngiri","3h","Study_Zone_Resident","Origin_Zone_Worker","Inga","All_modes","68"
"2020-05-20","Kokolo","Ngiri-Ngiri","3h","Study_Zone_Resident","Origin_Zone_Worker","Marché Moulaert ou Marché Lumumba","All_modes","76"
"2020-05-20","Kokolo","Ngiri-Ngiri","3h","Study_Zone_Resident","Origin_Zone_Worker","ZoneGlobale","All_modes","228"
"2020-05-20","Kokolo","Ngiri-Ngiri","3h","Origin_Zone_Resident","Outside_Worker","Arret Bakayaou","All_modes","34"
"2020-05-20","Kokolo","Ngiri-Ngiri","3h","Origin_Zone_Resident","Outside_Worker","Avenue Kimbondo et Pierre Mulele","All_modes","79"
"2020-05-20","Kokolo","Ngiri-Ngiri","3h","Origin_Zone_Resident","Outside_Worker","Cinquantenaire","All_modes","35"
"2020-05-20","Kokolo","Ngiri-Ngiri","3h","Origin_Zone_Resident","Outside_Worker","Inga","All_modes","89"
"2020-05-20","Kokolo","Ngiri-Ngiri","3h","Origin_Zone_Resident","Outside_Worker","Marché Moulaert ou Marché Lumumba","All_modes","61"
"2020-05-20","Kokolo","Ngiri-Ngiri","3h","Origin_Zone_Resident","Outside_Worker","ZoneGlobale","All_modes","201"
"2020-05-20","Kokolo","Ngiri-Ngiri","3h","Origin_Zone_Resident","Destination_Zone_Worker","Arret Bakayaou","All_modes","152"
"2020-05-20","Kokolo","Ngiri-Ngiri","3h","Origin_Zone_Resident","Destination_Zone_Worker","Arret Telecel Alingwa","All_modes","34"
"2020-05-20","Kokolo","Ngiri-Ngiri","3h","Origin_Zone_Resident","Destination_Zone_Worker","Arret moulard","All_modes","50"
"2020-05-20","Kokolo","Ngiri-Ngiri","3h","Origin_Zone_Resident","Destination_Zone_Worker","Avenue Kimbondo et Pierre Mulele","All_modes","276"
"2020-05-20","Kokolo","Ngiri-Ngiri","3h","Origin_Zone_Resident","Destination_Zone_Worker","BAYAKA","All_modes","52"
"2020-05-20","Kokolo","Ngiri-Ngiri","3h","Origin_Zone_Resident","Destination_Zone_Worker","Cinquantenaire","All_modes","113"
"2020-05-20","Kokolo","Ngiri-Ngiri","3h","Origin_Zone_Resident","Destination_Zone_Worker","Inga","All_modes","344"
"2020-05-20","Kokolo","Ngiri-Ngiri","3h","Origin_Zone_Resident","Destination_Zone_Worker","Marché Moulaert ou Marché Lumumba","All_modes","240"
"2020-05-20","Kokolo","Ngiri-Ngiri","3h","Origin_Zone_Resident","Destination_Zone_Worker","Moni-Shop","All_modes","34"
"2020-05-20","Kokolo","Ngiri-Ngiri","3h","Origin_Zone_Resident","Destination_Zone_Worker","Wenze Muselu/Gambela","All_modes","25"
"2020-05-20","Kokolo","Ngiri-Ngiri","3h","Origin_Zone_Resident","Destination_Zone_Worker","ZoneGlobale","All_modes","722"
"2020-05-20","Kokolo","Ngiri-Ngiri","3h","Origin_Zone_Resident","Study_Zone_Worker","Arret Bakayaou","All_modes","26"
"2020-05-20","Kokolo","Ngiri-Ngiri","3h","Origin_Zone_Resident","Study_Zone_Worker","Avenue Kimbondo et Pierre Mulele","All_modes","25"
"2020-05-20","Kokolo","Ngiri-Ngiri","3h","Origin_Zone_Resident","Study_Zone_Worker","Inga","All_modes","68"
"2020-05-20","Kokolo","Ngiri-Ngiri","3h","Origin_Zone_Resident","Study_Zone_Worker","ZoneGlobale","All_modes","180"
"2020-05-20","Kokolo","Ngiri-Ngiri","3h","Origin_Zone_Resident","Origin_Zone_Worker","Arret Bakayaou","All_modes","773"
"2020-05-20","Kokolo","Ngiri-Ngiri","3h","Origin_Zone_Resident","Origin_Zone_Worker","Arret Telecel Alingwa","All_modes","105"
"2020-05-20","Kokolo","Ngiri-Ngiri","3h","Origin_Zone_Resident","Origin_Zone_Worker","Arret moulard","All_modes","206"
"2020-05-20","Kokolo","Ngiri-Ngiri","3h","Origin_Zone_Resident","Origin_Zone_Worker","Avenue Kimbondo et Pierre Mulele","All_modes","1402"
"2020-05-20","Kokolo","Ngiri-Ngiri","3h","Origin_Zone_Resident","Origin_Zone_Worker","Avenue kalembelembe et Pierre Mulele (ASSANEF)","All_modes","25"
"2020-05-20","Kokolo","Ngiri-Ngiri","3h","Origin_Zone_Resident","Origin_Zone_Worker","BAYAKA","All_modes","50"
"2020-05-20","Kokolo","Ngiri-Ngiri","3h","Origin_Zone_Resident","Origin_Zone_Worker","Chez Cactus","All_modes","70"
"2020-05-20","Kokolo","Ngiri-Ngiri","3h","Origin_Zone_Resident","Origin_Zone_Worker","Cinquantenaire","All_modes","590"
"2020-05-20","Kokolo","Ngiri-Ngiri","3h","Origin_Zone_Resident","Origin_Zone_Worker","Decathlon","All_modes","33"
"2020-05-20","Kokolo","Ngiri-Ngiri","3h","Origin_Zone_Resident","Origin_Zone_Worker","Hopital général de Kintambo","All_modes","102"
"2020-05-20","Kokolo","Ngiri-Ngiri","3h","Origin_Zone_Resident","Origin_Zone_Worker","Inga","All_modes","1563"
"2020-05-20","Kokolo","Ngiri-Ngiri","3h","Origin_Zone_Resident","Origin_Zone_Worker","Le Cactus","All_modes","35"
"2020-05-20","Kokolo","Ngiri-Ngiri","3h","Origin_Zone_Resident","Origin_Zone_Worker","Marché Moulaert ou Marché Lumumba","All_modes","964"
"2020-05-20","Kokolo","Ngiri-Ngiri","3h","Origin_Zone_Resident","Origin_Zone_Worker","Moni-Shop","All_modes","124"
"2020-05-20","Kokolo","Ngiri-Ngiri","3h","Origin_Zone_Resident","Origin_Zone_Worker","Médecin sans frontière","All_modes","33"
"2020-05-20","Kokolo","Ngiri-Ngiri","3h","Origin_Zone_Resident","Origin_Zone_Worker","Salle de fête de la Rotonde Binza","All_modes","25"
"2020-05-20","Kokolo","Ngiri-Ngiri","3h","Origin_Zone_Resident","Origin_Zone_Worker","Waz Chicken","All_modes","25"
"2020-05-20","Kokolo","Ngiri-Ngiri","3h","Origin_Zone_Resident","Origin_Zone_Worker","Wenze Muselu/Gambela","All_modes","62"
"2020-05-20","Kokolo","Ngiri-Ngiri","3h","Origin_Zone_Resident","Origin_Zone_Worker","ZoneGlobale","All_modes","3719"
"2020-05-20","Kokolo","Nsele","1h","Outside_Resident","Outside_Worker","ZoneGlobale","All_modes","93"
"2020-05-20","Kokolo","Nsele","1h","Outside_Resident","Destination_Zone_Worker","ZoneGlobale","All_modes","33"
"2020-05-20","Kokolo","Nsele","1h","Outside_Resident","Origin_Zone_Worker","ZoneGlobale","All_modes","44"
"2020-05-20","Kokolo","Nsele","1h","Destination_Zone_Resident","Destination_Zone_Worker","Cinquantenaire","All_modes","26"
"2020-05-20","Kokolo","Nsele","1h","Destination_Zone_Resident","Destination_Zone_Worker","ZoneGlobale","All_modes","93"
"2020-05-20","Kokolo","Nsele","1h","Destination_Zone_Resident","Study_Zone_Worker","ZoneGlobale","All_modes","34"
"2020-05-20","Kokolo","Nsele","1h","Destination_Zone_Resident","Origin_Zone_Worker","ZoneGlobale","All_modes","43"
"2020-05-20","Kokolo","Nsele","1h","Study_Zone_Resident","Destination_Zone_Worker","ZoneGlobale","All_modes","34"
"2020-05-20","Kokolo","Nsele","1h","Study_Zone_Resident","Study_Zone_Worker","Arret Bakayaou","All_modes","75"
"2020-05-20","Kokolo","Nsele","1h","Study_Zone_Resident","Study_Zone_Worker","Arret Stade velodrome","All_modes","25"
"2020-05-20","Kokolo","Nsele","1h","Study_Zone_Resident","Study_Zone_Worker","Arret Station Macampagne (ML)","All_modes","25"
"2020-05-20","Kokolo","Nsele","1h","Study_Zone_Resident","Study_Zone_Worker","Arret Telecel Alingwa","All_modes","67"
"2020-05-20","Kokolo","Nsele","1h","Study_Zone_Resident","Study_Zone_Worker","Arret moulard","All_modes","70"
"2020-05-20","Kokolo","Nsele","1h","Study_Zone_Resident","Study_Zone_Worker","Avenue Kimbondo et Pierre Mulele","All_modes","120"
"2020-05-20","Kokolo","Nsele","1h","Study_Zone_Resident","Study_Zone_Worker","Avenue kalembelembe et Pierre Mulele (ASSANEF)","All_modes","51"
"2020-05-20","Kokolo","Nsele","1h","Study_Zone_Resident","Study_Zone_Worker","BAYAKA","All_modes","25"
"2020-05-20","Kokolo","Nsele","1h","Study_Zone_Resident","Study_Zone_Worker","Centre Vijana","All_modes","33"
"2020-05-20","Kokolo","Nsele","1h","Study_Zone_Resident","Study_Zone_Worker","Chez Bibi","All_modes","25"
"2020-05-20","Kokolo","Nsele","1h","Study_Zone_Resident","Study_Zone_Worker","Chez Cactus","All_modes","33"
"2020-05-20","Kokolo","Nsele","1h","Study_Zone_Resident","Study_Zone_Worker","Cinquantenaire","All_modes","130"
"2020-05-20","Kokolo","Nsele","1h","Study_Zone_Resident","Study_Zone_Worker","Facebook","All_modes","25"
"2020-05-20","Kokolo","Nsele","1h","Study_Zone_Resident","Study_Zone_Worker","Hopital général de Kintambo","All_modes","33"
"2020-05-20","Kokolo","Nsele","1h","Study_Zone_Resident","Study_Zone_Worker","Inga","All_modes","146"
"2020-05-20","Kokolo","Nsele","1h","Study_Zone_Resident","Study_Zone_Worker","Kin Delicieux","All_modes","25"
"2020-05-20","Kokolo","Nsele","1h","Study_Zone_Resident","Study_Zone_Worker","Kinkole","All_modes","51"
"2020-05-20","Kokolo","Nsele","1h","Study_Zone_Resident","Study_Zone_Worker","Le Balcon","All_modes","25"
"2020-05-20","Kokolo","Nsele","1h","Study_Zone_Resident","Study_Zone_Worker","Le Cactus","All_modes","25"
"2020-05-20","Kokolo","Nsele","1h","Study_Zone_Resident","Study_Zone_Worker","Le Cadre","All_modes","25"
"2020-05-20","Kokolo","Nsele","1h","Study_Zone_Resident","Study_Zone_Worker","Mango","All_modes","25"
"2020-05-20","Kokolo","Nsele","1h","Study_Zone_Resident","Study_Zone_Worker","Marché Moulaert ou Marché Lumumba","All_modes","51"
"2020-05-20","Kokolo","Nsele","1h","Study_Zone_Resident","Study_Zone_Worker","Moni-Shop","All_modes","58"
"2020-05-20","Kokolo","Nsele","1h","Study_Zone_Resident","Study_Zone_Worker","Médecin sans frontière","All_modes","34"
"2020-05-20","Kokolo","Nsele","1h","Study_Zone_Resident","Study_Zone_Worker","Rond point Kintambo","All_modes","25"
"2020-05-20","Kokolo","Nsele","1h","Study_Zone_Resident","Study_Zone_Worker","Stade Vélodrome","All_modes","25"
"2020-05-20","Kokolo","Nsele","1h","Study_Zone_Resident","Study_Zone_Worker","Symphonie des arts","All_modes","25"
"2020-05-20","Kokolo","Nsele","1h","Study_Zone_Resident","Study_Zone_Worker","UNHCR","All_modes","25"
"2020-05-20","Kokolo","Nsele","1h","Study_Zone_Resident","Study_Zone_Worker","Waz Chicken","All_modes","25"
"2020-05-20","Kokolo","Nsele","1h","Study_Zone_Resident","Study_Zone_Worker","Wenze Muselu/Gambela","All_modes","33"
"2020-05-20","Kokolo","Nsele","1h","Study_Zone_Resident","Study_Zone_Worker","Western Union CFC","All_modes","24"
"2020-05-20","Kokolo","Nsele","1h","Study_Zone_Resident","Study_Zone_Worker","ZoneGlobale","All_modes","375"
"2020-05-20","Kokolo","Nsele","1h","Study_Zone_Resident","Origin_Zone_Worker","Arret Bakayaou","All_modes","25"
"2020-05-20","Kokolo","Nsele","1h","Study_Zone_Resident","Origin_Zone_Worker","BAYAKA","All_modes","25"
"2020-05-20","Kokolo","Nsele","1h","Study_Zone_Resident","Origin_Zone_Worker","Cinquantenaire","All_modes","26"
"2020-05-20","Kokolo","Nsele","1h","Study_Zone_Resident","Origin_Zone_Worker","ZoneGlobale","All_modes","77"
"2020-05-20","Kokolo","Nsele","1h","Origin_Zone_Resident","Destination_Zone_Worker","Arret Bakayaou","All_modes","50"
"2020-05-20","Kokolo","Nsele","1h","Origin_Zone_Resident","Destination_Zone_Worker","ZoneGlobale","All_modes","59"
"2020-05-20","Kokolo","Nsele","1h","Origin_Zone_Resident","Study_Zone_Worker","Cinquantenaire","All_modes","25"
"2020-05-20","Kokolo","Nsele","1h","Origin_Zone_Resident","Study_Zone_Worker","Kinkole","All_modes","26"
"2020-05-20","Kokolo","Nsele","1h","Origin_Zone_Resident","Study_Zone_Worker","ZoneGlobale","All_modes","68"
"2020-05-20","Kokolo","Nsele","1h","Origin_Zone_Resident","Origin_Zone_Worker","Arret Bakayaou","All_modes","358"
"2020-05-20","Kokolo","Nsele","1h","Origin_Zone_Resident","Origin_Zone_Worker","Arret Stade velodrome","All_modes","33"
"2020-05-20","Kokolo","Nsele","1h","Origin_Zone_Resident","Origin_Zone_Worker","Arret Station Macampagne (ML)","All_modes","45"
"2020-05-20","Kokolo","Nsele","1h","Origin_Zone_Resident","Origin_Zone_Worker","Arret Telecel Alingwa","All_modes","165"
"2020-05-20","Kokolo","Nsele","1h","Origin_Zone_Resident","Origin_Zone_Worker","Arret moulard","All_modes","33"
"2020-05-20","Kokolo","Nsele","1h","Origin_Zone_Resident","Origin_Zone_Worker","Avenue Kimbondo et Pierre Mulele","All_modes","148"
"2020-05-20","Kokolo","Nsele","1h","Origin_Zone_Resident","Origin_Zone_Worker","Chez Cactus","All_modes","103"
"2020-05-20","Kokolo","Nsele","1h","Origin_Zone_Resident","Origin_Zone_Worker","Cinquantenaire","All_modes","101"
"2020-05-20","Kokolo","Nsele","1h","Origin_Zone_Resident","Origin_Zone_Worker","Decathlon","All_modes","43"
"2020-05-20","Kokolo","Nsele","1h","Origin_Zone_Resident","Origin_Zone_Worker","Hopital général de Kintambo","All_modes","93"
"2020-05-20","Kokolo","Nsele","1h","Origin_Zone_Resident","Origin_Zone_Worker","Inga","All_modes","398"
"2020-05-20","Kokolo","Nsele","1h","Origin_Zone_Resident","Origin_Zone_Worker","Kinkole","All_modes","52"
"2020-05-20","Kokolo","Nsele","1h","Origin_Zone_Resident","Origin_Zone_Worker","Le Cactus","All_modes","61"
"2020-05-20","Kokolo","Nsele","1h","Origin_Zone_Resident","Origin_Zone_Worker","Mango","All_modes","69"
"2020-05-20","Kokolo","Nsele","1h","Origin_Zone_Resident","Origin_Zone_Worker","Marché Moulaert ou Marché Lumumba","All_modes","59"
"2020-05-20","Kokolo","Nsele","1h","Origin_Zone_Resident","Origin_Zone_Worker","Ministere combat spirituel","All_modes","25"
"2020-05-20","Kokolo","Nsele","1h","Origin_Zone_Resident","Origin_Zone_Worker","Moni-Shop","All_modes","156"
"2020-05-20","Kokolo","Nsele","1h","Origin_Zone_Resident","Origin_Zone_Worker","St Joseph de Kinshasa","All_modes","25"
"2020-05-20","Kokolo","Nsele","1h","Origin_Zone_Resident","Origin_Zone_Worker","Stade Vélodrome","All_modes","33"
"2020-05-20","Kokolo","Nsele","1h","Origin_Zone_Resident","Origin_Zone_Worker","UNHCR","All_modes","43"
"2020-05-20","Kokolo","Nsele","1h","Origin_Zone_Resident","Origin_Zone_Worker","ZoneGlobale","All_modes","1003"
"2020-05-20","Kokolo","Nsele","3h","Outside_Resident","Outside_Worker","Communaute Evagelique La Presence de Dieu/ MASINA","All_modes","219"
"2020-05-20","Kokolo","Nsele","3h","Outside_Resident","Outside_Worker","Marché Moulaert ou Marché Lumumba","All_modes","244"
"2020-05-20","Kokolo","Nsele","3h","Outside_Resident","Outside_Worker","Quartier 1 (croissement Boulevard Lumumba)","All_modes","219"
"2020-05-20","Kokolo","Nsele","3h","Outside_Resident","Outside_Worker","ZoneGlobale","All_modes","351"
"2020-05-20","Kokolo","Nsele","3h","Outside_Resident","Destination_Zone_Worker","ZoneGlobale","All_modes","33"
"2020-05-20","Kokolo","Nsele","3h","Outside_Resident","Study_Zone_Worker","Arret Utex Africa 2","All_modes","27"
"2020-05-20","Kokolo","Nsele","3h","Outside_Resident","Study_Zone_Worker","Chez Bibi","All_modes","27"
"2020-05-20","Kokolo","Nsele","3h","Outside_Resident","Study_Zone_Worker","Facebook","All_modes","27"
"2020-05-20","Kokolo","Nsele","3h","Outside_Resident","Study_Zone_Worker","Hopital général de Kintambo","All_modes","36"
"2020-05-20","Kokolo","Nsele","3h","Outside_Resident","Study_Zone_Worker","Kin Delicieux","All_modes","27"
"2020-05-20","Kokolo","Nsele","3h","Outside_Resident","Study_Zone_Worker","Kin marché","All_modes","27"
"2020-05-20","Kokolo","Nsele","3h","Outside_Resident","Study_Zone_Worker","Le Balcon","All_modes","27"
"2020-05-20","Kokolo","Nsele","3h","Outside_Resident","Study_Zone_Worker","Le Cadre","All_modes","27"
"2020-05-20","Kokolo","Nsele","3h","Outside_Resident","Study_Zone_Worker","Mango","All_modes","36"
"2020-05-20","Kokolo","Nsele","3h","Outside_Resident","Study_Zone_Worker","Médecin sans frontière","All_modes","27"
"2020-05-20","Kokolo","Nsele","3h","Outside_Resident","Study_Zone_Worker","Rond point Kintambo","All_modes","27"
"2020-05-20","Kokolo","Nsele","3h","Outside_Resident","Study_Zone_Worker","Rond point Kwado","All_modes","27"
"2020-05-20","Kokolo","Nsele","3h","Outside_Resident","Study_Zone_Worker","S&k Galerie st pierre","All_modes","27"
"2020-05-20","Kokolo","Nsele","3h","Outside_Resident","Study_Zone_Worker","Symphonie des arts","All_modes","27"
"2020-05-20","Kokolo","Nsele","3h","Outside_Resident","Study_Zone_Worker","UNHCR","All_modes","36"
"2020-05-20","Kokolo","Nsele","3h","Outside_Resident","Study_Zone_Worker","Waz Chicken","All_modes","27"
"2020-05-20","Kokolo","Nsele","3h","Outside_Resident","Study_Zone_Worker","ZoneGlobale","All_modes","88"
"2020-05-20","Kokolo","Nsele","3h","Outside_Resident","Origin_Zone_Worker","ZoneGlobale","All_modes","68"
"2020-05-20","Kokolo","Nsele","3h","Destination_Zone_Resident","Destination_Zone_Worker","Cinquantenaire","All_modes","33"
"2020-05-20","Kokolo","Nsele","3h","Destination_Zone_Resident","Destination_Zone_Worker","ZoneGlobale","All_modes","101"
"2020-05-20","Kokolo","Nsele","3h","Destination_Zone_Resident","Study_Zone_Worker","ZoneGlobale","All_modes","24"
"2020-05-20","Kokolo","Nsele","3h","Destination_Zone_Resident","Origin_Zone_Worker","Cinquantenaire","All_modes","25"
"2020-05-20","Kokolo","Nsele","3h","Destination_Zone_Resident","Origin_Zone_Worker","ZoneGlobale","All_modes","42"
"2020-05-20","Kokolo","Nsele","3h","Study_Zone_Resident","Outside_Worker","ZoneGlobale","All_modes","34"
"2020-05-20","Kokolo","Nsele","3h","Study_Zone_Resident","Destination_Zone_Worker","ZoneGlobale","All_modes","33"
"2020-05-20","Kokolo","Nsele","3h","Study_Zone_Resident","Study_Zone_Worker","Arret Bakayaou","All_modes","85"
"2020-05-20","Kokolo","Nsele","3h","Study_Zone_Resident","Study_Zone_Worker","Arret Camp Babylone","All_modes","25"
"2020-05-20","Kokolo","Nsele","3h","Study_Zone_Resident","Study_Zone_Worker","Arret Stade velodrome","All_modes","25"
"2020-05-20","Kokolo","Nsele","3h","Study_Zone_Resident","Study_Zone_Worker","Arret Station Macampagne (ML)","All_modes","25"
"2020-05-20","Kokolo","Nsele","3h","Study_Zone_Resident","Study_Zone_Worker","Arret Telecel Alingwa","All_modes","51"
"2020-05-20","Kokolo","Nsele","3h","Study_Zone_Resident","Study_Zone_Worker","Arret marylene","All_modes","25"
"2020-05-20","Kokolo","Nsele","3h","Study_Zone_Resident","Study_Zone_Worker","Avenue Kimbondo et Pierre Mulele","All_modes","51"
"2020-05-20","Kokolo","Nsele","3h","Study_Zone_Resident","Study_Zone_Worker","Avenue kalembelembe et Pierre Mulele (ASSANEF)","All_modes","35"
"2020-05-20","Kokolo","Nsele","3h","Study_Zone_Resident","Study_Zone_Worker","Chez Cactus","All_modes","42"
"2020-05-20","Kokolo","Nsele","3h","Study_Zone_Resident","Study_Zone_Worker","Cinquantenaire","All_modes","59"
"2020-05-20","Kokolo","Nsele","3h","Study_Zone_Resident","Study_Zone_Worker","Hopital général de Kintambo","All_modes","34"
"2020-05-20","Kokolo","Nsele","3h","Study_Zone_Resident","Study_Zone_Worker","Inga","All_modes","60"
"2020-05-20","Kokolo","Nsele","3h","Study_Zone_Resident","Study_Zone_Worker","Stade Vélodrome","All_modes","25"
"2020-05-20","Kokolo","Nsele","3h","Study_Zone_Resident","Study_Zone_Worker","Western Union CFC","All_modes","26"
"2020-05-20","Kokolo","Nsele","3h","Study_Zone_Resident","Study_Zone_Worker","ZoneGlobale","All_modes","402"
"2020-05-20","Kokolo","Nsele","3h","Study_Zone_Resident","Origin_Zone_Worker","ZoneGlobale","All_modes","42"
"2020-05-20","Kokolo","Nsele","3h","Origin_Zone_Resident","Outside_Worker","ZoneGlobale","All_modes","42"
"2020-05-20","Kokolo","Nsele","3h","Origin_Zone_Resident","Destination_Zone_Worker","Arret Bakayaou","All_modes","25"
"2020-05-20","Kokolo","Nsele","3h","Origin_Zone_Resident","Destination_Zone_Worker","Centre médical de la Mongala","All_modes","25"
"2020-05-20","Kokolo","Nsele","3h","Origin_Zone_Resident","Destination_Zone_Worker","Le grand Libulu","All_modes","25"
"2020-05-20","Kokolo","Nsele","3h","Origin_Zone_Resident","Destination_Zone_Worker","Rond Point Forescom","All_modes","25"
"2020-05-20","Kokolo","Nsele","3h","Origin_Zone_Resident","Destination_Zone_Worker","Vodacom Square","All_modes","25"
"2020-05-20","Kokolo","Nsele","3h","Origin_Zone_Resident","Destination_Zone_Worker","ZoneGlobale","All_modes","84"
"2020-05-20","Kokolo","Nsele","3h","Origin_Zone_Resident","Study_Zone_Worker","Cinquantenaire","All_modes","25"
"2020-05-20","Kokolo","Nsele","3h","Origin_Zone_Resident","Study_Zone_Worker","Inga","All_modes","34"
"2020-05-20","Kokolo","Nsele","3h","Origin_Zone_Resident","Study_Zone_Worker","ZoneGlobale","All_modes","120"
"2020-05-20","Kokolo","Nsele","3h","Origin_Zone_Resident","Origin_Zone_Worker","Arret Bakayaou","All_modes","394"
"2020-05-20","Kokolo","Nsele","3h","Origin_Zone_Resident","Origin_Zone_Worker","Arret Telecel Alingwa","All_modes","54"
"2020-05-20","Kokolo","Nsele","3h","Origin_Zone_Resident","Origin_Zone_Worker","Arret moulard","All_modes","33"
"2020-05-20","Kokolo","Nsele","3h","Origin_Zone_Resident","Origin_Zone_Worker","Avenue Kimbondo et Pierre Mulele","All_modes","311"
"2020-05-20","Kokolo","Nsele","3h","Origin_Zone_Resident","Origin_Zone_Worker","Chez Cactus","All_modes","77"
"2020-05-20","Kokolo","Nsele","3h","Origin_Zone_Resident","Origin_Zone_Worker","Cinquantenaire","All_modes","155"
"2020-05-20","Kokolo","Nsele","3h","Origin_Zone_Resident","Origin_Zone_Worker","Decathlon","All_modes","35"
"2020-05-20","Kokolo","Nsele","3h","Origin_Zone_Resident","Origin_Zone_Worker","Hopital général de Kintambo","All_modes","118"
"2020-05-20","Kokolo","Nsele","3h","Origin_Zone_Resident","Origin_Zone_Worker","Inga","All_modes","829"
"2020-05-20","Kokolo","Nsele","3h","Origin_Zone_Resident","Origin_Zone_Worker","Le Cactus","All_modes","43"
"2020-05-20","Kokolo","Nsele","3h","Origin_Zone_Resident","Origin_Zone_Worker","Mango","All_modes","43"
"2020-05-20","Kokolo","Nsele","3h","Origin_Zone_Resident","Origin_Zone_Worker","Marché Moulaert ou Marché Lumumba","All_modes","110"
"2020-05-20","Kokolo","Nsele","3h","Origin_Zone_Resident","Origin_Zone_Worker","Moni-Shop","All_modes","46"
"2020-05-20","Kokolo","Nsele","3h","Origin_Zone_Resident","Origin_Zone_Worker","UNHCR","All_modes","35"
"2020-05-20","Kokolo","Nsele","3h","Origin_Zone_Resident","Origin_Zone_Worker","Western Union CFC","All_modes","25"
"2020-05-20","Kokolo","Nsele","3h","Origin_Zone_Resident","Origin_Zone_Worker","ZoneGlobale","All_modes","1688"
"2020-05-20","Kokolo","Police","1h","Outside_Resident","Outside_Worker","Avenue kalembelembe et Pierre Mulele (ASSANEF)","All_modes","69"
"2020-05-20","Kokolo","Police","1h","Outside_Resident","Outside_Worker","Centre Vijana","All_modes","25"
"2020-05-20","Kokolo","Police","1h","Outside_Resident","Outside_Worker","Cinquantenaire","All_modes","33"
"2020-05-20","Kokolo","Police","1h","Outside_Resident","Outside_Worker","Huillerie","All_modes","25"
"2020-05-20","Kokolo","Police","1h","Outside_Resident","Outside_Worker","ZoneGlobale","All_modes","215"
"2020-05-20","Kokolo","Police","1h","Outside_Resident","Destination_Zone_Worker","Avenue kalembelembe et Pierre Mulele (ASSANEF)","All_modes","33"
"2020-05-20","Kokolo","Police","1h","Outside_Resident","Destination_Zone_Worker","Centre Vijana","All_modes","26"
"2020-05-20","Kokolo","Police","1h","Outside_Resident","Destination_Zone_Worker","ZoneGlobale","All_modes","51"
"2020-05-20","Kokolo","Police","1h","Outside_Resident","Study_Zone_Worker","ZoneGlobale","All_modes","42"
"2020-05-20","Kokolo","Police","1h","Outside_Resident","Origin_Zone_Worker","Huillerie","All_modes","34"
"2020-05-20","Kokolo","Police","1h","Outside_Resident","Origin_Zone_Worker","ZoneGlobale","All_modes","68"
"2020-05-20","Kokolo","Police","1h","Destination_Zone_Resident","Destination_Zone_Worker","Arret Bakayaou","All_modes","121"
"2020-05-20","Kokolo","Police","1h","Destination_Zone_Resident","Destination_Zone_Worker","Arret moulard","All_modes","25"
"2020-05-20","Kokolo","Police","1h","Destination_Zone_Resident","Destination_Zone_Worker","Avenue Kimbondo et Pierre Mulele","All_modes","75"
"2020-05-20","Kokolo","Police","1h","Destination_Zone_Resident","Destination_Zone_Worker","Avenue kalembelembe et Pierre Mulele (ASSANEF)","All_modes","331"
"2020-05-20","Kokolo","Police","1h","Destination_Zone_Resident","Destination_Zone_Worker","Centre Vijana","All_modes","248"
"2020-05-20","Kokolo","Police","1h","Destination_Zone_Resident","Destination_Zone_Worker","Chez Cactus","All_modes","43"
"2020-05-20","Kokolo","Police","1h","Destination_Zone_Resident","Destination_Zone_Worker","Cinquantenaire","All_modes","188"
"2020-05-20","Kokolo","Police","1h","Destination_Zone_Resident","Destination_Zone_Worker","Decathlon","All_modes","34"
"2020-05-20","Kokolo","Police","1h","Destination_Zone_Resident","Destination_Zone_Worker","Hopital général de Kintambo","All_modes","41"
"2020-05-20","Kokolo","Police","1h","Destination_Zone_Resident","Destination_Zone_Worker","Huillerie","All_modes","202"
"2020-05-20","Kokolo","Police","1h","Destination_Zone_Resident","Destination_Zone_Worker","Inga","All_modes","83"
"2020-05-20","Kokolo","Police","1h","Destination_Zone_Resident","Destination_Zone_Worker","Le Cactus","All_modes","43"
"2020-05-20","Kokolo","Police","1h","Destination_Zone_Resident","Destination_Zone_Worker","Mango","All_modes","34"
"2020-05-20","Kokolo","Police","1h","Destination_Zone_Resident","Destination_Zone_Worker","Marché Moulaert ou Marché Lumumba","All_modes","66"
"2020-05-20","Kokolo","Police","1h","Destination_Zone_Resident","Destination_Zone_Worker","Nosy Cafee","All_modes","26"
"2020-05-20","Kokolo","Police","1h","Destination_Zone_Resident","Destination_Zone_Worker","Stade des Martyrs","All_modes","28"
"2020-05-20","Kokolo","Police","1h","Destination_Zone_Resident","Destination_Zone_Worker","UNHCR","All_modes","34"
"2020-05-20","Kokolo","Police","1h","Destination_Zone_Resident","Destination_Zone_Worker","ZoneGlobale","All_modes","766"
"2020-05-20","Kokolo","Police","1h","Destination_Zone_Resident","Study_Zone_Worker","ZoneGlobale","All_modes","41"
"2020-05-20","Kokolo","Police","1h","Destination_Zone_Resident","Origin_Zone_Worker","Arret Bakayaou","All_modes","38"
"2020-05-20","Kokolo","Police","1h","Destination_Zone_Resident","Origin_Zone_Worker","Arret moulard","All_modes","29"
"2020-05-20","Kokolo","Police","1h","Destination_Zone_Resident","Origin_Zone_Worker","Avenue kalembelembe et Pierre Mulele (ASSANEF)","All_modes","46"
"2020-05-20","Kokolo","Police","1h","Destination_Zone_Resident","Origin_Zone_Worker","Centre Vijana","All_modes","29"
"2020-05-20","Kokolo","Police","1h","Destination_Zone_Resident","Origin_Zone_Worker","Inga","All_modes","38"
"2020-05-20","Kokolo","Police","1h","Destination_Zone_Resident","Origin_Zone_Worker","Marché Moulaert ou Marché Lumumba","All_modes","29"
"2020-05-20","Kokolo","Police","1h","Destination_Zone_Resident","Origin_Zone_Worker","ZoneGlobale","All_modes","63"
"2020-05-20","Kokolo","Police","1h","Study_Zone_Resident","Destination_Zone_Worker","Avenue kalembelembe et Pierre Mulele (ASSANEF)","All_modes","42"
"2020-05-20","Kokolo","Police","1h","Study_Zone_Resident","Destination_Zone_Worker","Centre Vijana","All_modes","25"
"2020-05-20","Kokolo","Police","1h","Study_Zone_Resident","Destination_Zone_Worker","Cinquantenaire","All_modes","34"
"2020-05-20","Kokolo","Police","1h","Study_Zone_Resident","Destination_Zone_Worker","Huillerie","All_modes","41"
"2020-05-20","Kokolo","Police","1h","Study_Zone_Resident","Destination_Zone_Worker","ZoneGlobale","All_modes","100"
"2020-05-20","Kokolo","Police","1h","Study_Zone_Resident","Study_Zone_Worker","Arret Bakayaou","All_modes","110"
"2020-05-20","Kokolo","Police","1h","Study_Zone_Resident","Study_Zone_Worker","Arret Camp Babylone","All_modes","34"
"2020-05-20","Kokolo","Police","1h","Study_Zone_Resident","Study_Zone_Worker","Arret Station Macampagne (ML)","All_modes","76"
"2020-05-20","Kokolo","Police","1h","Study_Zone_Resident","Study_Zone_Worker","Arret Telecel Alingwa","All_modes","84"
"2020-05-20","Kokolo","Police","1h","Study_Zone_Resident","Study_Zone_Worker","Arret marylene","All_modes","42"
"2020-05-20","Kokolo","Police","1h","Study_Zone_Resident","Study_Zone_Worker","Arret moulard","All_modes","85"
"2020-05-20","Kokolo","Police","1h","Study_Zone_Resident","Study_Zone_Worker","Avenue Kimbondo et Pierre Mulele","All_modes","138"
"2020-05-20","Kokolo","Police","1h","Study_Zone_Resident","Study_Zone_Worker","Avenue kalembelembe et Pierre Mulele (ASSANEF)","All_modes","154"
"2020-05-20","Kokolo","Police","1h","Study_Zone_Resident","Study_Zone_Worker","BAYAKA","All_modes","25"
"2020-05-20","Kokolo","Police","1h","Study_Zone_Resident","Study_Zone_Worker","Bon Marché","All_modes","25"
"2020-05-20","Kokolo","Police","1h","Study_Zone_Resident","Study_Zone_Worker","Centre Vijana","All_modes","118"
"2020-05-20","Kokolo","Police","1h","Study_Zone_Resident","Study_Zone_Worker","Chez Bibi","All_modes","25"
"2020-05-20","Kokolo","Police","1h","Study_Zone_Resident","Study_Zone_Worker","Chez Cactus","All_modes","26"
"2020-05-20","Kokolo","Police","1h","Study_Zone_Resident","Study_Zone_Worker","Cinquantenaire","All_modes","273"
"2020-05-20","Kokolo","Police","1h","Study_Zone_Resident","Study_Zone_Worker","Decathlon","All_modes","34"
"2020-05-20","Kokolo","Police","1h","Study_Zone_Resident","Study_Zone_Worker","Facebook","All_modes","25"
"2020-05-20","Kokolo","Police","1h","Study_Zone_Resident","Study_Zone_Worker","Golf de Kinshasa","All_modes","25"
"2020-05-20","Kokolo","Police","1h","Study_Zone_Resident","Study_Zone_Worker","Hopital général de Kintambo","All_modes","42"
"2020-05-20","Kokolo","Police","1h","Study_Zone_Resident","Study_Zone_Worker","Huillerie","All_modes","256"
"2020-05-20","Kokolo","Police","1h","Study_Zone_Resident","Study_Zone_Worker","Inga","All_modes","163"
"2020-05-20","Kokolo","Police","1h","Study_Zone_Resident","Study_Zone_Worker","Kinkole","All_modes","25"
"2020-05-20","Kokolo","Police","1h","Study_Zone_Resident","Study_Zone_Worker","Le Balcon","All_modes","25"
"2020-05-20","Kokolo","Police","1h","Study_Zone_Resident","Study_Zone_Worker","Le Cactus","All_modes","26"
"2020-05-20","Kokolo","Police","1h","Study_Zone_Resident","Study_Zone_Worker","Le Cadre","All_modes","25"
"2020-05-20","Kokolo","Police","1h","Study_Zone_Resident","Study_Zone_Worker","Mango","All_modes","43"
"2020-05-20","Kokolo","Police","1h","Study_Zone_Resident","Study_Zone_Worker","Marché Moulaert ou Marché Lumumba","All_modes","180"
"2020-05-20","Kokolo","Police","1h","Study_Zone_Resident","Study_Zone_Worker","Maïsha Park","All_modes","25"
"2020-05-20","Kokolo","Police","1h","Study_Zone_Resident","Study_Zone_Worker","Moni-Shop","All_modes","68"
"2020-05-20","Kokolo","Police","1h","Study_Zone_Resident","Study_Zone_Worker","Nosy Cafee","All_modes","26"
"2020-05-20","Kokolo","Police","1h","Study_Zone_Resident","Study_Zone_Worker","Paroisse saint Eloi","All_modes","42"
"2020-05-20","Kokolo","Police","1h","Study_Zone_Resident","Study_Zone_Worker","Regal","All_modes","25"
"2020-05-20","Kokolo","Police","1h","Study_Zone_Resident","Study_Zone_Worker","Rond point Kintambo","All_modes","25"
"2020-05-20","Kokolo","Police","1h","Study_Zone_Resident","Study_Zone_Worker","Rond point Kwado","All_modes","25"
"2020-05-20","Kokolo","Police","1h","Study_Zone_Resident","Study_Zone_Worker","Stade Vélodrome","All_modes","33"
"2020-05-20","Kokolo","Police","1h","Study_Zone_Resident","Study_Zone_Worker","UNHCR","All_modes","35"
"2020-05-20","Kokolo","Police","1h","Study_Zone_Resident","Study_Zone_Worker","Waz Chicken","All_modes","25"
"2020-05-20","Kokolo","Police","1h","Study_Zone_Resident","Study_Zone_Worker","Wenze Muselu/Gambela","All_modes","34"
"2020-05-20","Kokolo","Police","1h","Study_Zone_Resident","Study_Zone_Worker","ZoneGlobale","All_modes","674"
"2020-05-20","Kokolo","Police","1h","Study_Zone_Resident","Origin_Zone_Worker","Avenue kalembelembe et Pierre Mulele (ASSANEF)","All_modes","42"
"2020-05-20","Kokolo","Police","1h","Study_Zone_Resident","Origin_Zone_Worker","Centre Vijana","All_modes","25"
"2020-05-20","Kokolo","Police","1h","Study_Zone_Resident","Origin_Zone_Worker","Chez Cactus","All_modes","25"
"2020-05-20","Kokolo","Police","1h","Study_Zone_Resident","Origin_Zone_Worker","Le Cactus","All_modes","25"
"2020-05-20","Kokolo","Police","1h","Study_Zone_Resident","Origin_Zone_Worker","Mango","All_modes","25"
"2020-05-20","Kokolo","Police","1h","Study_Zone_Resident","Origin_Zone_Worker","ZoneGlobale","All_modes","68"
"2020-05-20","Kokolo","Police","1h","Origin_Zone_Resident","Outside_Worker","ZoneGlobale","All_modes","53"
"2020-05-20","Kokolo","Police","1h","Origin_Zone_Resident","Destination_Zone_Worker","Avenue Kimbondo et Pierre Mulele","All_modes","25"
"2020-05-20","Kokolo","Police","1h","Origin_Zone_Resident","Destination_Zone_Worker","Avenue kalembelembe et Pierre Mulele (ASSANEF)","All_modes","111"
"2020-05-20","Kokolo","Police","1h","Origin_Zone_Resident","Destination_Zone_Worker","Centre Vijana","All_modes","50"
"2020-05-20","Kokolo","Police","1h","Origin_Zone_Resident","Destination_Zone_Worker","Huillerie","All_modes","59"
"2020-05-20","Kokolo","Police","1h","Origin_Zone_Resident","Destination_Zone_Worker","Inga","All_modes","43"
"2020-05-20","Kokolo","Police","1h","Origin_Zone_Resident","Destination_Zone_Worker","ZoneGlobale","All_modes","247"
"2020-05-20","Kokolo","Police","1h","Origin_Zone_Resident","Study_Zone_Worker","Cinquantenaire","All_modes","26"
"2020-05-20","Kokolo","Police","1h","Origin_Zone_Resident","Study_Zone_Worker","ZoneGlobale","All_modes","60"
"2020-05-20","Kokolo","Police","1h","Origin_Zone_Resident","Origin_Zone_Worker","Arret Bakayaou","All_modes","238"
"2020-05-20","Kokolo","Police","1h","Origin_Zone_Resident","Origin_Zone_Worker","Arret Telecel Alingwa","All_modes","51"
"2020-05-20","Kokolo","Police","1h","Origin_Zone_Resident","Origin_Zone_Worker","Arret moulard","All_modes","78"
"2020-05-20","Kokolo","Police","1h","Origin_Zone_Resident","Origin_Zone_Worker","Avenue Kimbondo et Pierre Mulele","All_modes","476"
"2020-05-20","Kokolo","Police","1h","Origin_Zone_Resident","Origin_Zone_Worker","Avenue kalembelembe et Pierre Mulele (ASSANEF)","All_modes","435"
"2020-05-20","Kokolo","Police","1h","Origin_Zone_Resident","Origin_Zone_Worker","Centre Vijana","All_modes","196"
"2020-05-20","Kokolo","Police","1h","Origin_Zone_Resident","Origin_Zone_Worker","Chez Cactus","All_modes","180"
"2020-05-20","Kokolo","Police","1h","Origin_Zone_Resident","Origin_Zone_Worker","Cinquantenaire","All_modes","561"
"2020-05-20","Kokolo","Police","1h","Origin_Zone_Resident","Origin_Zone_Worker","Decathlon","All_modes","60"
"2020-05-20","Kokolo","Police","1h","Origin_Zone_Resident","Origin_Zone_Worker","Hopital général de Kintambo","All_modes","112"
"2020-05-20","Kokolo","Police","1h","Origin_Zone_Resident","Origin_Zone_Worker","Huillerie","All_modes","318"
"2020-05-20","Kokolo","Police","1h","Origin_Zone_Resident","Origin_Zone_Worker","Inga","All_modes","562"
"2020-05-20","Kokolo","Police","1h","Origin_Zone_Resident","Origin_Zone_Worker","Le Cactus","All_modes","102"
"2020-05-20","Kokolo","Police","1h","Origin_Zone_Resident","Origin_Zone_Worker","Mango","All_modes","77"
"2020-05-20","Kokolo","Police","1h","Origin_Zone_Resident","Origin_Zone_Worker","Marché Moulaert ou Marché Lumumba","All_modes","120"
"2020-05-20","Kokolo","Police","1h","Origin_Zone_Resident","Origin_Zone_Worker","Moni-Shop","All_modes","33"
"2020-05-20","Kokolo","Police","1h","Origin_Zone_Resident","Origin_Zone_Worker","Nosy Cafee","All_modes","26"
"2020-05-20","Kokolo","Police","1h","Origin_Zone_Resident","Origin_Zone_Worker","Rond Point Sfricas","All_modes","26"
"2020-05-20","Kokolo","Police","1h","Origin_Zone_Resident","Origin_Zone_Worker","Shoprite","All_modes","25"
"2020-05-20","Kokolo","Police","1h","Origin_Zone_Resident","Origin_Zone_Worker","UNHCR","All_modes","43"
"2020-05-20","Kokolo","Police","1h","Origin_Zone_Resident","Origin_Zone_Worker","ZoneGlobale","All_modes","1550"
"2020-05-20","Kokolo","Police","3h","Outside_Resident","Outside_Worker","Arret Bakayaou","All_modes","34"
"2020-05-20","Kokolo","Police","3h","Outside_Resident","Outside_Worker","Avenue Kimbondo et Pierre Mulele","All_modes","56"
"2020-05-20","Kokolo","Police","3h","Outside_Resident","Outside_Worker","Avenue kalembelembe et Pierre Mulele (ASSANEF)","All_modes","53"
"2020-05-20","Kokolo","Police","3h","Outside_Resident","Outside_Worker","Cinquantenaire","All_modes","51"
"2020-05-20","Kokolo","Police","3h","Outside_Resident","Outside_Worker","Inga","All_modes","90"
"2020-05-20","Kokolo","Police","3h","Outside_Resident","Outside_Worker","Marché Moulaert ou Marché Lumumba","All_modes","42"
"2020-05-20","Kokolo","Police","3h","Outside_Resident","Outside_Worker","ZoneGlobale","All_modes","321"
"2020-05-20","Kokolo","Police","3h","Outside_Resident","Destination_Zone_Worker","ZoneGlobale","All_modes","42"
"2020-05-20","Kokolo","Police","3h","Outside_Resident","Study_Zone_Worker","ZoneGlobale","All_modes","33"
"2020-05-20","Kokolo","Police","3h","Outside_Resident","Origin_Zone_Worker","ZoneGlobale","All_modes","93"
"2020-05-20","Kokolo","Police","3h","Destination_Zone_Resident","Outside_Worker","ZoneGlobale","All_modes","24"
"2020-05-20","Kokolo","Police","3h","Destination_Zone_Resident","Destination_Zone_Worker","Arret Bakayaou","All_modes","59"
"2020-05-20","Kokolo","Police","3h","Destination_Zone_Resident","Destination_Zone_Worker","Avenue Kimbondo et Pierre Mulele","All_modes","64"
"2020-05-20","Kokolo","Police","3h","Destination_Zone_Resident","Destination_Zone_Worker","Avenue kalembelembe et Pierre Mulele (ASSANEF)","All_modes","138"
"2020-05-20","Kokolo","Police","3h","Destination_Zone_Resident","Destination_Zone_Worker","Centre Vijana","All_modes","69"
"2020-05-20","Kokolo","Police","3h","Destination_Zone_Resident","Destination_Zone_Worker","Chez Cactus","All_modes","52"
"2020-05-20","Kokolo","Police","3h","Destination_Zone_Resident","Destination_Zone_Worker","Cinquantenaire","All_modes","111"
"2020-05-20","Kokolo","Police","3h","Destination_Zone_Resident","Destination_Zone_Worker","Huillerie","All_modes","68"
"2020-05-20","Kokolo","Police","3h","Destination_Zone_Resident","Destination_Zone_Worker","Inga","All_modes","72"
"2020-05-20","Kokolo","Police","3h","Destination_Zone_Resident","Destination_Zone_Worker","Le Cactus","All_modes","34"
"2020-05-20","Kokolo","Police","3h","Destination_Zone_Resident","Destination_Zone_Worker","Mango","All_modes","26"
"2020-05-20","Kokolo","Police","3h","Destination_Zone_Resident","Destination_Zone_Worker","Marché Moulaert ou Marché Lumumba","All_modes","63"
"2020-05-20","Kokolo","Police","3h","Destination_Zone_Resident","Destination_Zone_Worker","ZoneGlobale","All_modes","527"
"2020-05-20","Kokolo","Police","3h","Destination_Zone_Resident","Origin_Zone_Worker","Arret Bakayaou","All_modes","37"
"2020-05-20","Kokolo","Police","3h","Destination_Zone_Resident","Origin_Zone_Worker","Arret moulard","All_modes","37"
"2020-05-20","Kokolo","Police","3h","Destination_Zone_Resident","Origin_Zone_Worker","Inga","All_modes","38"
"2020-05-20","Kokolo","Police","3h","Destination_Zone_Resident","Origin_Zone_Worker","Marché Moulaert ou Marché Lumumba","All_modes","29"
"2020-05-20","Kokolo","Police","3h","Destination_Zone_Resident","Origin_Zone_Worker","ZoneGlobale","All_modes","89"
"2020-05-20","Kokolo","Police","3h","Study_Zone_Resident","Outside_Worker","ZoneGlobale","All_modes","43"
"2020-05-20","Kokolo","Police","3h","Study_Zone_Resident","Destination_Zone_Worker","Cinquantenaire","All_modes","25"
"2020-05-20","Kokolo","Police","3h","Study_Zone_Resident","Destination_Zone_Worker","ZoneGlobale","All_modes","59"
"2020-05-20","Kokolo","Police","3h","Study_Zone_Resident","Study_Zone_Worker","Arret Bakayaou","All_modes","24"
"2020-05-20","Kokolo","Police","3h","Study_Zone_Resident","Study_Zone_Worker","Arret Station Macampagne (ML)","All_modes","25"
"2020-05-20","Kokolo","Police","3h","Study_Zone_Resident","Study_Zone_Worker","Arret Telecel Alingwa","All_modes","41"
"2020-05-20","Kokolo","Police","3h","Study_Zone_Resident","Study_Zone_Worker","Arret marylene","All_modes","25"
"2020-05-20","Kokolo","Police","3h","Study_Zone_Resident","Study_Zone_Worker","Arret moulard","All_modes","51"
"2020-05-20","Kokolo","Police","3h","Study_Zone_Resident","Study_Zone_Worker","Avenue Kimbondo et Pierre Mulele","All_modes","25"
"2020-05-20","Kokolo","Police","3h","Study_Zone_Resident","Study_Zone_Worker","Avenue kalembelembe et Pierre Mulele (ASSANEF)","All_modes","53"
"2020-05-20","Kokolo","Police","3h","Study_Zone_Resident","Study_Zone_Worker","BAYAKA","All_modes","53"
"2020-05-20","Kokolo","Police","3h","Study_Zone_Resident","Study_Zone_Worker","Chez Cactus","All_modes","25"
"2020-05-20","Kokolo","Police","3h","Study_Zone_Resident","Study_Zone_Worker","Cinquantenaire","All_modes","77"
"2020-05-20","Kokolo","Police","3h","Study_Zone_Resident","Study_Zone_Worker","Inga","All_modes","50"
"2020-05-20","Kokolo","Police","3h","Study_Zone_Resident","Study_Zone_Worker","Marché Moulaert ou Marché Lumumba","All_modes","51"
"2020-05-20","Kokolo","Police","3h","Study_Zone_Resident","Study_Zone_Worker","ZoneGlobale","All_modes","569"
"2020-05-20","Kokolo","Police","3h","Study_Zone_Resident","Origin_Zone_Worker","ZoneGlobale","All_modes","41"
"2020-05-20","Kokolo","Police","3h","Origin_Zone_Resident","Outside_Worker","ZoneGlobale","All_modes","52"
"2020-05-20","Kokolo","Police","3h","Origin_Zone_Resident","Destination_Zone_Worker","Arret Bakayaou","All_modes","33"
"2020-05-20","Kokolo","Police","3h","Origin_Zone_Resident","Destination_Zone_Worker","Arret Telecel Alingwa","All_modes","25"
"2020-05-20","Kokolo","Police","3h","Origin_Zone_Resident","Destination_Zone_Worker","Avenue Kimbondo et Pierre Mulele","All_modes","68"
"2020-05-20","Kokolo","Police","3h","Origin_Zone_Resident","Destination_Zone_Worker","Avenue kalembelembe et Pierre Mulele (ASSANEF)","All_modes","43"
"2020-05-20","Kokolo","Police","3h","Origin_Zone_Resident","Destination_Zone_Worker","Cinquantenaire","All_modes","60"
"2020-05-20","Kokolo","Police","3h","Origin_Zone_Resident","Destination_Zone_Worker","Huillerie","All_modes","26"
"2020-05-20","Kokolo","Police","3h","Origin_Zone_Resident","Destination_Zone_Worker","Inga","All_modes","85"
"2020-05-20","Kokolo","Police","3h","Origin_Zone_Resident","Destination_Zone_Worker","Moni-Shop","All_modes","25"
"2020-05-20","Kokolo","Police","3h","Origin_Zone_Resident","Destination_Zone_Worker","ZoneGlobale","All_modes","334"
"2020-05-20","Kokolo","Police","3h","Origin_Zone_Resident","Study_Zone_Worker","ZoneGlobale","All_modes","88"
"2020-05-20","Kokolo","Police","3h","Origin_Zone_Resident","Origin_Zone_Worker","Arret Bakayaou","All_modes","162"
"2020-05-20","Kokolo","Police","3h","Origin_Zone_Resident","Origin_Zone_Worker","Arret Telecel Alingwa","All_modes","33"
"2020-05-20","Kokolo","Police","3h","Origin_Zone_Resident","Origin_Zone_Worker","Avenue Kimbondo et Pierre Mulele","All_modes","154"
"2020-05-20","Kokolo","Police","3h","Origin_Zone_Resident","Origin_Zone_Worker","Avenue kalembelembe et Pierre Mulele (ASSANEF)","All_modes","94"
"2020-05-20","Kokolo","Police","3h","Origin_Zone_Resident","Origin_Zone_Worker","Chez Cactus","All_modes","171"
"2020-05-20","Kokolo","Police","3h","Origin_Zone_Resident","Origin_Zone_Worker","Cinquantenaire","All_modes","316"
"2020-05-20","Kokolo","Police","3h","Origin_Zone_Resident","Origin_Zone_Worker","Hopital général de Kintambo","All_modes","52"
"2020-05-20","Kokolo","Police","3h","Origin_Zone_Resident","Origin_Zone_Worker","Huillerie","All_modes","25"
"2020-05-20","Kokolo","Police","3h","Origin_Zone_Resident","Origin_Zone_Worker","Inga","All_modes","232"
"2020-05-20","Kokolo","Police","3h","Origin_Zone_Resident","Origin_Zone_Worker","Le Cactus","All_modes","67"
"2020-05-20","Kokolo","Police","3h","Origin_Zone_Resident","Origin_Zone_Worker","Mango","All_modes","42"
"2020-05-20","Kokolo","Police","3h","Origin_Zone_Resident","Origin_Zone_Worker","Marché Moulaert ou Marché Lumumba","All_modes","69"
"2020-05-20","Kokolo","Police","3h","Origin_Zone_Resident","Origin_Zone_Worker","Moni-Shop","All_modes","25"
"2020-05-20","Kokolo","Police","3h","Origin_Zone_Resident","Origin_Zone_Worker","Salle de fête de la Rotonde Binza","All_modes","33"
"2020-05-20","Kokolo","Police","3h","Origin_Zone_Resident","Origin_Zone_Worker","UNHCR","All_modes","25"
"2020-05-20","Kokolo","Police","3h","Origin_Zone_Resident","Origin_Zone_Worker","ZoneGlobale","All_modes","1334"
"2020-05-20","Kokolo","Selembao","1h","Outside_Resident","Outside_Worker","Arret Bakayaou","All_modes","25"
"2020-05-20","Kokolo","Selembao","1h","Outside_Resident","Outside_Worker","Avenue Kimbondo et Pierre Mulele","All_modes","49"
"2020-05-20","Kokolo","Selembao","1h","Outside_Resident","Outside_Worker","Inga","All_modes","66"
"2020-05-20","Kokolo","Selembao","1h","Outside_Resident","Outside_Worker","ZoneGlobale","All_modes","194"
"2020-05-20","Kokolo","Selembao","1h","Outside_Resident","Destination_Zone_Worker","ZoneGlobale","All_modes","25"
"2020-05-20","Kokolo","Selembao","1h","Outside_Resident","Study_Zone_Worker","ZoneGlobale","All_modes","25"
"2020-05-20","Kokolo","Selembao","1h","Destination_Zone_Resident","Outside_Worker","ECC/CEC/BUMBU","All_modes","25"
"2020-05-20","Kokolo","Selembao","1h","Destination_Zone_Resident","Outside_Worker","ZoneGlobale","All_modes","73"
"2020-05-20","Kokolo","Selembao","1h","Destination_Zone_Resident","Destination_Zone_Worker","Arret Bakayaou","All_modes","84"
"2020-05-20","Kokolo","Selembao","1h","Destination_Zone_Resident","Destination_Zone_Worker","Avenue Kimbondo et Pierre Mulele","All_modes","93"
"2020-05-20","Kokolo","Selembao","1h","Destination_Zone_Resident","Destination_Zone_Worker","Cinquantenaire","All_modes","42"
"2020-05-20","Kokolo","Selembao","1h","Destination_Zone_Resident","Destination_Zone_Worker","Inga","All_modes","144"
"2020-05-20","Kokolo","Selembao","1h","Destination_Zone_Resident","Destination_Zone_Worker","Marché Moulaert ou Marché Lumumba","All_modes","68"
"2020-05-20","Kokolo","Selembao","1h","Destination_Zone_Resident","Destination_Zone_Worker","Marché selembao","All_modes","35"
"2020-05-20","Kokolo","Selembao","1h","Destination_Zone_Resident","Destination_Zone_Worker","ZoneGlobale","All_modes","509"
"2020-05-20","Kokolo","Selembao","1h","Destination_Zone_Resident","Study_Zone_Worker","ZoneGlobale","All_modes","33"
"2020-05-20","Kokolo","Selembao","1h","Destination_Zone_Resident","Origin_Zone_Worker","Arret Bakayaou","All_modes","25"
"2020-05-20","Kokolo","Selembao","1h","Destination_Zone_Resident","Origin_Zone_Worker","Avenue Kimbondo et Pierre Mulele","All_modes","42"
"2020-05-20","Kokolo","Selembao","1h","Destination_Zone_Resident","Origin_Zone_Worker","Inga","All_modes","51"
"2020-05-20","Kokolo","Selembao","1h","Destination_Zone_Resident","Origin_Zone_Worker","ZoneGlobale","All_modes","76"
"2020-05-20","Kokolo","Selembao","1h","Study_Zone_Resident","Outside_Worker","ZoneGlobale","All_modes","26"
"2020-05-20","Kokolo","Selembao","1h","Study_Zone_Resident","Destination_Zone_Worker","ZoneGlobale","All_modes","68"
"2020-05-20","Kokolo","Selembao","1h","Study_Zone_Resident","Study_Zone_Worker","Arret Bakayaou","All_modes","26"
"2020-05-20","Kokolo","Selembao","1h","Study_Zone_Resident","Study_Zone_Worker","Arret Telecel Alingwa","All_modes","34"
"2020-05-20","Kokolo","Selembao","1h","Study_Zone_Resident","Study_Zone_Worker","Avenue Kimbondo et Pierre Mulele","All_modes","59"
"2020-05-20","Kokolo","Selembao","1h","Study_Zone_Resident","Study_Zone_Worker","Cinquantenaire","All_modes","33"
"2020-05-20","Kokolo","Selembao","1h","Study_Zone_Resident","Study_Zone_Worker","Clinique Universitaire Kinshasa","All_modes","26"
"2020-05-20","Kokolo","Selembao","1h","Study_Zone_Resident","Study_Zone_Worker","ECC/CEC/BUMBU","All_modes","34"
"2020-05-20","Kokolo","Selembao","1h","Study_Zone_Resident","Study_Zone_Worker","Hopital général de Kintambo","All_modes","25"
"2020-05-20","Kokolo","Selembao","1h","Study_Zone_Resident","Study_Zone_Worker","Inga","All_modes","93"
"2020-05-20","Kokolo","Selembao","1h","Study_Zone_Resident","Study_Zone_Worker","Marché Moulaert ou Marché Lumumba","All_modes","33"
"2020-05-20","Kokolo","Selembao","1h","Study_Zone_Resident","Study_Zone_Worker","Marché selembao","All_modes","26"
"2020-05-20","Kokolo","Selembao","1h","Study_Zone_Resident","Study_Zone_Worker","Moni-Shop","All_modes","26"
"2020-05-20","Kokolo","Selembao","1h","Study_Zone_Resident","Study_Zone_Worker","Salle de fête de la Rotonde Binza","All_modes","26"
"2020-05-20","Kokolo","Selembao","1h","Study_Zone_Resident","Study_Zone_Worker","ZoneGlobale","All_modes","256"
"2020-05-20","Kokolo","Selembao","1h","Study_Zone_Resident","Origin_Zone_Worker","Arret Bakayaou","All_modes","33"
"2020-05-20","Kokolo","Selembao","1h","Study_Zone_Resident","Origin_Zone_Worker","Avenue Kimbondo et Pierre Mulele","All_modes","59"
"2020-05-20","Kokolo","Selembao","1h","Study_Zone_Resident","Origin_Zone_Worker","Cinquantenaire","All_modes","34"
"2020-05-20","Kokolo","Selembao","1h","Study_Zone_Resident","Origin_Zone_Worker","ECC/CEC/BUMBU","All_modes","34"
"2020-05-20","Kokolo","Selembao","1h","Study_Zone_Resident","Origin_Zone_Worker","Inga","All_modes","68"
"2020-05-20","Kokolo","Selembao","1h","Study_Zone_Resident","Origin_Zone_Worker","Marché Moulaert ou Marché Lumumba","All_modes","34"
"2020-05-20","Kokolo","Selembao","1h","Study_Zone_Resident","Origin_Zone_Worker","Marché selembao","All_modes","24"
"2020-05-20","Kokolo","Selembao","1h","Study_Zone_Resident","Origin_Zone_Worker","ZoneGlobale","All_modes","101"
"2020-05-20","Kokolo","Selembao","1h","Origin_Zone_Resident","Outside_Worker","ZoneGlobale","All_modes","42"
"2020-05-20","Kokolo","Selembao","1h","Origin_Zone_Resident","Destination_Zone_Worker","Inga","All_modes","25"
"2020-05-20","Kokolo","Selembao","1h","Origin_Zone_Resident","Destination_Zone_Worker","ZoneGlobale","All_modes","50"
"2020-05-20","Kokolo","Selembao","1h","Origin_Zone_Resident","Study_Zone_Worker","ZoneGlobale","All_modes","43"
"2020-05-20","Kokolo","Selembao","1h","Origin_Zone_Resident","Origin_Zone_Worker","Arret Bakayaou","All_modes","51"
"2020-05-20","Kokolo","Selembao","1h","Origin_Zone_Resident","Origin_Zone_Worker","Arret Station Macampagne (ML)","All_modes","35"
"2020-05-20","Kokolo","Selembao","1h","Origin_Zone_Resident","Origin_Zone_Worker","Arret Telecel Alingwa","All_modes","69"
"2020-05-20","Kokolo","Selembao","1h","Origin_Zone_Resident","Origin_Zone_Worker","Arret moulard","All_modes","35"
"2020-05-20","Kokolo","Selembao","1h","Origin_Zone_Resident","Origin_Zone_Worker","Avenue Kimbondo et Pierre Mulele","All_modes","152"
"2020-05-20","Kokolo","Selembao","1h","Origin_Zone_Resident","Origin_Zone_Worker","Cinquantenaire","All_modes","59"
"2020-05-20","Kokolo","Selembao","1h","Origin_Zone_Resident","Origin_Zone_Worker","ECC/CEC/BUMBU","All_modes","42"
"2020-05-20","Kokolo","Selembao","1h","Origin_Zone_Resident","Origin_Zone_Worker","Hopital général de Kintambo","All_modes","35"
"2020-05-20","Kokolo","Selembao","1h","Origin_Zone_Resident","Origin_Zone_Worker","Inga","All_modes","248"
"2020-05-20","Kokolo","Selembao","1h","Origin_Zone_Resident","Origin_Zone_Worker","Marché Moulaert ou Marché Lumumba","All_modes","86"
"2020-05-20","Kokolo","Selembao","1h","Origin_Zone_Resident","Origin_Zone_Worker","Marché selembao","All_modes","59"
"2020-05-20","Kokolo","Selembao","1h","Origin_Zone_Resident","Origin_Zone_Worker","Moni-Shop","All_modes","60"
"2020-05-20","Kokolo","Selembao","1h","Origin_Zone_Resident","Origin_Zone_Worker","Wenze Muselu/Gambela","All_modes","34"
"2020-05-20","Kokolo","Selembao","1h","Origin_Zone_Resident","Origin_Zone_Worker","ZoneGlobale","All_modes","479"
"2020-05-20","Kokolo","Selembao","3h","Outside_Resident","Outside_Worker","Arret Bakayaou","All_modes","34"
"2020-05-20","Kokolo","Selembao","3h","Outside_Resident","Outside_Worker","Avenue Kimbondo et Pierre Mulele","All_modes","67"
"2020-05-20","Kokolo","Selembao","3h","Outside_Resident","Outside_Worker","Inga","All_modes","101"
"2020-05-20","Kokolo","Selembao","3h","Outside_Resident","Outside_Worker","Marché Moulaert ou Marché Lumumba","All_modes","34"
"2020-05-20","Kokolo","Selembao","3h","Outside_Resident","Outside_Worker","ZoneGlobale","All_modes","256"
"2020-05-20","Kokolo","Selembao","3h","Outside_Resident","Destination_Zone_Worker","ZoneGlobale","All_modes","33"
"2020-05-20","Kokolo","Selembao","3h","Outside_Resident","Study_Zone_Worker","ZoneGlobale","All_modes","37"
"2020-05-20","Kokolo","Selembao","3h","Outside_Resident","Origin_Zone_Worker","Avenue Kimbondo et Pierre Mulele","All_modes","27"
"2020-05-20","Kokolo","Selembao","3h","Outside_Resident","Origin_Zone_Worker","Inga","All_modes","27"
"2020-05-20","Kokolo","Selembao","3h","Outside_Resident","Origin_Zone_Worker","ZoneGlobale","All_modes","61"
"2020-05-20","Kokolo","Selembao","3h","Destination_Zone_Resident","Outside_Worker","Arret Bakayaou","All_modes","24"
"2020-05-20","Kokolo","Selembao","3h","Destination_Zone_Resident","Outside_Worker","Avenue Kimbondo et Pierre Mulele","All_modes","41"
"2020-05-20","Kokolo","Selembao","3h","Destination_Zone_Resident","Outside_Worker","Inga","All_modes","33"
"2020-05-20","Kokolo","Selembao","3h","Destination_Zone_Resident","Outside_Worker","Marché Moulaert ou Marché Lumumba","All_modes","33"
"2020-05-20","Kokolo","Selembao","3h","Destination_Zone_Resident","Outside_Worker","ZoneGlobale","All_modes","58"
"2020-05-20","Kokolo","Selembao","3h","Destination_Zone_Resident","Destination_Zone_Worker","Arret Bakayaou","All_modes","85"
"2020-05-20","Kokolo","Selembao","3h","Destination_Zone_Resident","Destination_Zone_Worker","Avenue Kimbondo et Pierre Mulele","All_modes","109"
"2020-05-20","Kokolo","Selembao","3h","Destination_Zone_Resident","Destination_Zone_Worker","Baruti Tabernacle","All_modes","24"
"2020-05-20","Kokolo","Selembao","3h","Destination_Zone_Resident","Destination_Zone_Worker","Cinquantenaire","All_modes","50"
"2020-05-20","Kokolo","Selembao","3h","Destination_Zone_Resident","Destination_Zone_Worker","Clinique Universitaire Kinshasa","All_modes","24"
"2020-05-20","Kokolo","Selembao","3h","Destination_Zone_Resident","Destination_Zone_Worker","Inga","All_modes","161"
"2020-05-20","Kokolo","Selembao","3h","Destination_Zone_Resident","Destination_Zone_Worker","Marché Moulaert ou Marché Lumumba","All_modes","51"
"2020-05-20","Kokolo","Selembao","3h","Destination_Zone_Resident","Destination_Zone_Worker","ZoneGlobale","All_modes","670"
"2020-05-20","Kokolo","Selembao","3h","Destination_Zone_Resident","Study_Zone_Worker","ZoneGlobale","All_modes","34"
"2020-05-20","Kokolo","Selembao","3h","Destination_Zone_Resident","Origin_Zone_Worker","Arret Bakayaou","All_modes","42"
"2020-05-20","Kokolo","Selembao","3h","Destination_Zone_Resident","Origin_Zone_Worker","Avenue Kimbondo et Pierre Mulele","All_modes","34"
"2020-05-20","Kokolo","Selembao","3h","Destination_Zone_Resident","Origin_Zone_Worker","Cinquantenaire","All_modes","26"
"2020-05-20","Kokolo","Selembao","3h","Destination_Zone_Resident","Origin_Zone_Worker","Inga","All_modes","59"
"2020-05-20","Kokolo","Selembao","3h","Destination_Zone_Resident","Origin_Zone_Worker","Marché Moulaert ou Marché Lumumba","All_modes","34"
"2020-05-20","Kokolo","Selembao","3h","Destination_Zone_Resident","Origin_Zone_Worker","ZoneGlobale","All_modes","154"
"2020-05-20","Kokolo","Selembao","3h","Study_Zone_Resident","Outside_Worker","ZoneGlobale","All_modes","52"
"2020-05-20","Kokolo","Selembao","3h","Study_Zone_Resident","Destination_Zone_Worker","ZoneGlobale","All_modes","25"
"2020-05-20","Kokolo","Selembao","3h","Study_Zone_Resident","Study_Zone_Worker","Avenue Kimbondo et Pierre Mulele","All_modes","50"
"2020-05-20","Kokolo","Selembao","3h","Study_Zone_Resident","Study_Zone_Worker","Inga","All_modes","58"
"2020-05-20","Kokolo","Selembao","3h","Study_Zone_Resident","Study_Zone_Worker","Marché Moulaert ou Marché Lumumba","All_modes","58"
"2020-05-20","Kokolo","Selembao","3h","Study_Zone_Resident","Study_Zone_Worker","Marché selembao","All_modes","25"
"2020-05-20","Kokolo","Selembao","3h","Study_Zone_Resident","Study_Zone_Worker","ZoneGlobale","All_modes","179"
"2020-05-20","Kokolo","Selembao","3h","Study_Zone_Resident","Origin_Zone_Worker","ZoneGlobale","All_modes","76"
"2020-05-20","Kokolo","Selembao","3h","Origin_Zone_Resident","Outside_Worker","ZoneGlobale","All_modes","30"
"2020-05-20","Kokolo","Selembao","3h","Origin_Zone_Resident","Destination_Zone_Worker","ZoneGlobale","All_modes","59"
"2020-05-20","Kokolo","Selembao","3h","Origin_Zone_Resident","Study_Zone_Worker","ZoneGlobale","All_modes","60"
"2020-05-20","Kokolo","Selembao","3h","Origin_Zone_Resident","Origin_Zone_Worker","Arret Bakayaou","All_modes","69"
"2020-05-20","Kokolo","Selembao","3h","Origin_Zone_Resident","Origin_Zone_Worker","Arret Telecel Alingwa","All_modes","26"
"2020-05-20","Kokolo","Selembao","3h","Origin_Zone_Resident","Origin_Zone_Worker","Avenue Kimbondo et Pierre Mulele","All_modes","231"
"2020-05-20","Kokolo","Selembao","3h","Origin_Zone_Resident","Origin_Zone_Worker","Cinquantenaire","All_modes","70"
"2020-05-20","Kokolo","Selembao","3h","Origin_Zone_Resident","Origin_Zone_Worker","Hopital général de Kintambo","All_modes","26"
"2020-05-20","Kokolo","Selembao","3h","Origin_Zone_Resident","Origin_Zone_Worker","Inga","All_modes","292"
"2020-05-20","Kokolo","Selembao","3h","Origin_Zone_Resident","Origin_Zone_Worker","Marché Moulaert ou Marché Lumumba","All_modes","104"
"2020-05-20","Kokolo","Selembao","3h","Origin_Zone_Resident","Origin_Zone_Worker","Marché selembao","All_modes","25"
"2020-05-20","Kokolo","Selembao","3h","Origin_Zone_Resident","Origin_Zone_Worker","Moni-Shop","All_modes","43"
"2020-05-20","Kokolo","Selembao","3h","Origin_Zone_Resident","Origin_Zone_Worker","ZoneGlobale","All_modes","584"
"2020-05-20","Komanda","Beni","1h","Outside_Resident","Outside_Worker","ZoneGlobale","All_modes","1063"
"2020-05-20","Komanda","Beni","1h","Outside_Resident","Destination_Zone_Worker","ZoneGlobale","All_modes","1741"
"2020-05-20","Komanda","Beni","1h","Outside_Resident","Study_Zone_Worker","ZoneGlobale","All_modes","69"
"2020-05-20","Komanda","Beni","1h","Outside_Resident","Origin_Zone_Worker","ZoneGlobale","All_modes","424"
"2020-05-20","Komanda","Beni","1h","Destination_Zone_Resident","Outside_Worker","ZoneGlobale","All_modes","129"
"2020-05-20","Komanda","Beni","1h","Destination_Zone_Resident","Destination_Zone_Worker","ZoneGlobale","All_modes","9716"
"2020-05-20","Komanda","Beni","1h","Destination_Zone_Resident","Study_Zone_Worker","ZoneGlobale","All_modes","306"
"2020-05-20","Komanda","Beni","1h","Destination_Zone_Resident","Origin_Zone_Worker","ZoneGlobale","All_modes","479"
"2020-05-20","Komanda","Beni","1h","Study_Zone_Resident","Destination_Zone_Worker","ZoneGlobale","All_modes","345"
"2020-05-20","Komanda","Beni","1h","Study_Zone_Resident","Study_Zone_Worker","ZoneGlobale","All_modes","1171"
"2020-05-20","Komanda","Beni","1h","Origin_Zone_Resident","Outside_Worker","ZoneGlobale","All_modes","33"
"2020-05-20","Komanda","Beni","1h","Origin_Zone_Resident","Destination_Zone_Worker","ZoneGlobale","All_modes","2098"
"2020-05-20","Komanda","Beni","1h","Origin_Zone_Resident","Study_Zone_Worker","ZoneGlobale","All_modes","34"
"2020-05-20","Komanda","Beni","1h","Origin_Zone_Resident","Origin_Zone_Worker","ZoneGlobale","All_modes","421"
"2020-05-20","Komanda","Beni","3h","Outside_Resident","Outside_Worker","ZoneGlobale","All_modes","1863"
"2020-05-20","Komanda","Beni","3h","Outside_Resident","Destination_Zone_Worker","ZoneGlobale","All_modes","2598"
"2020-05-20","Komanda","Beni","3h","Outside_Resident","Study_Zone_Worker","ZoneGlobale","All_modes","371"
"2020-05-20","Komanda","Beni","3h","Outside_Resident","Origin_Zone_Worker","ZoneGlobale","All_modes","878"
"2020-05-20","Komanda","Beni","3h","Destination_Zone_Resident","Outside_Worker","ZoneGlobale","All_modes","161"
"2020-05-20","Komanda","Beni","3h","Destination_Zone_Resident","Destination_Zone_Worker","ZoneGlobale","All_modes","8859"
"2020-05-20","Komanda","Beni","3h","Destination_Zone_Resident","Study_Zone_Worker","ZoneGlobale","All_modes","162"
"2020-05-20","Komanda","Beni","3h","Destination_Zone_Resident","Origin_Zone_Worker","ZoneGlobale","All_modes","746"
"2020-05-20","Komanda","Beni","3h","Study_Zone_Resident","Destination_Zone_Worker","ZoneGlobale","All_modes","474"
"2020-05-20","Komanda","Beni","3h","Study_Zone_Resident","Study_Zone_Worker","ZoneGlobale","All_modes","584"
"2020-05-20","Komanda","Beni","3h","Origin_Zone_Resident","Outside_Worker","ZoneGlobale","All_modes","209"
"2020-05-20","Komanda","Beni","3h","Origin_Zone_Resident","Destination_Zone_Worker","ZoneGlobale","All_modes","2768"
"2020-05-20","Komanda","Beni","3h","Origin_Zone_Resident","Study_Zone_Worker","ZoneGlobale","All_modes","112"
"2020-05-20","Komanda","Beni","3h","Origin_Zone_Resident","Origin_Zone_Worker","ZoneGlobale","All_modes","1006"
"2020-05-20","Komanda","Bunia","1h","Outside_Resident","Outside_Worker","ZoneGlobale","All_modes","77"
"2020-05-20","Komanda","Bunia","1h","Outside_Resident","Study_Zone_Worker","ZoneGlobale","All_modes","39"
"2020-05-20","Komanda","Bunia","1h","Outside_Resident","Origin_Zone_Worker","ZoneGlobale","All_modes","76"
"2020-05-20","Komanda","Bunia","1h","Destination_Zone_Resident","Destination_Zone_Worker","ZoneGlobale","All_modes","69"
"2020-05-20","Komanda","Bunia","1h","Study_Zone_Resident","Study_Zone_Worker","ZoneGlobale","All_modes","115"
"2020-05-20","Komanda","Bunia","1h","Origin_Zone_Resident","Origin_Zone_Worker","ZoneGlobale","All_modes","315"
"2020-05-20","Komanda","Bunia","3h","Outside_Resident","Outside_Worker","ZoneGlobale","All_modes","223"
"2020-05-20","Komanda","Bunia","3h","Outside_Resident","Destination_Zone_Worker","ZoneGlobale","All_modes","155"
"2020-05-20","Komanda","Bunia","3h","Outside_Resident","Origin_Zone_Worker","ZoneGlobale","All_modes","76"
"2020-05-20","Komanda","Bunia","3h","Destination_Zone_Resident","Destination_Zone_Worker","ZoneGlobale","All_modes","139"
"2020-05-20","Komanda","Bunia","3h","Study_Zone_Resident","Study_Zone_Worker","ZoneGlobale","All_modes","358"
"2020-05-20","Komanda","Bunia","3h","Origin_Zone_Resident","Origin_Zone_Worker","ZoneGlobale","All_modes","541"
"2020-05-20","Komanda","Gethy","1h","Origin_Zone_Resident","Origin_Zone_Worker","ZoneGlobale","All_modes","69"
"2020-05-20","Komanda","Gethy","3h","Outside_Resident","Origin_Zone_Worker","ZoneGlobale","All_modes","79"
"2020-05-20","Komanda","Gethy","3h","Destination_Zone_Resident","Destination_Zone_Worker","ZoneGlobale","All_modes","79"
"2020-05-20","Komanda","Gethy","3h","Origin_Zone_Resident","Origin_Zone_Worker","ZoneGlobale","All_modes","71"
"2020-05-20","Komanda","Kamango","1h","Outside_Resident","Destination_Zone_Worker","ZoneGlobale","All_modes","71"
"2020-05-20","Komanda","Kamango","1h","Outside_Resident","Origin_Zone_Worker","ZoneGlobale","All_modes","40"
"2020-05-20","Komanda","Kamango","1h","Destination_Zone_Resident","Destination_Zone_Worker","ZoneGlobale","All_modes","301"
"2020-05-20","Komanda","Kamango","1h","Destination_Zone_Resident","Origin_Zone_Worker","ZoneGlobale","All_modes","108"
"2020-05-20","Komanda","Kamango","1h","Study_Zone_Resident","Study_Zone_Worker","ZoneGlobale","All_modes","30"
"2020-05-20","Komanda","Kamango","1h","Origin_Zone_Resident","Origin_Zone_Worker","ZoneGlobale","All_modes","128"
"2020-05-20","Komanda","Kamango","3h","Outside_Resident","Outside_Worker","ZoneGlobale","All_modes","41"
"2020-05-20","Komanda","Kamango","3h","Outside_Resident","Destination_Zone_Worker","ZoneGlobale","All_modes","32"
"2020-05-20","Komanda","Kamango","3h","Outside_Resident","Origin_Zone_Worker","ZoneGlobale","All_modes","40"
"2020-05-20","Komanda","Kamango","3h","Destination_Zone_Resident","Destination_Zone_Worker","ZoneGlobale","All_modes","97"
"2020-05-20","Komanda","Kamango","3h","Destination_Zone_Resident","Origin_Zone_Worker","ZoneGlobale","All_modes","71"
"2020-05-20","Komanda","Kamango","3h","Study_Zone_Resident","Study_Zone_Worker","ZoneGlobale","All_modes","38"
"2020-05-20","Komanda","Kamango","3h","Origin_Zone_Resident","Origin_Zone_Worker","ZoneGlobale","All_modes","65"
"2020-05-20","Komanda","Katwa","1h","Destination_Zone_Resident","Destination_Zone_Worker","ZoneGlobale","All_modes","94"
"2020-05-20","Komanda","Katwa","1h","Study_Zone_Resident","Outside_Worker","ZoneGlobale","All_modes","34"
"2020-05-20","Komanda","Katwa","1h","Study_Zone_Resident","Study_Zone_Worker","ZoneGlobale","All_modes","69"
"2020-05-20","Komanda","Katwa","1h","Origin_Zone_Resident","Origin_Zone_Worker","ZoneGlobale","All_modes","71"
"2020-05-20","Komanda","Katwa","3h","Outside_Resident","Outside_Worker","ZoneGlobale","All_modes","135"
"2020-05-20","Komanda","Katwa","3h","Destination_Zone_Resident","Destination_Zone_Worker","ZoneGlobale","All_modes","129"
"2020-05-20","Komanda","Katwa","3h","Study_Zone_Resident","Outside_Worker","ZoneGlobale","All_modes","34"
"2020-05-20","Komanda","Katwa","3h","Study_Zone_Resident","Study_Zone_Worker","ZoneGlobale","All_modes","185"
"2020-05-20","Komanda","Katwa","3h","Origin_Zone_Resident","Destination_Zone_Worker","ZoneGlobale","All_modes","34"
"2020-05-20","Komanda","Katwa","3h","Origin_Zone_Resident","Origin_Zone_Worker","ZoneGlobale","All_modes","143"
"2020-05-20","Komanda","Mambasa","1h","Outside_Resident","Outside_Worker","ZoneGlobale","All_modes","66"
"2020-05-20","Komanda","Mambasa","1h","Outside_Resident","Destination_Zone_Worker","ZoneGlobale","All_modes","271"
"2020-05-20","Komanda","Mambasa","1h","Outside_Resident","Study_Zone_Worker","ZoneGlobale","All_modes","61"
"2020-05-20","Komanda","Mambasa","1h","Destination_Zone_Resident","Outside_Worker","ZoneGlobale","All_modes","41"
"2020-05-20","Komanda","Mambasa","1h","Destination_Zone_Resident","Destination_Zone_Worker","ZoneGlobale","All_modes","1029"
"2020-05-20","Komanda","Mambasa","1h","Destination_Zone_Resident","Origin_Zone_Worker","ZoneGlobale","All_modes","78"
"2020-05-20","Komanda","Mambasa","1h","Study_Zone_Resident","Study_Zone_Worker","ZoneGlobale","All_modes","152"
"2020-05-20","Komanda","Mambasa","1h","Origin_Zone_Resident","Destination_Zone_Worker","ZoneGlobale","All_modes","132"
"2020-05-20","Komanda","Mambasa","1h","Origin_Zone_Resident","Study_Zone_Worker","ZoneGlobale","All_modes","53"
"2020-05-20","Komanda","Mambasa","1h","Origin_Zone_Resident","Origin_Zone_Worker","ZoneGlobale","All_modes","104"
"2020-05-20","Komanda","Mambasa","3h","Outside_Resident","Outside_Worker","ZoneGlobale","All_modes","243"
"2020-05-20","Komanda","Mambasa","3h","Outside_Resident","Destination_Zone_Worker","ZoneGlobale","All_modes","233"
"2020-05-20","Komanda","Mambasa","3h","Outside_Resident","Study_Zone_Worker","ZoneGlobale","All_modes","106"
"2020-05-20","Komanda","Mambasa","3h","Outside_Resident","Origin_Zone_Worker","ZoneGlobale","All_modes","127"
"2020-05-20","Komanda","Mambasa","3h","Destination_Zone_Resident","Outside_Worker","ZoneGlobale","All_modes","34"
"2020-05-20","Komanda","Mambasa","3h","Destination_Zone_Resident","Destination_Zone_Worker","ZoneGlobale","All_modes","660"
"2020-05-20","Komanda","Mambasa","3h","Destination_Zone_Resident","Origin_Zone_Worker","ZoneGlobale","All_modes","130"
"2020-05-20","Komanda","Mambasa","3h","Study_Zone_Resident","Study_Zone_Worker","ZoneGlobale","All_modes","180"
"2020-05-20","Komanda","Mambasa","3h","Study_Zone_Resident","Origin_Zone_Worker","ZoneGlobale","All_modes","33"
"2020-05-20","Komanda","Mambasa","3h","Origin_Zone_Resident","Destination_Zone_Worker","ZoneGlobale","All_modes","160"
"2020-05-20","Komanda","Mambasa","3h","Origin_Zone_Resident","Study_Zone_Worker","ZoneGlobale","All_modes","126"
"2020-05-20","Komanda","Mambasa","3h","Origin_Zone_Resident","Origin_Zone_Worker","ZoneGlobale","All_modes","304"
"2020-05-20","Komanda","Mutwanga","1h","Outside_Resident","Outside_Worker","ZoneGlobale","All_modes","142"
"2020-05-20","Komanda","Mutwanga","1h","Outside_Resident","Destination_Zone_Worker","ZoneGlobale","All_modes","30"
"2020-05-20","Komanda","Mutwanga","1h","Destination_Zone_Resident","Destination_Zone_Worker","ZoneGlobale","All_modes","99"
"2020-05-20","Komanda","Mutwanga","1h","Destination_Zone_Resident","Origin_Zone_Worker","ZoneGlobale","All_modes","41"
"2020-05-20","Komanda","Mutwanga","1h","Study_Zone_Resident","Study_Zone_Worker","ZoneGlobale","All_modes","187"
"2020-05-20","Komanda","Mutwanga","1h","Origin_Zone_Resident","Destination_Zone_Worker","ZoneGlobale","All_modes","77"
"2020-05-20","Komanda","Mutwanga","1h","Origin_Zone_Resident","Study_Zone_Worker","ZoneGlobale","All_modes","74"
"2020-05-20","Komanda","Mutwanga","1h","Origin_Zone_Resident","Origin_Zone_Worker","ZoneGlobale","All_modes","104"
"2020-05-20","Komanda","Mutwanga","3h","Outside_Resident","Outside_Worker","ZoneGlobale","All_modes","34"
"2020-05-20","Komanda","Mutwanga","3h","Outside_Resident","Destination_Zone_Worker","ZoneGlobale","All_modes","30"
"2020-05-20","Komanda","Mutwanga","3h","Outside_Resident","Study_Zone_Worker","ZoneGlobale","All_modes","32"
"2020-05-20","Komanda","Mutwanga","3h","Outside_Resident","Origin_Zone_Worker","ZoneGlobale","All_modes","79"
"2020-05-20","Komanda","Mutwanga","3h","Destination_Zone_Resident","Destination_Zone_Worker","ZoneGlobale","All_modes","62"
"2020-05-20","Komanda","Mutwanga","3h","Study_Zone_Resident","Study_Zone_Worker","ZoneGlobale","All_modes","196"
"2020-05-20","Komanda","Mutwanga","3h","Study_Zone_Resident","Origin_Zone_Worker","ZoneGlobale","All_modes","31"
"2020-05-20","Komanda","Mutwanga","3h","Origin_Zone_Resident","Destination_Zone_Worker","ZoneGlobale","All_modes","74"
"2020-05-20","Komanda","Mutwanga","3h","Origin_Zone_Resident","Study_Zone_Worker","ZoneGlobale","All_modes","149"
"2020-05-20","Komanda","Mutwanga","3h","Origin_Zone_Resident","Origin_Zone_Worker","ZoneGlobale","All_modes","195"
"2020-05-20","Komanda","Nyakunde","1h","Outside_Resident","Outside_Worker","ZoneGlobale","All_modes","248"
"2020-05-20","Komanda","Nyakunde","1h","Outside_Resident","Origin_Zone_Worker","ZoneGlobale","All_modes","306"
"2020-05-20","Komanda","Nyakunde","1h","Destination_Zone_Resident","Destination_Zone_Worker","ZoneGlobale","All_modes","1024"
"2020-05-20","Komanda","Nyakunde","1h","Destination_Zone_Resident","Origin_Zone_Worker","ZoneGlobale","All_modes","620"
"2020-05-20","Komanda","Nyakunde","1h","Study_Zone_Resident","Study_Zone_Worker","ZoneGlobale","All_modes","81"
"2020-05-20","Komanda","Nyakunde","1h","Origin_Zone_Resident","Destination_Zone_Worker","ZoneGlobale","All_modes","152"
"2020-05-20","Komanda","Nyakunde","1h","Origin_Zone_Resident","Origin_Zone_Worker","ZoneGlobale","All_modes","1654"
"2020-05-20","Komanda","Nyakunde","3h","Outside_Resident","Outside_Worker","ZoneGlobale","All_modes","676"
"2020-05-20","Komanda","Nyakunde","3h","Outside_Resident","Destination_Zone_Worker","ZoneGlobale","All_modes","156"
"2020-05-20","Komanda","Nyakunde","3h","Outside_Resident","Study_Zone_Worker","ZoneGlobale","All_modes","76"
"2020-05-20","Komanda","Nyakunde","3h","Outside_Resident","Origin_Zone_Worker","ZoneGlobale","All_modes","626"
"2020-05-20","Komanda","Nyakunde","3h","Destination_Zone_Resident","Destination_Zone_Worker","ZoneGlobale","All_modes","972"
"2020-05-20","Komanda","Nyakunde","3h","Destination_Zone_Resident","Origin_Zone_Worker","ZoneGlobale","All_modes","744"
"2020-05-20","Komanda","Nyakunde","3h","Study_Zone_Resident","Outside_Worker","ZoneGlobale","All_modes","22"
"2020-05-20","Komanda","Nyakunde","3h","Study_Zone_Resident","Study_Zone_Worker","ZoneGlobale","All_modes","203"
"2020-05-20","Komanda","Nyakunde","3h","Origin_Zone_Resident","Destination_Zone_Worker","ZoneGlobale","All_modes","154"
"2020-05-20","Komanda","Nyakunde","3h","Origin_Zone_Resident","Origin_Zone_Worker","ZoneGlobale","All_modes","2307"
"2020-05-20","Komanda","Oicha","1h","Outside_Resident","Outside_Worker","ZoneGlobale","All_modes","300"
"2020-05-20","Komanda","Oicha","1h","Outside_Resident","Destination_Zone_Worker","ZoneGlobale","All_modes","302"
"2020-05-20","Komanda","Oicha","1h","Outside_Resident","Study_Zone_Worker","ZoneGlobale","All_modes","33"
"2020-05-20","Komanda","Oicha","1h","Outside_Resident","Origin_Zone_Worker","ZoneGlobale","All_modes","32"
"2020-05-20","Komanda","Oicha","1h","Destination_Zone_Resident","Outside_Worker","ZoneGlobale","All_modes","162"
"2020-05-20","Komanda","Oicha","1h","Destination_Zone_Resident","Destination_Zone_Worker","ZoneGlobale","All_modes","1628"
"2020-05-20","Komanda","Oicha","1h","Destination_Zone_Resident","Study_Zone_Worker","ZoneGlobale","All_modes","41"
"2020-05-20","Komanda","Oicha","1h","Destination_Zone_Resident","Origin_Zone_Worker","ZoneGlobale","All_modes","112"
"2020-05-20","Komanda","Oicha","1h","Study_Zone_Resident","Destination_Zone_Worker","ZoneGlobale","All_modes","307"
"2020-05-20","Komanda","Oicha","1h","Study_Zone_Resident","Study_Zone_Worker","ZoneGlobale","All_modes","475"
"2020-05-20","Komanda","Oicha","1h","Origin_Zone_Resident","Outside_Worker","ZoneGlobale","All_modes","110"
"2020-05-20","Komanda","Oicha","1h","Origin_Zone_Resident","Destination_Zone_Worker","ZoneGlobale","All_modes","81"
"2020-05-20","Komanda","Oicha","1h","Origin_Zone_Resident","Origin_Zone_Worker","ZoneGlobale","All_modes","434"
"2020-05-20","Komanda","Oicha","3h","Outside_Resident","Outside_Worker","ZoneGlobale","All_modes","574"
"2020-05-20","Komanda","Oicha","3h","Outside_Resident","Destination_Zone_Worker","ZoneGlobale","All_modes","533"
"2020-05-20","Komanda","Oicha","3h","Outside_Resident","Study_Zone_Worker","ZoneGlobale","All_modes","116"
"2020-05-20","Komanda","Oicha","3h","Outside_Resident","Origin_Zone_Worker","ZoneGlobale","All_modes","311"
"2020-05-20","Komanda","Oicha","3h","Destination_Zone_Resident","Outside_Worker","ZoneGlobale","All_modes","130"
"2020-05-20","Komanda","Oicha","3h","Destination_Zone_Resident","Destination_Zone_Worker","ZoneGlobale","All_modes","1401"
"2020-05-20","Komanda","Oicha","3h","Destination_Zone_Resident","Study_Zone_Worker","ZoneGlobale","All_modes","175"
"2020-05-20","Komanda","Oicha","3h","Destination_Zone_Resident","Origin_Zone_Worker","ZoneGlobale","All_modes","109"
"2020-05-20","Komanda","Oicha","3h","Study_Zone_Resident","Outside_Worker","ZoneGlobale","All_modes","30"
"2020-05-20","Komanda","Oicha","3h","Study_Zone_Resident","Destination_Zone_Worker","ZoneGlobale","All_modes","61"
"2020-05-20","Komanda","Oicha","3h","Study_Zone_Resident","Study_Zone_Worker","ZoneGlobale","All_modes","287"
"2020-05-20","Komanda","Oicha","3h","Origin_Zone_Resident","Outside_Worker","ZoneGlobale","All_modes","110"
"2020-05-20","Komanda","Oicha","3h","Origin_Zone_Resident","Destination_Zone_Worker","ZoneGlobale","All_modes","546"
"2020-05-20","Komanda","Oicha","3h","Origin_Zone_Resident","Study_Zone_Worker","ZoneGlobale","All_modes","306"
"2020-05-20","Komanda","Oicha","3h","Origin_Zone_Resident","Origin_Zone_Worker","ZoneGlobale","All_modes","890"
"2020-05-20","Komanda","Vuhovi","1h","Study_Zone_Resident","Study_Zone_Worker","ZoneGlobale","All_modes","76"
"2020-05-20","Komanda","Vuhovi","3h","Study_Zone_Resident","Study_Zone_Worker","ZoneGlobale","All_modes","61"
"2020-05-20","Kuimba","Tshela","1h","Outside_Resident","Outside_Worker","ZoneGlobale","All_modes","77"
"2020-05-20","Kuimba","Tshela","1h","Destination_Zone_Resident","Destination_Zone_Worker","ZoneGlobale","All_modes","46"
"2020-05-20","Kuimba","Tshela","3h","Outside_Resident","Outside_Worker","ZoneGlobale","All_modes","47"
"2020-05-20","Kuimba","Tshela","3h","Origin_Zone_Resident","Origin_Zone_Worker","ZoneGlobale","All_modes","26"
"2020-05-20","Kuimba","Vaku","1h","Outside_Resident","Destination_Zone_Worker","ZoneGlobale","All_modes","24"
"2020-05-20","Kuimba","Vaku","3h","Outside_Resident","Outside_Worker","ZoneGlobale","All_modes","40"
"2020-05-20","Kuimba","Vaku","3h","Origin_Zone_Resident","Origin_Zone_Worker","ZoneGlobale","All_modes","29"
"2020-05-20","Kunda","Kasongo","1h","Outside_Resident","Outside_Worker","ZoneGlobale","All_modes","389"
"2020-05-20","Kunda","Kasongo","1h","Origin_Zone_Resident","Origin_Zone_Worker","ZoneGlobale","All_modes","455"
"2020-05-20","Kunda","Kasongo","3h","Outside_Resident","Outside_Worker","ZoneGlobale","All_modes","346"
"2020-05-20","Kunda","Kasongo","3h","Origin_Zone_Resident","Outside_Worker","ZoneGlobale","All_modes","358"
"2020-05-20","Kwilu-Ngongo","Boko-Kivulu","1h","Outside_Resident","Outside_Worker","ZoneGlobale","All_modes","640"
"2020-05-20","Kwilu-Ngongo","Boko-Kivulu","1h","Outside_Resident","Destination_Zone_Worker","ZoneGlobale","All_modes","210"
"2020-05-20","Kwilu-Ngongo","Boko-Kivulu","1h","Outside_Resident","Study_Zone_Worker","ZoneGlobale","All_modes","65"
"2020-05-20","Kwilu-Ngongo","Boko-Kivulu","1h","Outside_Resident","Origin_Zone_Worker","ZoneGlobale","All_modes","67"
"2020-05-20","Kwilu-Ngongo","Boko-Kivulu","1h","Destination_Zone_Resident","Outside_Worker","ZoneGlobale","All_modes","137"
"2020-05-20","Kwilu-Ngongo","Boko-Kivulu","1h","Destination_Zone_Resident","Destination_Zone_Worker","ZoneGlobale","All_modes","1923"
"2020-05-20","Kwilu-Ngongo","Boko-Kivulu","1h","Destination_Zone_Resident","Study_Zone_Worker","ZoneGlobale","All_modes","460"
"2020-05-20","Kwilu-Ngongo","Boko-Kivulu","1h","Destination_Zone_Resident","Origin_Zone_Worker","ZoneGlobale","All_modes","383"
"2020-05-20","Kwilu-Ngongo","Boko-Kivulu","1h","Study_Zone_Resident","Outside_Worker","ZoneGlobale","All_modes","72"
"2020-05-20","Kwilu-Ngongo","Boko-Kivulu","1h","Study_Zone_Resident","Destination_Zone_Worker","ZoneGlobale","All_modes","193"
"2020-05-20","Kwilu-Ngongo","Boko-Kivulu","1h","Study_Zone_Resident","Study_Zone_Worker","ZoneGlobale","All_modes","735"
"2020-05-20","Kwilu-Ngongo","Boko-Kivulu","1h","Study_Zone_Resident","Origin_Zone_Worker","ZoneGlobale","All_modes","115"
"2020-05-20","Kwilu-Ngongo","Boko-Kivulu","1h","Origin_Zone_Resident","Outside_Worker","ZoneGlobale","All_modes","96"
"2020-05-20","Kwilu-Ngongo","Boko-Kivulu","1h","Origin_Zone_Resident","Destination_Zone_Worker","ZoneGlobale","All_modes","372"
"2020-05-20","Kwilu-Ngongo","Boko-Kivulu","1h","Origin_Zone_Resident","Study_Zone_Worker","ZoneGlobale","All_modes","74"
"2020-05-20","Kwilu-Ngongo","Boko-Kivulu","1h","Origin_Zone_Resident","Origin_Zone_Worker","ZoneGlobale","All_modes","1274"
"2020-05-20","Kwilu-Ngongo","Boko-Kivulu","3h","Outside_Resident","Outside_Worker","ZoneGlobale","All_modes","755"
"2020-05-20","Kwilu-Ngongo","Boko-Kivulu","3h","Outside_Resident","Destination_Zone_Worker","ZoneGlobale","All_modes","266"
"2020-05-20","Kwilu-Ngongo","Boko-Kivulu","3h","Outside_Resident","Study_Zone_Worker","ZoneGlobale","All_modes","80"
"2020-05-20","Kwilu-Ngongo","Boko-Kivulu","3h","Outside_Resident","Origin_Zone_Worker","ZoneGlobale","All_modes","224"
"2020-05-20","Kwilu-Ngongo","Boko-Kivulu","3h","Destination_Zone_Resident","Outside_Worker","ZoneGlobale","All_modes","137"
"2020-05-20","Kwilu-Ngongo","Boko-Kivulu","3h","Destination_Zone_Resident","Destination_Zone_Worker","ZoneGlobale","All_modes","1495"
"2020-05-20","Kwilu-Ngongo","Boko-Kivulu","3h","Destination_Zone_Resident","Study_Zone_Worker","ZoneGlobale","All_modes","110"
"2020-05-20","Kwilu-Ngongo","Boko-Kivulu","3h","Destination_Zone_Resident","Origin_Zone_Worker","ZoneGlobale","All_modes","359"
"2020-05-20","Kwilu-Ngongo","Boko-Kivulu","3h","Study_Zone_Resident","Outside_Worker","ZoneGlobale","All_modes","45"
"2020-05-20","Kwilu-Ngongo","Boko-Kivulu","3h","Study_Zone_Resident","Destination_Zone_Worker","ZoneGlobale","All_modes","149"
"2020-05-20","Kwilu-Ngongo","Boko-Kivulu","3h","Study_Zone_Resident","Study_Zone_Worker","ZoneGlobale","All_modes","483"
"2020-05-20","Kwilu-Ngongo","Boko-Kivulu","3h","Study_Zone_Resident","Origin_Zone_Worker","ZoneGlobale","All_modes","117"
"2020-05-20","Kwilu-Ngongo","Boko-Kivulu","3h","Origin_Zone_Resident","Outside_Worker","ZoneGlobale","All_modes","167"
"2020-05-20","Kwilu-Ngongo","Boko-Kivulu","3h","Origin_Zone_Resident","Destination_Zone_Worker","ZoneGlobale","All_modes","538"
"2020-05-20","Kwilu-Ngongo","Boko-Kivulu","3h","Origin_Zone_Resident","Study_Zone_Worker","ZoneGlobale","All_modes","113"
"2020-05-20","Kwilu-Ngongo","Boko-Kivulu","3h","Origin_Zone_Resident","Origin_Zone_Worker","ZoneGlobale","All_modes","1788"
"2020-05-20","Kwilu-Ngongo","Boma","3h","Destination_Zone_Resident","Destination_Zone_Worker","ZoneGlobale","All_modes","27"
"2020-05-20","Kwilu-Ngongo","Kimpangu","1h","Outside_Resident","Outside_Worker","ZoneGlobale","All_modes","84"
"2020-05-20","Kwilu-Ngongo","Kimpangu","1h","Outside_Resident","Destination_Zone_Worker","ZoneGlobale","All_modes","27"
"2020-05-20","Kwilu-Ngongo","Kimpangu","1h","Origin_Zone_Resident","Outside_Worker","ZoneGlobale","All_modes","37"
"2020-05-20","Kwilu-Ngongo","Kimpangu","1h","Origin_Zone_Resident","Origin_Zone_Worker","ZoneGlobale","All_modes","142"
"2020-05-20","Kwilu-Ngongo","Kimpangu","3h","Outside_Resident","Outside_Worker","ZoneGlobale","All_modes","130"
"2020-05-20","Kwilu-Ngongo","Kimpangu","3h","Outside_Resident","Destination_Zone_Worker","ZoneGlobale","All_modes","35"
"2020-05-20","Kwilu-Ngongo","Kimpangu","3h","Origin_Zone_Resident","Origin_Zone_Worker","ZoneGlobale","All_modes","312"
"2020-05-20","Kwilu-Ngongo","Kimpese","1h","Outside_Resident","Outside_Worker","ZoneGlobale","All_modes","593"
"2020-05-20","Kwilu-Ngongo","Kimpese","1h","Outside_Resident","Destination_Zone_Worker","Cimetière Mingadi","All_modes","27"
"2020-05-20","Kwilu-Ngongo","Kimpese","1h","Outside_Resident","Destination_Zone_Worker","ZoneGlobale","All_modes","90"
"2020-05-20","Kwilu-Ngongo","Kimpese","1h","Outside_Resident","Study_Zone_Worker","ZoneGlobale","All_modes","51"
"2020-05-20","Kwilu-Ngongo","Kimpese","1h","Outside_Resident","Origin_Zone_Worker","ZoneGlobale","All_modes","86"
"2020-05-20","Kwilu-Ngongo","Kimpese","1h","Destination_Zone_Resident","Outside_Worker","ZoneGlobale","All_modes","63"
"2020-05-20","Kwilu-Ngongo","Kimpese","1h","Destination_Zone_Resident","Destination_Zone_Worker","ZoneGlobale","All_modes","2366"
"2020-05-20","Kwilu-Ngongo","Kimpese","1h","Destination_Zone_Resident","Origin_Zone_Worker","ZoneGlobale","All_modes","318"
"2020-05-20","Kwilu-Ngongo","Kimpese","1h","Study_Zone_Resident","Study_Zone_Worker","MED CITE DES PRIERES","All_modes","25"
"2020-05-20","Kwilu-Ngongo","Kimpese","1h","Study_Zone_Resident","Study_Zone_Worker","ZoneGlobale","All_modes","341"
"2020-05-20","Kwilu-Ngongo","Kimpese","1h","Origin_Zone_Resident","Outside_Worker","ZoneGlobale","All_modes","95"
"2020-05-20","Kwilu-Ngongo","Kimpese","1h","Origin_Zone_Resident","Destination_Zone_Worker","ZoneGlobale","All_modes","488"
"2020-05-20","Kwilu-Ngongo","Kimpese","1h","Origin_Zone_Resident","Study_Zone_Worker","ZoneGlobale","All_modes","28"
"2020-05-20","Kwilu-Ngongo","Kimpese","1h","Origin_Zone_Resident","Origin_Zone_Worker","ZoneGlobale","All_modes","2057"
"2020-05-20","Kwilu-Ngongo","Kimpese","3h","Outside_Resident","Outside_Worker","ZoneGlobale","All_modes","598"
"2020-05-20","Kwilu-Ngongo","Kimpese","3h","Outside_Resident","Destination_Zone_Worker","Cimetière Mingadi","All_modes","27"
"2020-05-20","Kwilu-Ngongo","Kimpese","3h","Outside_Resident","Destination_Zone_Worker","ZoneGlobale","All_modes","126"
"2020-05-20","Kwilu-Ngongo","Kimpese","3h","Outside_Resident","Origin_Zone_Worker","ZoneGlobale","All_modes","116"
"2020-05-20","Kwilu-Ngongo","Kimpese","3h","Destination_Zone_Resident","Outside_Worker","ZoneGlobale","All_modes","44"
"2020-05-20","Kwilu-Ngongo","Kimpese","3h","Destination_Zone_Resident","Destination_Zone_Worker","ZoneGlobale","All_modes","1780"
"2020-05-20","Kwilu-Ngongo","Kimpese","3h","Destination_Zone_Resident","Origin_Zone_Worker","ZoneGlobale","All_modes","381"
"2020-05-20","Kwilu-Ngongo","Kimpese","3h","Study_Zone_Resident","Study_Zone_Worker","ZoneGlobale","All_modes","160"
"2020-05-20","Kwilu-Ngongo","Kimpese","3h","Origin_Zone_Resident","Outside_Worker","ZoneGlobale","All_modes","138"
"2020-05-20","Kwilu-Ngongo","Kimpese","3h","Origin_Zone_Resident","Destination_Zone_Worker","ZoneGlobale","All_modes","510"
"2020-05-20","Kwilu-Ngongo","Kimpese","3h","Origin_Zone_Resident","Origin_Zone_Worker","ZoneGlobale","All_modes","2261"
"2020-05-20","Kwilu-Ngongo","Kisantu","1h","Outside_Resident","Outside_Worker","ZoneGlobale","All_modes","36"
"2020-05-20","Kwilu-Ngongo","Kisantu","1h","Outside_Resident","Study_Zone_Worker","ZoneGlobale","All_modes","27"
"2020-05-20","Kwilu-Ngongo","Kisantu","1h","Study_Zone_Resident","Study_Zone_Worker","ZoneGlobale","All_modes","55"
"2020-05-20","Kwilu-Ngongo","Kisantu","1h","Origin_Zone_Resident","Origin_Zone_Worker","ZoneGlobale","All_modes","33"
"2020-05-20","Kwilu-Ngongo","Kisantu","3h","Outside_Resident","Outside_Worker","ZoneGlobale","All_modes","38"
"2020-05-20","Kwilu-Ngongo","Kisantu","3h","Origin_Zone_Resident","Origin_Zone_Worker","ZoneGlobale","All_modes","43"
"2020-05-20","Kwilu-Ngongo","Masa","3h","Outside_Resident","Outside_Worker","ZoneGlobale","All_modes","54"
"2020-05-20","Kwilu-Ngongo","Masa","3h","Study_Zone_Resident","Study_Zone_Worker","ZoneGlobale","All_modes","63"
"2020-05-20","Kwilu-Ngongo","Matadi","1h","Outside_Resident","Outside_Worker","ZoneGlobale","All_modes","29"
"2020-05-20","Kwilu-Ngongo","Matadi","1h","Study_Zone_Resident","Study_Zone_Worker","CREFM Eglise La Compassion","All_modes","315"
"2020-05-20","Kwilu-Ngongo","Matadi","1h","Study_Zone_Resident","Study_Zone_Worker","Centre Evangélique la Résurrection","All_modes","315"
"2020-05-20","Kwilu-Ngongo","Matadi","1h","Study_Zone_Resident","Study_Zone_Worker","Cimetière sans fil","All_modes","324"
"2020-05-20","Kwilu-Ngongo","Matadi","1h","Study_Zone_Resident","Study_Zone_Worker","Croissement Kianza et Université","All_modes","315"
"2020-05-20","Kwilu-Ngongo","Matadi","1h","Study_Zone_Resident","Study_Zone_Worker","Eglise les Semeurs","All_modes","323"
"2020-05-20","Kwilu-Ngongo","Matadi","1h","Study_Zone_Resident","Study_Zone_Worker","MED CITE DES PRIERES","All_modes","315"
"2020-05-20","Kwilu-Ngongo","Matadi","1h","Study_Zone_Resident","Study_Zone_Worker","Ministere combat spirituel","All_modes","315"
"2020-05-20","Kwilu-Ngongo","Matadi","1h","Study_Zone_Resident","Study_Zone_Worker","Paroisse Saint Benoît","All_modes","323"
"2020-05-20","Kwilu-Ngongo","Matadi","1h","Study_Zone_Resident","Study_Zone_Worker","Pont Matete","All_modes","315"
"2020-05-20","Kwilu-Ngongo","Matadi","1h","Study_Zone_Resident","Study_Zone_Worker","Rond Point Ngaba","All_modes","315"
"2020-05-20","Kwilu-Ngongo","Matadi","1h","Study_Zone_Resident","Study_Zone_Worker","St.Christine","All_modes","315"
"2020-05-20","Kwilu-Ngongo","Matadi","1h","Study_Zone_Resident","Study_Zone_Worker","ZoneGlobale","All_modes","361"
"2020-05-20","Kwilu-Ngongo","Matadi","3h","Outside_Resident","Outside_Worker","ZoneGlobale","All_modes","45"
"2020-05-20","Kwilu-Ngongo","Matadi","3h","Outside_Resident","Study_Zone_Worker","ZoneGlobale","All_modes","28"
"2020-05-20","Kwilu-Ngongo","Matadi","3h","Destination_Zone_Resident","Destination_Zone_Worker","ZoneGlobale","All_modes","35"
"2020-05-20","Kwilu-Ngongo","Matadi","3h","Study_Zone_Resident","Study_Zone_Worker","CREFM Eglise La Compassion","All_modes","315"
"2020-05-20","Kwilu-Ngongo","Matadi","3h","Study_Zone_Resident","Study_Zone_Worker","Centre Evangélique la Résurrection","All_modes","315"
"2020-05-20","Kwilu-Ngongo","Matadi","3h","Study_Zone_Resident","Study_Zone_Worker","Cimetière sans fil","All_modes","315"
"2020-05-20","Kwilu-Ngongo","Matadi","3h","Study_Zone_Resident","Study_Zone_Worker","Croissement Kianza et Université","All_modes","315"
"2020-05-20","Kwilu-Ngongo","Matadi","3h","Study_Zone_Resident","Study_Zone_Worker","Eglise les Semeurs","All_modes","315"
"2020-05-20","Kwilu-Ngongo","Matadi","3h","Study_Zone_Resident","Study_Zone_Worker","MED CITE DES PRIERES","All_modes","315"
"2020-05-20","Kwilu-Ngongo","Matadi","3h","Study_Zone_Resident","Study_Zone_Worker","Ministere combat spirituel","All_modes","315"
"2020-05-20","Kwilu-Ngongo","Matadi","3h","Study_Zone_Resident","Study_Zone_Worker","Paroisse Saint Benoît","All_modes","315"
"2020-05-20","Kwilu-Ngongo","Matadi","3h","Study_Zone_Resident","Study_Zone_Worker","Pont Matete","All_modes","315"
"2020-05-20","Kwilu-Ngongo","Matadi","3h","Study_Zone_Resident","Study_Zone_Worker","Rond Point Ngaba","All_modes","315"
"2020-05-20","Kwilu-Ngongo","Matadi","3h","Study_Zone_Resident","Study_Zone_Worker","St.Christine","All_modes","315"
"2020-05-20","Kwilu-Ngongo","Matadi","3h","Study_Zone_Resident","Study_Zone_Worker","ZoneGlobale","All_modes","350"
"2020-05-20","Kwilu-Ngongo","Mbanza-Ngungu","1h","Outside_Resident","Outside_Worker","ZoneGlobale","All_modes","469"
"2020-05-20","Kwilu-Ngongo","Mbanza-Ngungu","1h","Outside_Resident","Destination_Zone_Worker","ZoneGlobale","All_modes","188"
"2020-05-20","Kwilu-Ngongo","Mbanza-Ngungu","1h","Outside_Resident","Study_Zone_Worker","ZoneGlobale","All_modes","47"
"2020-05-20","Kwilu-Ngongo","Mbanza-Ngungu","1h","Outside_Resident","Origin_Zone_Worker","ZoneGlobale","All_modes","48"
"2020-05-20","Kwilu-Ngongo","Mbanza-Ngungu","1h","Destination_Zone_Resident","Outside_Worker","ZoneGlobale","All_modes","48"
"2020-05-20","Kwilu-Ngongo","Mbanza-Ngungu","1h","Destination_Zone_Resident","Destination_Zone_Worker","ZoneGlobale","All_modes","1544"
"2020-05-20","Kwilu-Ngongo","Mbanza-Ngungu","1h","Destination_Zone_Resident","Study_Zone_Worker","ZoneGlobale","All_modes","135"
"2020-05-20","Kwilu-Ngongo","Mbanza-Ngungu","1h","Destination_Zone_Resident","Origin_Zone_Worker","ZoneGlobale","All_modes","310"
"2020-05-20","Kwilu-Ngongo","Mbanza-Ngungu","1h","Study_Zone_Resident","Destination_Zone_Worker","ZoneGlobale","All_modes","117"
"2020-05-20","Kwilu-Ngongo","Mbanza-Ngungu","1h","Study_Zone_Resident","Study_Zone_Worker","Cimetière Mingadi","All_modes","34"
"2020-05-20","Kwilu-Ngongo","Mbanza-Ngungu","1h","Study_Zone_Resident","Study_Zone_Worker","Cimetière sans fil","All_modes","34"
"2020-05-20","Kwilu-Ngongo","Mbanza-Ngungu","1h","Study_Zone_Resident","Study_Zone_Worker","ZoneGlobale","All_modes","382"
"2020-05-20","Kwilu-Ngongo","Mbanza-Ngungu","1h","Study_Zone_Resident","Origin_Zone_Worker","ZoneGlobale","All_modes","71"
"2020-05-20","Kwilu-Ngongo","Mbanza-Ngungu","1h","Origin_Zone_Resident","Outside_Worker","ZoneGlobale","All_modes","45"
"2020-05-20","Kwilu-Ngongo","Mbanza-Ngungu","1h","Origin_Zone_Resident","Destination_Zone_Worker","ZoneGlobale","All_modes","363"
"2020-05-20","Kwilu-Ngongo","Mbanza-Ngungu","1h","Origin_Zone_Resident","Study_Zone_Worker","ZoneGlobale","All_modes","81"
"2020-05-20","Kwilu-Ngongo","Mbanza-Ngungu","1h","Origin_Zone_Resident","Origin_Zone_Worker","ZoneGlobale","All_modes","1183"
"2020-05-20","Kwilu-Ngongo","Mbanza-Ngungu","3h","Outside_Resident","Outside_Worker","ZoneGlobale","All_modes","599"
"2020-05-20","Kwilu-Ngongo","Mbanza-Ngungu","3h","Outside_Resident","Destination_Zone_Worker","ZoneGlobale","All_modes","141"
"2020-05-20","Kwilu-Ngongo","Mbanza-Ngungu","3h","Outside_Resident","Study_Zone_Worker","ZoneGlobale","All_modes","46"
"2020-05-20","Kwilu-Ngongo","Mbanza-Ngungu","3h","Outside_Resident","Origin_Zone_Worker","ZoneGlobale","All_modes","79"
"2020-05-20","Kwilu-Ngongo","Mbanza-Ngungu","3h","Destination_Zone_Resident","Outside_Worker","ZoneGlobale","All_modes","85"
"2020-05-20","Kwilu-Ngongo","Mbanza-Ngungu","3h","Destination_Zone_Resident","Destination_Zone_Worker","ZoneGlobale","All_modes","1290"
"2020-05-20","Kwilu-Ngongo","Mbanza-Ngungu","3h","Destination_Zone_Resident","Study_Zone_Worker","ZoneGlobale","All_modes","36"
"2020-05-20","Kwilu-Ngongo","Mbanza-Ngungu","3h","Destination_Zone_Resident","Origin_Zone_Worker","ZoneGlobale","All_modes","231"
"2020-05-20","Kwilu-Ngongo","Mbanza-Ngungu","3h","Study_Zone_Resident","Outside_Worker","ZoneGlobale","All_modes","35"
"2020-05-20","Kwilu-Ngongo","Mbanza-Ngungu","3h","Study_Zone_Resident","Destination_Zone_Worker","ZoneGlobale","All_modes","56"
"2020-05-20","Kwilu-Ngongo","Mbanza-Ngungu","3h","Study_Zone_Resident","Study_Zone_Worker","ZoneGlobale","All_modes","354"
"2020-05-20","Kwilu-Ngongo","Mbanza-Ngungu","3h","Study_Zone_Resident","Origin_Zone_Worker","ZoneGlobale","All_modes","37"
"2020-05-20","Kwilu-Ngongo","Mbanza-Ngungu","3h","Origin_Zone_Resident","Outside_Worker","ZoneGlobale","All_modes","121"
"2020-05-20","Kwilu-Ngongo","Mbanza-Ngungu","3h","Origin_Zone_Resident","Destination_Zone_Worker","ZoneGlobale","All_modes","337"
"2020-05-20","Kwilu-Ngongo","Mbanza-Ngungu","3h","Origin_Zone_Resident","Study_Zone_Worker","ZoneGlobale","All_modes","84"
"2020-05-20","Kwilu-Ngongo","Mbanza-Ngungu","3h","Origin_Zone_Resident","Origin_Zone_Worker","ZoneGlobale","All_modes","1026"
"2020-05-20","Kwilu-Ngongo","Mont Ngafula I","3h","Outside_Resident","Outside_Worker","ZoneGlobale","All_modes","45"
"2020-05-20","Kwilu-Ngongo","Mont Ngafula I","3h","Study_Zone_Resident","Study_Zone_Worker","ZoneGlobale","All_modes","26"
"2020-05-20","Kwilu-Ngongo","Mont Ngafula II","3h","Study_Zone_Resident","Study_Zone_Worker","ZoneGlobale","All_modes","28"
"2020-05-20","Kwilu-Ngongo","Mont Ngafula II","3h","Origin_Zone_Resident","Origin_Zone_Worker","ZoneGlobale","All_modes","28"
"2020-05-20","Kwilu-Ngongo","Nsona-Mpangu","1h","Outside_Resident","Outside_Worker","ZoneGlobale","All_modes","113"
"2020-05-20","Kwilu-Ngongo","Nsona-Mpangu","1h","Outside_Resident","Destination_Zone_Worker","ZoneGlobale","All_modes","27"
"2020-05-20","Kwilu-Ngongo","Nsona-Mpangu","1h","Study_Zone_Resident","Study_Zone_Worker","Cimetière Mingadi","All_modes","38"
"2020-05-20","Kwilu-Ngongo","Nsona-Mpangu","1h","Study_Zone_Resident","Study_Zone_Worker","Cimetière sans fil","All_modes","29"
"2020-05-20","Kwilu-Ngongo","Nsona-Mpangu","1h","Study_Zone_Resident","Study_Zone_Worker","ZoneGlobale","All_modes","136"
"2020-05-20","Kwilu-Ngongo","Nsona-Mpangu","3h","Outside_Resident","Outside_Worker","ZoneGlobale","All_modes","95"
"2020-05-20","Kwilu-Ngongo","Nsona-Mpangu","3h","Destination_Zone_Resident","Destination_Zone_Worker","ZoneGlobale","All_modes","28"
"2020-05-20","Kwilu-Ngongo","Nsona-Mpangu","3h","Study_Zone_Resident","Study_Zone_Worker","ZoneGlobale","All_modes","81"
"2020-05-20","Kwilu-Ngongo","Sona-Bata","1h","Study_Zone_Resident","Study_Zone_Worker","ZoneGlobale","All_modes","36"
"2020-05-20","Kwilu-Ngongo","Sona-Bata","3h","Outside_Resident","Study_Zone_Worker","ZoneGlobale","All_modes","35"
"2020-05-20","Kwilu-Ngongo","Sona-Bata","3h","Study_Zone_Resident","Study_Zone_Worker","ZoneGlobale","All_modes","35"
"2020-05-20","Kyondo","Alimbongo","1h","Destination_Zone_Resident","Destination_Zone_Worker","ZoneGlobale","All_modes","53"
"2020-05-20","Kyondo","Alimbongo","3h","Destination_Zone_Resident","Destination_Zone_Worker","ZoneGlobale","All_modes","53"
"2020-05-20","Kyondo","Beni","1h","Outside_Resident","Destination_Zone_Worker","ZoneGlobale","All_modes","271"
"2020-05-20","Kyondo","Beni","1h","Outside_Resident","Study_Zone_Worker","ZoneGlobale","All_modes","33"
"2020-05-20","Kyondo","Beni","1h","Destination_Zone_Resident","Origin_Zone_Worker","ZoneGlobale","All_modes","38"
"2020-05-20","Kyondo","Beni","3h","Outside_Resident","Destination_Zone_Worker","ZoneGlobale","All_modes","30"
"2020-05-20","Kyondo","Beni","3h","Outside_Resident","Origin_Zone_Worker","ZoneGlobale","All_modes","39"
"2020-05-20","Kyondo","Beni","3h","Destination_Zone_Resident","Destination_Zone_Worker","ZoneGlobale","All_modes","64"
"2020-05-20","Kyondo","Beni","3h","Destination_Zone_Resident","Origin_Zone_Worker","ZoneGlobale","All_modes","38"
"2020-05-20","Kyondo","Beni","3h","Study_Zone_Resident","Origin_Zone_Worker","ZoneGlobale","All_modes","30"
"2020-05-20","Kyondo","Katwa","1h","Outside_Resident","Outside_Worker","ZoneGlobale","All_modes","260"
"2020-05-20","Kyondo","Katwa","1h","Outside_Resident","Destination_Zone_Worker","ZoneGlobale","All_modes","366"
"2020-05-20","Kyondo","Katwa","1h","Outside_Resident","Origin_Zone_Worker","ZoneGlobale","All_modes","137"
"2020-05-20","Kyondo","Katwa","1h","Destination_Zone_Resident","Destination_Zone_Worker","ZoneGlobale","All_modes","690"
"2020-05-20","Kyondo","Katwa","1h","Destination_Zone_Resident","Origin_Zone_Worker","ZoneGlobale","All_modes","30"
"2020-05-20","Kyondo","Katwa","1h","Study_Zone_Resident","Outside_Worker","ZoneGlobale","All_modes","32"
"2020-05-20","Kyondo","Katwa","1h","Study_Zone_Resident","Destination_Zone_Worker","ZoneGlobale","All_modes","106"
"2020-05-20","Kyondo","Katwa","1h","Study_Zone_Resident","Study_Zone_Worker","ZoneGlobale","All_modes","188"
"2020-05-20","Kyondo","Katwa","1h","Origin_Zone_Resident","Destination_Zone_Worker","ZoneGlobale","All_modes","511"
"2020-05-20","Kyondo","Katwa","1h","Origin_Zone_Resident","Study_Zone_Worker","ZoneGlobale","All_modes","75"
"2020-05-20","Kyondo","Katwa","1h","Origin_Zone_Resident","Origin_Zone_Worker","ZoneGlobale","All_modes","127"
"2020-05-20","Kyondo","Katwa","3h","Outside_Resident","Outside_Worker","ZoneGlobale","All_modes","241"
"2020-05-20","Kyondo","Katwa","3h","Outside_Resident","Destination_Zone_Worker","ZoneGlobale","All_modes","629"
"2020-05-20","Kyondo","Katwa","3h","Outside_Resident","Origin_Zone_Worker","ZoneGlobale","All_modes","131"
"2020-05-20","Kyondo","Katwa","3h","Destination_Zone_Resident","Destination_Zone_Worker","ZoneGlobale","All_modes","796"
"2020-05-20","Kyondo","Katwa","3h","Destination_Zone_Resident","Origin_Zone_Worker","ZoneGlobale","All_modes","64"
"2020-05-20","Kyondo","Katwa","3h","Study_Zone_Resident","Outside_Worker","ZoneGlobale","All_modes","31"
"2020-05-20","Kyondo","Katwa","3h","Study_Zone_Resident","Destination_Zone_Worker","ZoneGlobale","All_modes","102"
"2020-05-20","Kyondo","Katwa","3h","Study_Zone_Resident","Study_Zone_Worker","ZoneGlobale","All_modes","401"
"2020-05-20","Kyondo","Katwa","3h","Origin_Zone_Resident","Destination_Zone_Worker","ZoneGlobale","All_modes","966"
"2020-05-20","Kyondo","Katwa","3h","Origin_Zone_Resident","Study_Zone_Worker","ZoneGlobale","All_modes","70"
"2020-05-20","Kyondo","Katwa","3h","Origin_Zone_Resident","Origin_Zone_Worker","ZoneGlobale","All_modes","367"
"2020-05-20","Kyondo","Lubero","1h","Destination_Zone_Resident","Destination_Zone_Worker","ZoneGlobale","All_modes","30"
"2020-05-20","Kyondo","Lubero","1h","Origin_Zone_Resident","Study_Zone_Worker","ZoneGlobale","All_modes","40"
"2020-05-20","Kyondo","Lubero","3h","Destination_Zone_Resident","Destination_Zone_Worker","ZoneGlobale","All_modes","30"
"2020-05-20","Kyondo","Lubero","3h","Study_Zone_Resident","Study_Zone_Worker","ZoneGlobale","All_modes","53"
"2020-05-20","Kyondo","Masereka","3h","Outside_Resident","Study_Zone_Worker","ZoneGlobale","All_modes","44"
"2020-05-20","Kyondo","Musienene","1h","Outside_Resident","Outside_Worker","ZoneGlobale","All_modes","173"
"2020-05-20","Kyondo","Musienene","1h","Outside_Resident","Destination_Zone_Worker","ZoneGlobale","All_modes","76"
"2020-05-20","Kyondo","Musienene","1h","Outside_Resident","Study_Zone_Worker","ZoneGlobale","All_modes","53"
"2020-05-20","Kyondo","Musienene","1h","Outside_Resident","Origin_Zone_Worker","ZoneGlobale","All_modes","71"
"2020-05-20","Kyondo","Musienene","1h","Destination_Zone_Resident","Destination_Zone_Worker","ZoneGlobale","All_modes","326"
"2020-05-20","Kyondo","Musienene","1h","Destination_Zone_Resident","Origin_Zone_Worker","ZoneGlobale","All_modes","44"
"2020-05-20","Kyondo","Musienene","1h","Study_Zone_Resident","Study_Zone_Worker","ZoneGlobale","All_modes","120"
"2020-05-20","Kyondo","Musienene","1h","Origin_Zone_Resident","Destination_Zone_Worker","ZoneGlobale","All_modes","73"
"2020-05-20","Kyondo","Musienene","1h","Origin_Zone_Resident","Study_Zone_Worker","ZoneGlobale","All_modes","78"
"2020-05-20","Kyondo","Musienene","1h","Origin_Zone_Resident","Origin_Zone_Worker","ZoneGlobale","All_modes","80"
"2020-05-20","Kyondo","Musienene","3h","Outside_Resident","Outside_Worker","ZoneGlobale","All_modes","145"
"2020-05-20","Kyondo","Musienene","3h","Outside_Resident","Destination_Zone_Worker","ZoneGlobale","All_modes","114"
"2020-05-20","Kyondo","Musienene","3h","Outside_Resident","Study_Zone_Worker","ZoneGlobale","All_modes","99"
"2020-05-20","Kyondo","Musienene","3h","Outside_Resident","Origin_Zone_Worker","ZoneGlobale","All_modes","139"
"2020-05-20","Kyondo","Musienene","3h","Destination_Zone_Resident","Destination_Zone_Worker","ZoneGlobale","All_modes","204"
"2020-05-20","Kyondo","Musienene","3h","Destination_Zone_Resident","Origin_Zone_Worker","ZoneGlobale","All_modes","75"
"2020-05-20","Kyondo","Musienene","3h","Study_Zone_Resident","Study_Zone_Worker","ZoneGlobale","All_modes","147"
"2020-05-20","Kyondo","Musienene","3h","Origin_Zone_Resident","Study_Zone_Worker","ZoneGlobale","All_modes","68"
"2020-05-20","Kyondo","Musienene","3h","Origin_Zone_Resident","Origin_Zone_Worker","ZoneGlobale","All_modes","293"
"2020-05-20","Kyondo","Mutwanga","1h","Outside_Resident","Outside_Worker","ZoneGlobale","All_modes","368"
"2020-05-20","Kyondo","Mutwanga","1h","Outside_Resident","Destination_Zone_Worker","ZoneGlobale","All_modes","142"
"2020-05-20","Kyondo","Mutwanga","1h","Outside_Resident","Origin_Zone_Worker","ZoneGlobale","All_modes","98"
"2020-05-20","Kyondo","Mutwanga","1h","Destination_Zone_Resident","Outside_Worker","ZoneGlobale","All_modes","30"
"2020-05-20","Kyondo","Mutwanga","1h","Destination_Zone_Resident","Destination_Zone_Worker","ZoneGlobale","All_modes","215"
"2020-05-20","Kyondo","Mutwanga","1h","Destination_Zone_Resident","Origin_Zone_Worker","ZoneGlobale","All_modes","30"
"2020-05-20","Kyondo","Mutwanga","1h","Study_Zone_Resident","Outside_Worker","ZoneGlobale","All_modes","41"
"2020-05-20","Kyondo","Mutwanga","1h","Study_Zone_Resident","Study_Zone_Worker","ZoneGlobale","All_modes","71"
"2020-05-20","Kyondo","Mutwanga","1h","Origin_Zone_Resident","Destination_Zone_Worker","ZoneGlobale","All_modes","115"
"2020-05-20","Kyondo","Mutwanga","1h","Origin_Zone_Resident","Origin_Zone_Worker","ZoneGlobale","All_modes","148"
"2020-05-20","Kyondo","Mutwanga","3h","Outside_Resident","Outside_Worker","ZoneGlobale","All_modes","249"
"2020-05-20","Kyondo","Mutwanga","3h","Outside_Resident","Destination_Zone_Worker","ZoneGlobale","All_modes","146"
"2020-05-20","Kyondo","Mutwanga","3h","Outside_Resident","Origin_Zone_Worker","ZoneGlobale","All_modes","150"
"2020-05-20","Kyondo","Mutwanga","3h","Destination_Zone_Resident","Outside_Worker","ZoneGlobale","All_modes","30"
"2020-05-20","Kyondo","Mutwanga","3h","Destination_Zone_Resident","Destination_Zone_Worker","ZoneGlobale","All_modes","224"
"2020-05-20","Kyondo","Mutwanga","3h","Destination_Zone_Resident","Origin_Zone_Worker","ZoneGlobale","All_modes","60"
"2020-05-20","Kyondo","Mutwanga","3h","Study_Zone_Resident","Study_Zone_Worker","ZoneGlobale","All_modes","104"
"2020-05-20","Kyondo","Mutwanga","3h","Origin_Zone_Resident","Destination_Zone_Worker","ZoneGlobale","All_modes","90"
"2020-05-20","Kyondo","Mutwanga","3h","Origin_Zone_Resident","Origin_Zone_Worker","ZoneGlobale","All_modes","657"
"2020-05-20","Kyondo","Oicha","3h","Outside_Resident","Outside_Worker","ZoneGlobale","All_modes","39"
"2020-05-20","Kyondo","Vuhovi","1h","Outside_Resident","Outside_Worker","ZoneGlobale","All_modes","289"
"2020-05-20","Kyondo","Vuhovi","1h","Outside_Resident","Destination_Zone_Worker","ZoneGlobale","All_modes","72"
"2020-05-20","Kyondo","Vuhovi","1h","Outside_Resident","Origin_Zone_Worker","ZoneGlobale","All_modes","39"
"2020-05-20","Kyondo","Vuhovi","1h","Destination_Zone_Resident","Outside_Worker","ZoneGlobale","All_modes","53"
"2020-05-20","Kyondo","Vuhovi","1h","Destination_Zone_Resident","Destination_Zone_Worker","ZoneGlobale","All_modes","277"
"2020-05-20","Kyondo","Vuhovi","1h","Destination_Zone_Resident","Study_Zone_Worker","ZoneGlobale","All_modes","32"
"2020-05-20","Kyondo","Vuhovi","1h","Study_Zone_Resident","Study_Zone_Worker","ZoneGlobale","All_modes","233"
"2020-05-20","Kyondo","Vuhovi","1h","Origin_Zone_Resident","Destination_Zone_Worker","ZoneGlobale","All_modes","70"
"2020-05-20","Kyondo","Vuhovi","1h","Origin_Zone_Resident","Origin_Zone_Worker","ZoneGlobale","All_modes","217"
"2020-05-20","Kyondo","Vuhovi","3h","Outside_Resident","Outside_Worker","ZoneGlobale","All_modes","442"
"2020-05-20","Kyondo","Vuhovi","3h","Outside_Resident","Destination_Zone_Worker","ZoneGlobale","All_modes","194"
"2020-05-20","Kyondo","Vuhovi","3h","Outside_Resident","Study_Zone_Worker","ZoneGlobale","All_modes","67"
"2020-05-20","Kyondo","Vuhovi","3h","Outside_Resident","Origin_Zone_Worker","ZoneGlobale","All_modes","102"
"2020-05-20","Kyondo","Vuhovi","3h","Destination_Zone_Resident","Outside_Worker","ZoneGlobale","All_modes","53"
"2020-05-20","Kyondo","Vuhovi","3h","Destination_Zone_Resident","Destination_Zone_Worker","ZoneGlobale","All_modes","243"
"2020-05-20","Kyondo","Vuhovi","3h","Destination_Zone_Resident","Study_Zone_Worker","ZoneGlobale","All_modes","87"
"2020-05-20","Kyondo","Vuhovi","3h","Destination_Zone_Resident","Origin_Zone_Worker","ZoneGlobale","All_modes","53"
"2020-05-20","Kyondo","Vuhovi","3h","Study_Zone_Resident","Study_Zone_Worker","ZoneGlobale","All_modes","136"
"2020-05-20","Kyondo","Vuhovi","3h","Origin_Zone_Resident","Destination_Zone_Worker","ZoneGlobale","All_modes","93"
"2020-05-20","Kyondo","Vuhovi","3h","Origin_Zone_Resident","Study_Zone_Worker","ZoneGlobale","All_modes","64"
"2020-05-20","Kyondo","Vuhovi","3h","Origin_Zone_Resident","Origin_Zone_Worker","ZoneGlobale","All_modes","326"
"2020-05-20","Lemba","Barumbu","1h","Outside_Resident","Outside_Worker","CREFM Eglise La Compassion","All_modes","26"
"2020-05-20","Lemba","Barumbu","1h","Outside_Resident","Outside_Worker","Croissement Kianza et Université","All_modes","24"
"2020-05-20","Lemba","Barumbu","1h","Outside_Resident","Outside_Worker","Eglise locale Cbfc Itaga","All_modes","59"
"2020-05-20","Lemba","Barumbu","1h","Outside_Resident","Outside_Worker","Pont Matete","All_modes","26"
"2020-05-20","Lemba","Barumbu","1h","Outside_Resident","Outside_Worker","ZoneGlobale","All_modes","119"
"2020-05-20","Lemba","Barumbu","1h","Outside_Resident","Destination_Zone_Worker","ZoneGlobale","All_modes","45"
"2020-05-20","Lemba","Barumbu","1h","Outside_Resident","Origin_Zone_Worker","ZoneGlobale","All_modes","26"
"2020-05-20","Lemba","Barumbu","1h","Destination_Zone_Resident","Destination_Zone_Worker","Baruti Tabernacle","All_modes","25"
"2020-05-20","Lemba","Barumbu","1h","Destination_Zone_Resident","Destination_Zone_Worker","Bienvenue","All_modes","42"
"2020-05-20","Lemba","Barumbu","1h","Destination_Zone_Resident","Destination_Zone_Worker","CREFM Eglise La Compassion","All_modes","26"
"2020-05-20","Lemba","Barumbu","1h","Destination_Zone_Resident","Destination_Zone_Worker","Centre Evangélique la Résurrection","All_modes","25"
"2020-05-20","Lemba","Barumbu","1h","Destination_Zone_Resident","Destination_Zone_Worker","Centre Missionnaire Evangélique au Congo","All_modes","25"
"2020-05-20","Lemba","Barumbu","1h","Destination_Zone_Resident","Destination_Zone_Worker","Croissement Kianza et Université","All_modes","33"
"2020-05-20","Lemba","Barumbu","1h","Destination_Zone_Resident","Destination_Zone_Worker","Eglise Francophone Ecole de Tyrannus","All_modes","26"
"2020-05-20","Lemba","Barumbu","1h","Destination_Zone_Resident","Destination_Zone_Worker","Eglise La Semence Seeds Church","All_modes","25"
"2020-05-20","Lemba","Barumbu","1h","Destination_Zone_Resident","Destination_Zone_Worker","Eglise Mission Evangelique Réconciliation Spirituel International MERSI","All_modes","33"
"2020-05-20","Lemba","Barumbu","1h","Destination_Zone_Resident","Destination_Zone_Worker","Eglise Saint Paul","All_modes","26"
"2020-05-20","Lemba","Barumbu","1h","Destination_Zone_Resident","Destination_Zone_Worker","Eglise les Semeurs","All_modes","42"
"2020-05-20","Lemba","Barumbu","1h","Destination_Zone_Resident","Destination_Zone_Worker","Lemba Terminus","All_modes","68"
"2020-05-20","Lemba","Barumbu","1h","Destination_Zone_Resident","Destination_Zone_Worker","MED CITE DES PRIERES","All_modes","34"
"2020-05-20","Lemba","Barumbu","1h","Destination_Zone_Resident","Destination_Zone_Worker","Paroisse Notre-Dame d'Afrique","All_modes","25"
"2020-05-20","Lemba","Barumbu","1h","Destination_Zone_Resident","Destination_Zone_Worker","Paroisse Saint Benoît","All_modes","26"
"2020-05-20","Lemba","Barumbu","1h","Destination_Zone_Resident","Destination_Zone_Worker","Pont Matete","All_modes","34"
"2020-05-20","Lemba","Barumbu","1h","Destination_Zone_Resident","Destination_Zone_Worker","Religieuses de l'Assomption","All_modes","25"
"2020-05-20","Lemba","Barumbu","1h","Destination_Zone_Resident","Destination_Zone_Worker","Rond Point Ngaba","All_modes","34"
"2020-05-20","Lemba","Barumbu","1h","Destination_Zone_Resident","Destination_Zone_Worker","Saint Augustin de Lemba","All_modes","25"
"2020-05-20","Lemba","Barumbu","1h","Destination_Zone_Resident","Destination_Zone_Worker","St.Christine","All_modes","34"
"2020-05-20","Lemba","Barumbu","1h","Destination_Zone_Resident","Destination_Zone_Worker","ZoneGlobale","All_modes","146"
"2020-05-20","Lemba","Barumbu","1h","Study_Zone_Resident","Destination_Zone_Worker","Croissement Kianza et Université","All_modes","26"
"2020-05-20","Lemba","Barumbu","1h","Study_Zone_Resident","Destination_Zone_Worker","Eglise locale Cbfc Itaga","All_modes","26"
"2020-05-20","Lemba","Barumbu","1h","Study_Zone_Resident","Destination_Zone_Worker","ZoneGlobale","All_modes","52"
"2020-05-20","Lemba","Barumbu","1h","Study_Zone_Resident","Study_Zone_Worker","Bienvenue","All_modes","95"
"2020-05-20","Lemba","Barumbu","1h","Study_Zone_Resident","Study_Zone_Worker","Bon Marché","All_modes","43"
"2020-05-20","Lemba","Barumbu","1h","Study_Zone_Resident","Study_Zone_Worker","CREFM Eglise La Compassion","All_modes","52"
"2020-05-20","Lemba","Barumbu","1h","Study_Zone_Resident","Study_Zone_Worker","Centre Evangélique la Résurrection","All_modes","52"
"2020-05-20","Lemba","Barumbu","1h","Study_Zone_Resident","Study_Zone_Worker","Croissement Kianza et Université","All_modes","79"
"2020-05-20","Lemba","Barumbu","1h","Study_Zone_Resident","Study_Zone_Worker","Eglise Kimbanguiste","All_modes","26"
"2020-05-20","Lemba","Barumbu","1h","Study_Zone_Resident","Study_Zone_Worker","Eglise Mission Evangelique Réconciliation Spirituel International MERSI","All_modes","34"
"2020-05-20","Lemba","Barumbu","1h","Study_Zone_Resident","Study_Zone_Worker","Eglise Saint Paul","All_modes","25"
"2020-05-20","Lemba","Barumbu","1h","Study_Zone_Resident","Study_Zone_Worker","Eglise les Semeurs","All_modes","42"
"2020-05-20","Lemba","Barumbu","1h","Study_Zone_Resident","Study_Zone_Worker","Eglise locale Cbfc Itaga","All_modes","35"
"2020-05-20","Lemba","Barumbu","1h","Study_Zone_Resident","Study_Zone_Worker","Kinkole","All_modes","25"
"2020-05-20","Lemba","Barumbu","1h","Study_Zone_Resident","Study_Zone_Worker","MED CITE DES PRIERES","All_modes","43"
"2020-05-20","Lemba","Barumbu","1h","Study_Zone_Resident","Study_Zone_Worker","Marché de super lemba","All_modes","34"
"2020-05-20","Lemba","Barumbu","1h","Study_Zone_Resident","Study_Zone_Worker","Ministere combat spirituel","All_modes","34"
"2020-05-20","Lemba","Barumbu","1h","Study_Zone_Resident","Study_Zone_Worker","Mosque Bon Marche","All_modes","35"
"2020-05-20","Lemba","Barumbu","1h","Study_Zone_Resident","Study_Zone_Worker","ORCA","All_modes","34"
"2020-05-20","Lemba","Barumbu","1h","Study_Zone_Resident","Study_Zone_Worker","Paroisse saint Eloi","All_modes","34"
"2020-05-20","Lemba","Barumbu","1h","Study_Zone_Resident","Study_Zone_Worker","Pont Matete","All_modes","34"
"2020-05-20","Lemba","Barumbu","1h","Study_Zone_Resident","Study_Zone_Worker","Regal","All_modes","43"
"2020-05-20","Lemba","Barumbu","1h","Study_Zone_Resident","Study_Zone_Worker","Religieuses de l'Assomption","All_modes","34"
"2020-05-20","Lemba","Barumbu","1h","Study_Zone_Resident","Study_Zone_Worker","Rond Point Ngaba","All_modes","43"
"2020-05-20","Lemba","Barumbu","1h","Study_Zone_Resident","Study_Zone_Worker","Rond point super lemba","All_modes","34"
"2020-05-20","Lemba","Barumbu","1h","Study_Zone_Resident","Study_Zone_Worker","Saint Augustin de Lemba","All_modes","51"
"2020-05-20","Lemba","Barumbu","1h","Study_Zone_Resident","Study_Zone_Worker","St Joseph de Kinshasa","All_modes","26"
"2020-05-20","Lemba","Barumbu","1h","Study_Zone_Resident","Study_Zone_Worker","St.Christine","All_modes","43"
"2020-05-20","Lemba","Barumbu","1h","Study_Zone_Resident","Study_Zone_Worker","ZoneGlobale","All_modes","251"
"2020-05-20","Lemba","Barumbu","1h","Study_Zone_Resident","Study_Zone_Worker","eglise protestante de lemba","All_modes","42"
"2020-05-20","Lemba","Barumbu","1h","Study_Zone_Resident","Origin_Zone_Worker","Croissement Kianza et Université","All_modes","25"
"2020-05-20","Lemba","Barumbu","1h","Study_Zone_Resident","Origin_Zone_Worker","ZoneGlobale","All_modes","25"
"2020-05-20","Lemba","Barumbu","1h","Origin_Zone_Resident","Outside_Worker","ZoneGlobale","All_modes","68"
"2020-05-20","Lemba","Barumbu","1h","Origin_Zone_Resident","Destination_Zone_Worker","Bienvenue","All_modes","34"
"2020-05-20","Lemba","Barumbu","1h","Origin_Zone_Resident","Destination_Zone_Worker","Bon Marché","All_modes","34"
"2020-05-20","Lemba","Barumbu","1h","Origin_Zone_Resident","Destination_Zone_Worker","Croissement Kianza et Université","All_modes","33"
"2020-05-20","Lemba","Barumbu","1h","Origin_Zone_Resident","Destination_Zone_Worker","Eglise Saint Paul","All_modes","25"
"2020-05-20","Lemba","Barumbu","1h","Origin_Zone_Resident","Destination_Zone_Worker","Eglise les Semeurs","All_modes","33"
"2020-05-20","Lemba","Barumbu","1h","Origin_Zone_Resident","Destination_Zone_Worker","Eglise locale Cbfc Itaga","All_modes","86"
"2020-05-20","Lemba","Barumbu","1h","Origin_Zone_Resident","Destination_Zone_Worker","Paroisse Saint Benoît","All_modes","25"
"2020-05-20","Lemba","Barumbu","1h","Origin_Zone_Resident","Destination_Zone_Worker","Regal","All_modes","34"
"2020-05-20","Lemba","Barumbu","1h","Origin_Zone_Resident","Destination_Zone_Worker","ZoneGlobale","All_modes","196"
"2020-05-20","Lemba","Barumbu","1h","Origin_Zone_Resident","Study_Zone_Worker","CREFM Eglise La Compassion","All_modes","26"
"2020-05-20","Lemba","Barumbu","1h","Origin_Zone_Resident","Study_Zone_Worker","Centre Evangélique la Résurrection","All_modes","35"
"2020-05-20","Lemba","Barumbu","1h","Origin_Zone_Resident","Study_Zone_Worker","Pont Matete","All_modes","26"
"2020-05-20","Lemba","Barumbu","1h","Origin_Zone_Resident","Study_Zone_Worker","Saint Augustin de Lemba","All_modes","26"
"2020-05-20","Lemba","Barumbu","1h","Origin_Zone_Resident","Study_Zone_Worker","ZoneGlobale","All_modes","69"
"2020-05-20","Lemba","Barumbu","1h","Origin_Zone_Resident","Origin_Zone_Worker","Baruti Tabernacle","All_modes","60"
"2020-05-20","Lemba","Barumbu","1h","Origin_Zone_Resident","Origin_Zone_Worker","Bienvenue","All_modes","353"
"2020-05-20","Lemba","Barumbu","1h","Origin_Zone_Resident","Origin_Zone_Worker","Bon Marché","All_modes","310"
"2020-05-20","Lemba","Barumbu","1h","Origin_Zone_Resident","Origin_Zone_Worker","CREFM Eglise La Compassion","All_modes","59"
"2020-05-20","Lemba","Barumbu","1h","Origin_Zone_Resident","Origin_Zone_Worker","Centre Evangélique la Résurrection","All_modes","77"
"2020-05-20","Lemba","Barumbu","1h","Origin_Zone_Resident","Origin_Zone_Worker","Centre Missionnaire Evangélique au Congo","All_modes","33"
"2020-05-20","Lemba","Barumbu","1h","Origin_Zone_Resident","Origin_Zone_Worker","Croissement Kianza et Université","All_modes","112"
"2020-05-20","Lemba","Barumbu","1h","Origin_Zone_Resident","Origin_Zone_Worker","Eglise Francophone Ecole de Tyrannus","All_modes","75"
"2020-05-20","Lemba","Barumbu","1h","Origin_Zone_Resident","Origin_Zone_Worker","Eglise Kimbanguiste","All_modes","94"
"2020-05-20","Lemba","Barumbu","1h","Origin_Zone_Resident","Origin_Zone_Worker","Eglise La Semence Seeds Church","All_modes","42"
"2020-05-20","Lemba","Barumbu","1h","Origin_Zone_Resident","Origin_Zone_Worker","Eglise Mission Evangelique Réconciliation Spirituel International MERSI","All_modes","93"
"2020-05-20","Lemba","Barumbu","1h","Origin_Zone_Resident","Origin_Zone_Worker","Eglise Saint Paul","All_modes","33"
"2020-05-20","Lemba","Barumbu","1h","Origin_Zone_Resident","Origin_Zone_Worker","Eglise les Semeurs","All_modes","378"
"2020-05-20","Lemba","Barumbu","1h","Origin_Zone_Resident","Origin_Zone_Worker","Eglise locale Cbfc Itaga","All_modes","86"
"2020-05-20","Lemba","Barumbu","1h","Origin_Zone_Resident","Origin_Zone_Worker","FIKIN","All_modes","25"
"2020-05-20","Lemba","Barumbu","1h","Origin_Zone_Resident","Origin_Zone_Worker","Kinkole","All_modes","25"
"2020-05-20","Lemba","Barumbu","1h","Origin_Zone_Resident","Origin_Zone_Worker","Lemba Terminus","All_modes","152"
"2020-05-20","Lemba","Barumbu","1h","Origin_Zone_Resident","Origin_Zone_Worker","MED CITE DES PRIERES","All_modes","60"
"2020-05-20","Lemba","Barumbu","1h","Origin_Zone_Resident","Origin_Zone_Worker","Marché central","All_modes","25"
"2020-05-20","Lemba","Barumbu","1h","Origin_Zone_Resident","Origin_Zone_Worker","Marché de super lemba","All_modes","67"
"2020-05-20","Lemba","Barumbu","1h","Origin_Zone_Resident","Origin_Zone_Worker","Ministere combat spirituel","All_modes","42"
"2020-05-20","Lemba","Barumbu","1h","Origin_Zone_Resident","Origin_Zone_Worker","Mosque Bon Marche","All_modes","250"
"2020-05-20","Lemba","Barumbu","1h","Origin_Zone_Resident","Origin_Zone_Worker","ORCA","All_modes","51"
"2020-05-20","Lemba","Barumbu","1h","Origin_Zone_Resident","Origin_Zone_Worker","Paroisse Notre-Dame d'Afrique","All_modes","26"
"2020-05-20","Lemba","Barumbu","1h","Origin_Zone_Resident","Origin_Zone_Worker","Paroisse Saint Benoît","All_modes","335"
"2020-05-20","Lemba","Barumbu","1h","Origin_Zone_Resident","Origin_Zone_Worker","Paroisse saint Eloi","All_modes","318"
"2020-05-20","Lemba","Barumbu","1h","Origin_Zone_Resident","Origin_Zone_Worker","Place Commercial de limete (7 rue)","All_modes","26"
"2020-05-20","Lemba","Barumbu","1h","Origin_Zone_Resident","Origin_Zone_Worker","Pont Matete","All_modes","51"
"2020-05-20","Lemba","Barumbu","1h","Origin_Zone_Resident","Origin_Zone_Worker","Regal","All_modes","310"
"2020-05-20","Lemba","Barumbu","1h","Origin_Zone_Resident","Origin_Zone_Worker","Reine des Apôtres","All_modes","26"
"2020-05-20","Lemba","Barumbu","1h","Origin_Zone_Resident","Origin_Zone_Worker","Religieuses de l'Assomption","All_modes","76"
"2020-05-20","Lemba","Barumbu","1h","Origin_Zone_Resident","Origin_Zone_Worker","Rond Point Ngaba","All_modes","34"
"2020-05-20","Lemba","Barumbu","1h","Origin_Zone_Resident","Origin_Zone_Worker","Rond point super lemba","All_modes","111"
"2020-05-20","Lemba","Barumbu","1h","Origin_Zone_Resident","Origin_Zone_Worker","Saint Augustin de Lemba","All_modes","127"
"2020-05-20","Lemba","Barumbu","1h","Origin_Zone_Resident","Origin_Zone_Worker","St Joseph de Kinshasa","All_modes","51"
"2020-05-20","Lemba","Barumbu","1h","Origin_Zone_Resident","Origin_Zone_Worker","St.Christine","All_modes","43"
"2020-05-20","Lemba","Barumbu","1h","Origin_Zone_Resident","Origin_Zone_Worker","ZoneGlobale","All_modes","767"
"2020-05-20","Lemba","Barumbu","1h","Origin_Zone_Resident","Origin_Zone_Worker","eglise protestante de lemba","All_modes","93"
"2020-05-20","Lemba","Barumbu","3h","Outside_Resident","Outside_Worker","CREFM Eglise La Compassion","All_modes","25"
"2020-05-20","Lemba","Barumbu","3h","Outside_Resident","Outside_Worker","Centre Evangélique la Résurrection","All_modes","25"
"2020-05-20","Lemba","Barumbu","3h","Outside_Resident","Outside_Worker","Croissement Kianza et Université","All_modes","48"
"2020-05-20","Lemba","Barumbu","3h","Outside_Resident","Outside_Worker","Eglise de Jesus-Christ des saints des derniers jours","All_modes","25"
"2020-05-20","Lemba","Barumbu","3h","Outside_Resident","Outside_Worker","Ministere combat spirituel","All_modes","25"
"2020-05-20","Lemba","Barumbu","3h","Outside_Resident","Outside_Worker","Pont Matete","All_modes","25"
"2020-05-20","Lemba","Barumbu","3h","Outside_Resident","Outside_Worker","ZoneGlobale","All_modes","169"
"2020-05-20","Lemba","Barumbu","3h","Outside_Resident","Destination_Zone_Worker","Croissement Kianza et Université","All_modes","26"
"2020-05-20","Lemba","Barumbu","3h","Outside_Resident","Destination_Zone_Worker","ZoneGlobale","All_modes","70"
"2020-05-20","Lemba","Barumbu","3h","Outside_Resident","Study_Zone_Worker","Croissement Kianza et Université","All_modes","25"
"2020-05-20","Lemba","Barumbu","3h","Outside_Resident","Study_Zone_Worker","ZoneGlobale","All_modes","34"
"2020-05-20","Lemba","Barumbu","3h","Outside_Resident","Origin_Zone_Worker","ZoneGlobale","All_modes","60"
"2020-05-20","Lemba","Barumbu","3h","Destination_Zone_Resident","Destination_Zone_Worker","Baruti Tabernacle","All_modes","26"
"2020-05-20","Lemba","Barumbu","3h","Destination_Zone_Resident","Destination_Zone_Worker","Croissement Kianza et Université","All_modes","43"
"2020-05-20","Lemba","Barumbu","3h","Destination_Zone_Resident","Destination_Zone_Worker","Eglise Saint Paul","All_modes","27"
"2020-05-20","Lemba","Barumbu","3h","Destination_Zone_Resident","Destination_Zone_Worker","MED CITE DES PRIERES","All_modes","34"
"2020-05-20","Lemba","Barumbu","3h","Destination_Zone_Resident","Destination_Zone_Worker","Marché de Mbanza Lemba","All_modes","25"
"2020-05-20","Lemba","Barumbu","3h","Destination_Zone_Resident","Destination_Zone_Worker","Rond Point Ngaba","All_modes","43"
"2020-05-20","Lemba","Barumbu","3h","Destination_Zone_Resident","Destination_Zone_Worker","Saint Augustin de Lemba","All_modes","25"
"2020-05-20","Lemba","Barumbu","3h","Destination_Zone_Resident","Destination_Zone_Worker","St.Christine","All_modes","34"
"2020-05-20","Lemba","Barumbu","3h","Destination_Zone_Resident","Destination_Zone_Worker","ZoneGlobale","All_modes","129"
"2020-05-20","Lemba","Barumbu","3h","Study_Zone_Resident","Outside_Worker","CREFM Eglise La Compassion","All_modes","32"
"2020-05-20","Lemba","Barumbu","3h","Study_Zone_Resident","Outside_Worker","Centre Evangélique la Résurrection","All_modes","32"
"2020-05-20","Lemba","Barumbu","3h","Study_Zone_Resident","Outside_Worker","Eglise de Jesus-Christ des saints des derniers jours","All_modes","32"
"2020-05-20","Lemba","Barumbu","3h","Study_Zone_Resident","Outside_Worker","Hôpital de l'amitié SinoCongolaise","All_modes","32"
"2020-05-20","Lemba","Barumbu","3h","Study_Zone_Resident","Outside_Worker","Ministere combat spirituel","All_modes","32"
"2020-05-20","Lemba","Barumbu","3h","Study_Zone_Resident","Outside_Worker","Place sainte thérese","All_modes","32"
"2020-05-20","Lemba","Barumbu","3h","Study_Zone_Resident","Outside_Worker","Pont Matete","All_modes","32"
"2020-05-20","Lemba","Barumbu","3h","Study_Zone_Resident","Outside_Worker","ZoneGlobale","All_modes","32"
"2020-05-20","Lemba","Barumbu","3h","Study_Zone_Resident","Destination_Zone_Worker","CREFM Eglise La Compassion","All_modes","26"
"2020-05-20","Lemba","Barumbu","3h","Study_Zone_Resident","Destination_Zone_Worker","Centre Evangélique la Résurrection","All_modes","26"
"2020-05-20","Lemba","Barumbu","3h","Study_Zone_Resident","Destination_Zone_Worker","Croissement Kianza et Université","All_modes","25"
"2020-05-20","Lemba","Barumbu","3h","Study_Zone_Resident","Destination_Zone_Worker","Ministere combat spirituel","All_modes","26"
"2020-05-20","Lemba","Barumbu","3h","Study_Zone_Resident","Destination_Zone_Worker","Pont Matete","All_modes","26"
"2020-05-20","Lemba","Barumbu","3h","Study_Zone_Resident","Destination_Zone_Worker","ZoneGlobale","All_modes","60"
"2020-05-20","Lemba","Barumbu","3h","Study_Zone_Resident","Study_Zone_Worker","Croissement Kianza et Université","All_modes","35"
"2020-05-20","Lemba","Barumbu","3h","Study_Zone_Resident","Study_Zone_Worker","Marché de super lemba","All_modes","26"
"2020-05-20","Lemba","Barumbu","3h","Study_Zone_Resident","Study_Zone_Worker","Religieuses de l'Assomption","All_modes","34"
"2020-05-20","Lemba","Barumbu","3h","Study_Zone_Resident","Study_Zone_Worker","Rond point super lemba","All_modes","26"
"2020-05-20","Lemba","Barumbu","3h","Study_Zone_Resident","Study_Zone_Worker","Saint Augustin de Lemba","All_modes","34"
"2020-05-20","Lemba","Barumbu","3h","Study_Zone_Resident","Study_Zone_Worker","ZoneGlobale","All_modes","129"
"2020-05-20","Lemba","Barumbu","3h","Study_Zone_Resident","Study_Zone_Worker","eglise protestante de lemba","All_modes","34"
"2020-05-20","Lemba","Barumbu","3h","Study_Zone_Resident","Origin_Zone_Worker","ZoneGlobale","All_modes","25"
"2020-05-20","Lemba","Barumbu","3h","Origin_Zone_Resident","Outside_Worker","Croissement Kianza et Université","All_modes","24"
"2020-05-20","Lemba","Barumbu","3h","Origin_Zone_Resident","Outside_Worker","ZoneGlobale","All_modes","67"
"2020-05-20","Lemba","Barumbu","3h","Origin_Zone_Resident","Destination_Zone_Worker","Croissement Kianza et Université","All_modes","42"
"2020-05-20","Lemba","Barumbu","3h","Origin_Zone_Resident","Destination_Zone_Worker","Eglise Kimbanguiste","All_modes","26"
"2020-05-20","Lemba","Barumbu","3h","Origin_Zone_Resident","Destination_Zone_Worker","Eglise les Semeurs","All_modes","25"
"2020-05-20","Lemba","Barumbu","3h","Origin_Zone_Resident","Destination_Zone_Worker","Lemba Terminus","All_modes","50"
"2020-05-20","Lemba","Barumbu","3h","Origin_Zone_Resident","Destination_Zone_Worker","Place Commercial de limete (7 rue)","All_modes","25"
"2020-05-20","Lemba","Barumbu","3h","Origin_Zone_Resident","Destination_Zone_Worker","Rond point super lemba","All_modes","26"
"2020-05-20","Lemba","Barumbu","3h","Origin_Zone_Resident","Destination_Zone_Worker","Saint Augustin de Lemba","All_modes","25"
"2020-05-20","Lemba","Barumbu","3h","Origin_Zone_Resident","Destination_Zone_Worker","ZoneGlobale","All_modes","205"
"2020-05-20","Lemba","Barumbu","3h","Origin_Zone_Resident","Study_Zone_Worker","Centre Evangélique la Résurrection","All_modes","34"
"2020-05-20","Lemba","Barumbu","3h","Origin_Zone_Resident","Study_Zone_Worker","Croissement Kianza et Université","All_modes","35"
"2020-05-20","Lemba","Barumbu","3h","Origin_Zone_Resident","Study_Zone_Worker","Lemba Terminus","All_modes","50"
"2020-05-20","Lemba","Barumbu","3h","Origin_Zone_Resident","Study_Zone_Worker","Place Commercial de limete (7 rue)","All_modes","26"
"2020-05-20","Lemba","Barumbu","3h","Origin_Zone_Resident","Study_Zone_Worker","Pont Matete","All_modes","26"
"2020-05-20","Lemba","Barumbu","3h","Origin_Zone_Resident","Study_Zone_Worker","ZoneGlobale","All_modes","105"
"2020-05-20","Lemba","Barumbu","3h","Origin_Zone_Resident","Origin_Zone_Worker","Baruti Tabernacle","All_modes","34"
"2020-05-20","Lemba","Barumbu","3h","Origin_Zone_Resident","Origin_Zone_Worker","Centre Evangélique la Résurrection","All_modes","25"
"2020-05-20","Lemba","Barumbu","3h","Origin_Zone_Resident","Origin_Zone_Worker","Centre Missionnaire Evangélique au Congo","All_modes","61"
"2020-05-20","Lemba","Barumbu","3h","Origin_Zone_Resident","Origin_Zone_Worker","Croissement Kianza et Université","All_modes","122"
"2020-05-20","Lemba","Barumbu","3h","Origin_Zone_Resident","Origin_Zone_Worker","Eglise Francophone Ecole de Tyrannus","All_modes","137"
"2020-05-20","Lemba","Barumbu","3h","Origin_Zone_Resident","Origin_Zone_Worker","Eglise Kimbanguiste","All_modes","34"
"2020-05-20","Lemba","Barumbu","3h","Origin_Zone_Resident","Origin_Zone_Worker","Eglise Mission Evangelique Réconciliation Spirituel International MERSI","All_modes","42"
"2020-05-20","Lemba","Barumbu","3h","Origin_Zone_Resident","Origin_Zone_Worker","Eglise les Semeurs","All_modes","378"
"2020-05-20","Lemba","Barumbu","3h","Origin_Zone_Resident","Origin_Zone_Worker","Lemba Terminus","All_modes","68"
"2020-05-20","Lemba","Barumbu","3h","Origin_Zone_Resident","Origin_Zone_Worker","MED CITE DES PRIERES","All_modes","35"
"2020-05-20","Lemba","Barumbu","3h","Origin_Zone_Resident","Origin_Zone_Worker","Marché de super lemba","All_modes","59"
"2020-05-20","Lemba","Barumbu","3h","Origin_Zone_Resident","Origin_Zone_Worker","Paroisse Saint Benoît","All_modes","344"
"2020-05-20","Lemba","Barumbu","3h","Origin_Zone_Resident","Origin_Zone_Worker","Place Commercial de limete (7 rue)","All_modes","25"
"2020-05-20","Lemba","Barumbu","3h","Origin_Zone_Resident","Origin_Zone_Worker","Reine des Apôtres","All_modes","43"
"2020-05-20","Lemba","Barumbu","3h","Origin_Zone_Resident","Origin_Zone_Worker","Religieuses de l'Assomption","All_modes","59"
"2020-05-20","Lemba","Barumbu","3h","Origin_Zone_Resident","Origin_Zone_Worker","Rond point super lemba","All_modes","68"
"2020-05-20","Lemba","Barumbu","3h","Origin_Zone_Resident","Origin_Zone_Worker","Saint Augustin de Lemba","All_modes","101"
"2020-05-20","Lemba","Barumbu","3h","Origin_Zone_Resident","Origin_Zone_Worker","ZoneGlobale","All_modes","831"
"2020-05-20","Lemba","Barumbu","3h","Origin_Zone_Resident","Origin_Zone_Worker","eglise protestante de lemba","All_modes","84"
"2020-05-20","Lemba","Binza Meteo","1h","Outside_Resident","Outside_Worker","Arret Station Macampagne (ML)","All_modes","37"
"2020-05-20","Lemba","Binza Meteo","1h","Outside_Resident","Outside_Worker","Arret Telecel Alingwa","All_modes","37"
"2020-05-20","Lemba","Binza Meteo","1h","Outside_Resident","Outside_Worker","Baruti Tabernacle","All_modes","34"
"2020-05-20","Lemba","Binza Meteo","1h","Outside_Resident","Outside_Worker","Binza Arret Maternite","All_modes","25"
"2020-05-20","Lemba","Binza Meteo","1h","Outside_Resident","Outside_Worker","Clinique Universitaire Kinshasa","All_modes","42"
"2020-05-20","Lemba","Binza Meteo","1h","Outside_Resident","Outside_Worker","Decathlon","All_modes","25"
"2020-05-20","Lemba","Binza Meteo","1h","Outside_Resident","Outside_Worker","GGmart Select","All_modes","28"
"2020-05-20","Lemba","Binza Meteo","1h","Outside_Resident","Outside_Worker","Gare centrale","All_modes","28"
"2020-05-20","Lemba","Binza Meteo","1h","Outside_Resident","Outside_Worker","Hotel Béatrice","All_modes","28"
"2020-05-20","Lemba","Binza Meteo","1h","Outside_Resident","Outside_Worker","Hotel Memling","All_modes","28"
"2020-05-20","Lemba","Binza Meteo","1h","Outside_Resident","Outside_Worker","Huawei HQ","All_modes","28"
"2020-05-20","Lemba","Binza Meteo","1h","Outside_Resident","Outside_Worker","Institut National des arts","All_modes","28"
"2020-05-20","Lemba","Binza Meteo","1h","Outside_Resident","Outside_Worker","Kin marché (UNP)","All_modes","34"
"2020-05-20","Lemba","Binza Meteo","1h","Outside_Resident","Outside_Worker","Kinkole","All_modes","36"
"2020-05-20","Lemba","Binza Meteo","1h","Outside_Resident","Outside_Worker","Lemba Terminus","All_modes","90"
"2020-05-20","Lemba","Binza Meteo","1h","Outside_Resident","Outside_Worker","Leon Hotel","All_modes","28"
"2020-05-20","Lemba","Binza Meteo","1h","Outside_Resident","Outside_Worker","New Lys I","All_modes","28"
"2020-05-20","Lemba","Binza Meteo","1h","Outside_Resident","Outside_Worker","ORCA","All_modes","28"
"2020-05-20","Lemba","Binza Meteo","1h","Outside_Resident","Outside_Worker","Paroisse Saint - Anne","All_modes","28"
"2020-05-20","Lemba","Binza Meteo","1h","Outside_Resident","Outside_Worker","Place de la Gare Centrale","All_modes","28"
"2020-05-20","Lemba","Binza Meteo","1h","Outside_Resident","Outside_Worker","Place du 30 juin","All_modes","28"
"2020-05-20","Lemba","Binza Meteo","1h","Outside_Resident","Outside_Worker","ZoneGlobale","All_modes","183"
"2020-05-20","Lemba","Binza Meteo","1h","Outside_Resident","Destination_Zone_Worker","ZoneGlobale","All_modes","25"
"2020-05-20","Lemba","Binza Meteo","1h","Outside_Resident","Study_Zone_Worker","ZoneGlobale","All_modes","35"
"2020-05-20","Lemba","Binza Meteo","1h","Outside_Resident","Origin_Zone_Worker","Eglise les Semeurs","All_modes","42"
"2020-05-20","Lemba","Binza Meteo","1h","Outside_Resident","Origin_Zone_Worker","Paroisse Saint Benoît","All_modes","33"
"2020-05-20","Lemba","Binza Meteo","1h","Outside_Resident","Origin_Zone_Worker","ZoneGlobale","All_modes","51"
"2020-05-20","Lemba","Binza Meteo","1h","Destination_Zone_Resident","Destination_Zone_Worker","Arret Centre hospitalier de Kintambo","All_modes","26"
"2020-05-20","Lemba","Binza Meteo","1h","Destination_Zone_Resident","Destination_Zone_Worker","Avenue Kimbondo et Pierre Mulele","All_modes","26"
"2020-05-20","Lemba","Binza Meteo","1h","Destination_Zone_Resident","Destination_Zone_Worker","Baruti Tabernacle","All_modes","100"
"2020-05-20","Lemba","Binza Meteo","1h","Destination_Zone_Resident","Destination_Zone_Worker","Centre Evangélique LA TRINITE","All_modes","58"
"2020-05-20","Lemba","Binza Meteo","1h","Destination_Zone_Resident","Destination_Zone_Worker","Centre Missionnaire Evangélique au Congo","All_modes","42"
"2020-05-20","Lemba","Binza Meteo","1h","Destination_Zone_Resident","Destination_Zone_Worker","Chez Bibi","All_modes","25"
"2020-05-20","Lemba","Binza Meteo","1h","Destination_Zone_Resident","Destination_Zone_Worker","Clinique Universitaire Kinshasa","All_modes","51"
"2020-05-20","Lemba","Binza Meteo","1h","Destination_Zone_Resident","Destination_Zone_Worker","Croissement Kianza et Université","All_modes","67"
"2020-05-20","Lemba","Binza Meteo","1h","Destination_Zone_Resident","Destination_Zone_Worker","Eglise Francophone Ecole de Tyrannus","All_modes","78"
"2020-05-20","Lemba","Binza Meteo","1h","Destination_Zone_Resident","Destination_Zone_Worker","Eglise les Semeurs","All_modes","87"
"2020-05-20","Lemba","Binza Meteo","1h","Destination_Zone_Resident","Destination_Zone_Worker","Facebook","All_modes","34"
"2020-05-20","Lemba","Binza Meteo","1h","Destination_Zone_Resident","Destination_Zone_Worker","Galaxy (UPN)","All_modes","58"
"2020-05-20","Lemba","Binza Meteo","1h","Destination_Zone_Resident","Destination_Zone_Worker","Inga","All_modes","26"
"2020-05-20","Lemba","Binza Meteo","1h","Destination_Zone_Resident","Destination_Zone_Worker","Intendance (UNIKIN)","All_modes","51"
"2020-05-20","Lemba","Binza Meteo","1h","Destination_Zone_Resident","Destination_Zone_Worker","Kin Delicieux","All_modes","25"
"2020-05-20","Lemba","Binza Meteo","1h","Destination_Zone_Resident","Destination_Zone_Worker","Kin marché","All_modes","25"
"2020-05-20","Lemba","Binza Meteo","1h","Destination_Zone_Resident","Destination_Zone_Worker","Kin marché (UNP)","All_modes","66"
"2020-05-20","Lemba","Binza Meteo","1h","Destination_Zone_Resident","Destination_Zone_Worker","Le Balcon","All_modes","25"
"2020-05-20","Lemba","Binza Meteo","1h","Destination_Zone_Resident","Destination_Zone_Worker","Le Cadre","All_modes","25"
"2020-05-20","Lemba","Binza Meteo","1h","Destination_Zone_Resident","Destination_Zone_Worker","Lemba Terminus","All_modes","84"
"2020-05-20","Lemba","Binza Meteo","1h","Destination_Zone_Resident","Destination_Zone_Worker","MED CITE DES PRIERES","All_modes","102"
"2020-05-20","Lemba","Binza Meteo","1h","Destination_Zone_Resident","Destination_Zone_Worker","Marché Mbika","All_modes","41"
"2020-05-20","Lemba","Binza Meteo","1h","Destination_Zone_Resident","Destination_Zone_Worker","Marché de Mbanza Lemba","All_modes","110"
"2020-05-20","Lemba","Binza Meteo","1h","Destination_Zone_Resident","Destination_Zone_Worker","Moni-Shop","All_modes","25"
"2020-05-20","Lemba","Binza Meteo","1h","Destination_Zone_Resident","Destination_Zone_Worker","Paroisse Saint Benoît","All_modes","86"
"2020-05-20","Lemba","Binza Meteo","1h","Destination_Zone_Resident","Destination_Zone_Worker","Peloustore KIVU","All_modes","33"
"2020-05-20","Lemba","Binza Meteo","1h","Destination_Zone_Resident","Destination_Zone_Worker","Reine des Apôtres","All_modes","24"
"2020-05-20","Lemba","Binza Meteo","1h","Destination_Zone_Resident","Destination_Zone_Worker","Religieuses de l'Assomption","All_modes","25"
"2020-05-20","Lemba","Binza Meteo","1h","Destination_Zone_Resident","Destination_Zone_Worker","Rond Point Ngaba","All_modes","84"
"2020-05-20","Lemba","Binza Meteo","1h","Destination_Zone_Resident","Destination_Zone_Worker","Rond point Kintambo","All_modes","25"
"2020-05-20","Lemba","Binza Meteo","1h","Destination_Zone_Resident","Destination_Zone_Worker","Rond point Kwado","All_modes","34"
"2020-05-20","Lemba","Binza Meteo","1h","Destination_Zone_Resident","Destination_Zone_Worker","Saint Augustin de Lemba","All_modes","42"
"2020-05-20","Lemba","Binza Meteo","1h","Destination_Zone_Resident","Destination_Zone_Worker","Salle de fête de la Rotonde Binza","All_modes","34"
"2020-05-20","Lemba","Binza Meteo","1h","Destination_Zone_Resident","Destination_Zone_Worker","St.Christine","All_modes","68"
"2020-05-20","Lemba","Binza Meteo","1h","Destination_Zone_Resident","Destination_Zone_Worker","UPN Djelo","All_modes","58"
"2020-05-20","Lemba","Binza Meteo","1h","Destination_Zone_Resident","Destination_Zone_Worker","Waz Chicken","All_modes","34"
"2020-05-20","Lemba","Binza Meteo","1h","Destination_Zone_Resident","Destination_Zone_Worker","ZoneGlobale","All_modes","410"
"2020-05-20","Lemba","Binza Meteo","1h","Destination_Zone_Resident","Origin_Zone_Worker","ZoneGlobale","All_modes","33"
"2020-05-20","Lemba","Binza Meteo","1h","Study_Zone_Resident","Destination_Zone_Worker","Binza Arret Maternite","All_modes","33"
"2020-05-20","Lemba","Binza Meteo","1h","Study_Zone_Resident","Destination_Zone_Worker","Clinique Universitaire Kinshasa","All_modes","33"
"2020-05-20","Lemba","Binza Meteo","1h","Study_Zone_Resident","Destination_Zone_Worker","Croissement Kianza et Université","All_modes","42"
"2020-05-20","Lemba","Binza Meteo","1h","Study_Zone_Resident","Destination_Zone_Worker","Eglise Francophone Ecole de Tyrannus","All_modes","25"
"2020-05-20","Lemba","Binza Meteo","1h","Study_Zone_Resident","Destination_Zone_Worker","MED CITE DES PRIERES","All_modes","42"
"2020-05-20","Lemba","Binza Meteo","1h","Study_Zone_Resident","Destination_Zone_Worker","Marché de Mbanza Lemba","All_modes","34"
"2020-05-20","Lemba","Binza Meteo","1h","Study_Zone_Resident","Destination_Zone_Worker","Paroisse Saint Benoît","All_modes","25"
"2020-05-20","Lemba","Binza Meteo","1h","Study_Zone_Resident","Destination_Zone_Worker","Rond Point Ngaba","All_modes","50"
"2020-05-20","Lemba","Binza Meteo","1h","Study_Zone_Resident","Destination_Zone_Worker","St.Christine","All_modes","42"
"2020-05-20","Lemba","Binza Meteo","1h","Study_Zone_Resident","Destination_Zone_Worker","ZoneGlobale","All_modes","110"
"2020-05-20","Lemba","Binza Meteo","1h","Study_Zone_Resident","Study_Zone_Worker","Arret Station Macampagne (ML)","All_modes","25"
"2020-05-20","Lemba","Binza Meteo","1h","Study_Zone_Resident","Study_Zone_Worker","Arret Telecel Alingwa","All_modes","25"
"2020-05-20","Lemba","Binza Meteo","1h","Study_Zone_Resident","Study_Zone_Worker","Baruti Tabernacle","All_modes","145"
"2020-05-20","Lemba","Binza Meteo","1h","Study_Zone_Resident","Study_Zone_Worker","Binza Arret Maternite","All_modes","34"
"2020-05-20","Lemba","Binza Meteo","1h","Study_Zone_Resident","Study_Zone_Worker","CREFM Eglise La Compassion","All_modes","33"
"2020-05-20","Lemba","Binza Meteo","1h","Study_Zone_Resident","Study_Zone_Worker","Centre Evangélique LA TRINITE","All_modes","77"
"2020-05-20","Lemba","Binza Meteo","1h","Study_Zone_Resident","Study_Zone_Worker","Centre Evangélique la Résurrection","All_modes","51"
"2020-05-20","Lemba","Binza Meteo","1h","Study_Zone_Resident","Study_Zone_Worker","Centre Missionnaire Evangélique au Congo","All_modes","76"
"2020-05-20","Lemba","Binza Meteo","1h","Study_Zone_Resident","Study_Zone_Worker","Chez Bibi","All_modes","34"
"2020-05-20","Lemba","Binza Meteo","1h","Study_Zone_Resident","Study_Zone_Worker","Clinique Universitaire Kinshasa","All_modes","85"
"2020-05-20","Lemba","Binza Meteo","1h","Study_Zone_Resident","Study_Zone_Worker","Croissement Kianza et Université","All_modes","119"
"2020-05-20","Lemba","Binza Meteo","1h","Study_Zone_Resident","Study_Zone_Worker","Eglise Francophone Ecole de Tyrannus","All_modes","70"
"2020-05-20","Lemba","Binza Meteo","1h","Study_Zone_Resident","Study_Zone_Worker","Eglise La Semence Seeds Church","All_modes","42"
"2020-05-20","Lemba","Binza Meteo","1h","Study_Zone_Resident","Study_Zone_Worker","Eglise Mission Evangelique Réconciliation Spirituel International MERSI","All_modes","27"
"2020-05-20","Lemba","Binza Meteo","1h","Study_Zone_Resident","Study_Zone_Worker","Eglise de Jesus-Christ des saints des derniers jours","All_modes","58"
"2020-05-20","Lemba","Binza Meteo","1h","Study_Zone_Resident","Study_Zone_Worker","Eglise les Semeurs","All_modes","78"
"2020-05-20","Lemba","Binza Meteo","1h","Study_Zone_Resident","Study_Zone_Worker","Ejcev Nouvelle Alliance Bima","All_modes","24"
"2020-05-20","Lemba","Binza Meteo","1h","Study_Zone_Resident","Study_Zone_Worker","Facebook","All_modes","34"
"2020-05-20","Lemba","Binza Meteo","1h","Study_Zone_Resident","Study_Zone_Worker","Galaxy (UPN)","All_modes","111"
"2020-05-20","Lemba","Binza Meteo","1h","Study_Zone_Resident","Study_Zone_Worker","Haute Cour Militaire","All_modes","24"
"2020-05-20","Lemba","Binza Meteo","1h","Study_Zone_Resident","Study_Zone_Worker","Intendance (UNIKIN)","All_modes","25"
"2020-05-20","Lemba","Binza Meteo","1h","Study_Zone_Resident","Study_Zone_Worker","Kin Delicieux","All_modes","26"
"2020-05-20","Lemba","Binza Meteo","1h","Study_Zone_Resident","Study_Zone_Worker","Kin marché","All_modes","26"
"2020-05-20","Lemba","Binza Meteo","1h","Study_Zone_Resident","Study_Zone_Worker","Kin marché (UNP)","All_modes","128"
"2020-05-20","Lemba","Binza Meteo","1h","Study_Zone_Resident","Study_Zone_Worker","La grande Marmitte","All_modes","26"
"2020-05-20","Lemba","Binza Meteo","1h","Study_Zone_Resident","Study_Zone_Worker","Le Balcon","All_modes","43"
"2020-05-20","Lemba","Binza Meteo","1h","Study_Zone_Resident","Study_Zone_Worker","Le Cadre","All_modes","43"
"2020-05-20","Lemba","Binza Meteo","1h","Study_Zone_Resident","Study_Zone_Worker","Le Palais Buffet","All_modes","25"
"2020-05-20","Lemba","Binza Meteo","1h","Study_Zone_Resident","Study_Zone_Worker","Lemba Terminus","All_modes","104"
"2020-05-20","Lemba","Binza Meteo","1h","Study_Zone_Resident","Study_Zone_Worker","MED CITE DES PRIERES","All_modes","128"
"2020-05-20","Lemba","Binza Meteo","1h","Study_Zone_Resident","Study_Zone_Worker","Mango","All_modes","32"
"2020-05-20","Lemba","Binza Meteo","1h","Study_Zone_Resident","Study_Zone_Worker","Marché Delvaux","All_modes","34"
"2020-05-20","Lemba","Binza Meteo","1h","Study_Zone_Resident","Study_Zone_Worker","Marché Mbika","All_modes","66"
"2020-05-20","Lemba","Binza Meteo","1h","Study_Zone_Resident","Study_Zone_Worker","Marché de Mbanza Lemba","All_modes","102"
"2020-05-20","Lemba","Binza Meteo","1h","Study_Zone_Resident","Study_Zone_Worker","Ministere combat spirituel","All_modes","41"
"2020-05-20","Lemba","Binza Meteo","1h","Study_Zone_Resident","Study_Zone_Worker","Monusco","All_modes","24"
"2020-05-20","Lemba","Binza Meteo","1h","Study_Zone_Resident","Study_Zone_Worker","Médecin sans frontière","All_modes","24"
"2020-05-20","Lemba","Binza Meteo","1h","Study_Zone_Resident","Study_Zone_Worker","Nosy Cafee","All_modes","32"
"2020-05-20","Lemba","Binza Meteo","1h","Study_Zone_Resident","Study_Zone_Worker","O'Poeta","All_modes","26"
"2020-05-20","Lemba","Binza Meteo","1h","Study_Zone_Resident","Study_Zone_Worker","Paroisse Notre-Dame d'Afrique","All_modes","33"
"2020-05-20","Lemba","Binza Meteo","1h","Study_Zone_Resident","Study_Zone_Worker","Paroisse Saint Benoît","All_modes","61"
"2020-05-20","Lemba","Binza Meteo","1h","Study_Zone_Resident","Study_Zone_Worker","Peloustore KIVU","All_modes","25"
"2020-05-20","Lemba","Binza Meteo","1h","Study_Zone_Resident","Study_Zone_Worker","Pont Matete","All_modes","33"
"2020-05-20","Lemba","Binza Meteo","1h","Study_Zone_Resident","Study_Zone_Worker","Reine des Apôtres","All_modes","67"
"2020-05-20","Lemba","Binza Meteo","1h","Study_Zone_Resident","Study_Zone_Worker","Religieuses de l'Assomption","All_modes","35"
"2020-05-20","Lemba","Binza Meteo","1h","Study_Zone_Resident","Study_Zone_Worker","Rond Point Ngaba","All_modes","127"
"2020-05-20","Lemba","Binza Meteo","1h","Study_Zone_Resident","Study_Zone_Worker","Rond Point Sfricas","All_modes","24"
"2020-05-20","Lemba","Binza Meteo","1h","Study_Zone_Resident","Study_Zone_Worker","Rond point Kintambo","All_modes","34"
"2020-05-20","Lemba","Binza Meteo","1h","Study_Zone_Resident","Study_Zone_Worker","Rond point super lemba","All_modes","26"
"2020-05-20","Lemba","Binza Meteo","1h","Study_Zone_Resident","Study_Zone_Worker","Saint Augustin de Lemba","All_modes","35"
"2020-05-20","Lemba","Binza Meteo","1h","Study_Zone_Resident","Study_Zone_Worker","Shoprite","All_modes","25"
"2020-05-20","Lemba","Binza Meteo","1h","Study_Zone_Resident","Study_Zone_Worker","St.Christine","All_modes","128"
"2020-05-20","Lemba","Binza Meteo","1h","Study_Zone_Resident","Study_Zone_Worker","Symphonie des arts","All_modes","44"
"2020-05-20","Lemba","Binza Meteo","1h","Study_Zone_Resident","Study_Zone_Worker","Terrain de Delvaux","All_modes","34"
"2020-05-20","Lemba","Binza Meteo","1h","Study_Zone_Resident","Study_Zone_Worker","UNHCR","All_modes","24"
"2020-05-20","Lemba","Binza Meteo","1h","Study_Zone_Resident","Study_Zone_Worker","UPN Djelo","All_modes","111"
"2020-05-20","Lemba","Binza Meteo","1h","Study_Zone_Resident","Study_Zone_Worker","Waz Chicken","All_modes","43"
"2020-05-20","Lemba","Binza Meteo","1h","Study_Zone_Resident","Study_Zone_Worker","ZoneGlobale","All_modes","579"
"2020-05-20","Lemba","Binza Meteo","1h","Study_Zone_Resident","Origin_Zone_Worker","Clinique Universitaire Kinshasa","All_modes","25"
"2020-05-20","Lemba","Binza Meteo","1h","Study_Zone_Resident","Origin_Zone_Worker","Galaxy (UPN)","All_modes","25"
"2020-05-20","Lemba","Binza Meteo","1h","Study_Zone_Resident","Origin_Zone_Worker","Kin marché (UNP)","All_modes","25"
"2020-05-20","Lemba","Binza Meteo","1h","Study_Zone_Resident","Origin_Zone_Worker","UPN Djelo","All_modes","25"
"2020-05-20","Lemba","Binza Meteo","1h","Study_Zone_Resident","Origin_Zone_Worker","ZoneGlobale","All_modes","42"
"2020-05-20","Lemba","Binza Meteo","1h","Origin_Zone_Resident","Outside_Worker","ZoneGlobale","All_modes","25"
"2020-05-20","Lemba","Binza Meteo","1h","Origin_Zone_Resident","Destination_Zone_Worker","Baruti Tabernacle","All_modes","26"
"2020-05-20","Lemba","Binza Meteo","1h","Origin_Zone_Resident","Destination_Zone_Worker","Binza Arret Maternite","All_modes","25"
"2020-05-20","Lemba","Binza Meteo","1h","Origin_Zone_Resident","Destination_Zone_Worker","Chez Bibi","All_modes","26"
"2020-05-20","Lemba","Binza Meteo","1h","Origin_Zone_Resident","Destination_Zone_Worker","Chez Cactus","All_modes","33"
"2020-05-20","Lemba","Binza Meteo","1h","Origin_Zone_Resident","Destination_Zone_Worker","Croissement Kianza et Université","All_modes","43"
"2020-05-20","Lemba","Binza Meteo","1h","Origin_Zone_Resident","Destination_Zone_Worker","Decathlon","All_modes","33"
"2020-05-20","Lemba","Binza Meteo","1h","Origin_Zone_Resident","Destination_Zone_Worker","Facebook","All_modes","26"
"2020-05-20","Lemba","Binza Meteo","1h","Origin_Zone_Resident","Destination_Zone_Worker","Hopital général de Kintambo","All_modes","26"
"2020-05-20","Lemba","Binza Meteo","1h","Origin_Zone_Resident","Destination_Zone_Worker","Kin Delicieux","All_modes","26"
"2020-05-20","Lemba","Binza Meteo","1h","Origin_Zone_Resident","Destination_Zone_Worker","Le Balcon","All_modes","26"
"2020-05-20","Lemba","Binza Meteo","1h","Origin_Zone_Resident","Destination_Zone_Worker","Le Cactus","All_modes","25"
"2020-05-20","Lemba","Binza Meteo","1h","Origin_Zone_Resident","Destination_Zone_Worker","Le Cadre","All_modes","26"
"2020-05-20","Lemba","Binza Meteo","1h","Origin_Zone_Resident","Destination_Zone_Worker","Mango","All_modes","42"
"2020-05-20","Lemba","Binza Meteo","1h","Origin_Zone_Resident","Destination_Zone_Worker","Rond point Kintambo","All_modes","26"
"2020-05-20","Lemba","Binza Meteo","1h","Origin_Zone_Resident","Destination_Zone_Worker","Shoprite","All_modes","34"
"2020-05-20","Lemba","Binza Meteo","1h","Origin_Zone_Resident","Destination_Zone_Worker","Symphonie des arts","All_modes","26"
"2020-05-20","Lemba","Binza Meteo","1h","Origin_Zone_Resident","Destination_Zone_Worker","UNHCR","All_modes","42"
"2020-05-20","Lemba","Binza Meteo","1h","Origin_Zone_Resident","Destination_Zone_Worker","Waz Chicken","All_modes","26"
"2020-05-20","Lemba","Binza Meteo","1h","Origin_Zone_Resident","Destination_Zone_Worker","ZoneGlobale","All_modes","128"
"2020-05-20","Lemba","Binza Meteo","1h","Origin_Zone_Resident","Study_Zone_Worker","Le Balcon","All_modes","25"
"2020-05-20","Lemba","Binza Meteo","1h","Origin_Zone_Resident","Study_Zone_Worker","Waz Chicken","All_modes","26"
"2020-05-20","Lemba","Binza Meteo","1h","Origin_Zone_Resident","Study_Zone_Worker","ZoneGlobale","All_modes","43"
"2020-05-20","Lemba","Binza Meteo","1h","Origin_Zone_Resident","Origin_Zone_Worker","Arret Bakayaou","All_modes","26"
"2020-05-20","Lemba","Binza Meteo","1h","Origin_Zone_Resident","Origin_Zone_Worker","Arret Camp Babylone","All_modes","34"
"2020-05-20","Lemba","Binza Meteo","1h","Origin_Zone_Resident","Origin_Zone_Worker","Arret Centre hospitalier de Kintambo","All_modes","43"
"2020-05-20","Lemba","Binza Meteo","1h","Origin_Zone_Resident","Origin_Zone_Worker","Arret Socimat","All_modes","43"
"2020-05-20","Lemba","Binza Meteo","1h","Origin_Zone_Resident","Origin_Zone_Worker","Arret Station Macampagne (ML)","All_modes","51"
"2020-05-20","Lemba","Binza Meteo","1h","Origin_Zone_Resident","Origin_Zone_Worker","Arret Telecel Alingwa","All_modes","34"
"2020-05-20","Lemba","Binza Meteo","1h","Origin_Zone_Resident","Origin_Zone_Worker","Arret Utex Africa","All_modes","60"
"2020-05-20","Lemba","Binza Meteo","1h","Origin_Zone_Resident","Origin_Zone_Worker","Arret Utex Africa 2","All_modes","25"
"2020-05-20","Lemba","Binza Meteo","1h","Origin_Zone_Resident","Origin_Zone_Worker","Arret marylene","All_modes","43"
"2020-05-20","Lemba","Binza Meteo","1h","Origin_Zone_Resident","Origin_Zone_Worker","Arret moulard","All_modes","26"
"2020-05-20","Lemba","Binza Meteo","1h","Origin_Zone_Resident","Origin_Zone_Worker","Baruti Tabernacle","All_modes","155"
"2020-05-20","Lemba","Binza Meteo","1h","Origin_Zone_Resident","Origin_Zone_Worker","Binza Arret Maternite","All_modes","67"
"2020-05-20","Lemba","Binza Meteo","1h","Origin_Zone_Resident","Origin_Zone_Worker","CREFM Eglise La Compassion","All_modes","43"
"2020-05-20","Lemba","Binza Meteo","1h","Origin_Zone_Resident","Origin_Zone_Worker","Centre Evangélique LA TRINITE","All_modes","26"
"2020-05-20","Lemba","Binza Meteo","1h","Origin_Zone_Resident","Origin_Zone_Worker","Centre Evangélique la Résurrection","All_modes","68"
"2020-05-20","Lemba","Binza Meteo","1h","Origin_Zone_Resident","Origin_Zone_Worker","Centre Missionnaire Evangélique au Congo","All_modes","69"
"2020-05-20","Lemba","Binza Meteo","1h","Origin_Zone_Resident","Origin_Zone_Worker","Chez Bibi","All_modes","96"
"2020-05-20","Lemba","Binza Meteo","1h","Origin_Zone_Resident","Origin_Zone_Worker","Chez Cactus","All_modes","59"
"2020-05-20","Lemba","Binza Meteo","1h","Origin_Zone_Resident","Origin_Zone_Worker","Cinquantenaire","All_modes","43"
"2020-05-20","Lemba","Binza Meteo","1h","Origin_Zone_Resident","Origin_Zone_Worker","Clinique Universitaire Kinshasa","All_modes","94"
"2020-05-20","Lemba","Binza Meteo","1h","Origin_Zone_Resident","Origin_Zone_Worker","Croissement Kianza et Université","All_modes","26"
"2020-05-20","Lemba","Binza Meteo","1h","Origin_Zone_Resident","Origin_Zone_Worker","Decathlon","All_modes","24"
"2020-05-20","Lemba","Binza Meteo","1h","Origin_Zone_Resident","Origin_Zone_Worker","Eglise Francophone Ecole de Tyrannus","All_modes","112"
"2020-05-20","Lemba","Binza Meteo","1h","Origin_Zone_Resident","Origin_Zone_Worker","Eglise Kimbanguiste","All_modes","60"
"2020-05-20","Lemba","Binza Meteo","1h","Origin_Zone_Resident","Origin_Zone_Worker","Eglise La Semence Seeds Church","All_modes","42"
"2020-05-20","Lemba","Binza Meteo","1h","Origin_Zone_Resident","Origin_Zone_Worker","Eglise Mission Evangelique Réconciliation Spirituel International MERSI","All_modes","43"
"2020-05-20","Lemba","Binza Meteo","1h","Origin_Zone_Resident","Origin_Zone_Worker","Eglise les Semeurs","All_modes","154"
"2020-05-20","Lemba","Binza Meteo","1h","Origin_Zone_Resident","Origin_Zone_Worker","Facebook","All_modes","104"
"2020-05-20","Lemba","Binza Meteo","1h","Origin_Zone_Resident","Origin_Zone_Worker","Galaxy (UPN)","All_modes","110"
"2020-05-20","Lemba","Binza Meteo","1h","Origin_Zone_Resident","Origin_Zone_Worker","HQ Orange","All_modes","25"
"2020-05-20","Lemba","Binza Meteo","1h","Origin_Zone_Resident","Origin_Zone_Worker","Haute Cour Militaire","All_modes","34"
"2020-05-20","Lemba","Binza Meteo","1h","Origin_Zone_Resident","Origin_Zone_Worker","Hopital général de Kintambo","All_modes","25"
"2020-05-20","Lemba","Binza Meteo","1h","Origin_Zone_Resident","Origin_Zone_Worker","Hotel Rotana","All_modes","43"
"2020-05-20","Lemba","Binza Meteo","1h","Origin_Zone_Resident","Origin_Zone_Worker","Kin Delicieux","All_modes","87"
"2020-05-20","Lemba","Binza Meteo","1h","Origin_Zone_Resident","Origin_Zone_Worker","Kin Plaza","All_modes","34"
"2020-05-20","Lemba","Binza Meteo","1h","Origin_Zone_Resident","Origin_Zone_Worker","Kin marché","All_modes","78"
"2020-05-20","Lemba","Binza Meteo","1h","Origin_Zone_Resident","Origin_Zone_Worker","Kin marché (UNP)","All_modes","136"
"2020-05-20","Lemba","Binza Meteo","1h","Origin_Zone_Resident","Origin_Zone_Worker","La villa Hesbaye","All_modes","25"
"2020-05-20","Lemba","Binza Meteo","1h","Origin_Zone_Resident","Origin_Zone_Worker","Le Balcon","All_modes","96"
"2020-05-20","Lemba","Binza Meteo","1h","Origin_Zone_Resident","Origin_Zone_Worker","Le Cactus","All_modes","41"
"2020-05-20","Lemba","Binza Meteo","1h","Origin_Zone_Resident","Origin_Zone_Worker","Le Cadre","All_modes","96"
"2020-05-20","Lemba","Binza Meteo","1h","Origin_Zone_Resident","Origin_Zone_Worker","Lemba Terminus","All_modes","186"
"2020-05-20","Lemba","Binza Meteo","1h","Origin_Zone_Resident","Origin_Zone_Worker","MED CITE DES PRIERES","All_modes","43"
"2020-05-20","Lemba","Binza Meteo","1h","Origin_Zone_Resident","Origin_Zone_Worker","Mango","All_modes","76"
"2020-05-20","Lemba","Binza Meteo","1h","Origin_Zone_Resident","Origin_Zone_Worker","Marché Delvaux","All_modes","26"
"2020-05-20","Lemba","Binza Meteo","1h","Origin_Zone_Resident","Origin_Zone_Worker","Marché Mbika","All_modes","59"
"2020-05-20","Lemba","Binza Meteo","1h","Origin_Zone_Resident","Origin_Zone_Worker","Marché de Mbanza Lemba","All_modes","34"
"2020-05-20","Lemba","Binza Meteo","1h","Origin_Zone_Resident","Origin_Zone_Worker","Marché de super lemba","All_modes","60"
"2020-05-20","Lemba","Binza Meteo","1h","Origin_Zone_Resident","Origin_Zone_Worker","Ministere combat spirituel","All_modes","25"
"2020-05-20","Lemba","Binza Meteo","1h","Origin_Zone_Resident","Origin_Zone_Worker","Ministère du Budget","All_modes","43"
"2020-05-20","Lemba","Binza Meteo","1h","Origin_Zone_Resident","Origin_Zone_Worker","Moni-Shop","All_modes","43"
"2020-05-20","Lemba","Binza Meteo","1h","Origin_Zone_Resident","Origin_Zone_Worker","Médecin sans frontière","All_modes","26"
"2020-05-20","Lemba","Binza Meteo","1h","Origin_Zone_Resident","Origin_Zone_Worker","Nosy Cafee","All_modes","51"
"2020-05-20","Lemba","Binza Meteo","1h","Origin_Zone_Resident","Origin_Zone_Worker","OMS bureau de représenation","All_modes","25"
"2020-05-20","Lemba","Binza Meteo","1h","Origin_Zone_Resident","Origin_Zone_Worker","Paroisse Notre-Dame d'Afrique","All_modes","33"
"2020-05-20","Lemba","Binza Meteo","1h","Origin_Zone_Resident","Origin_Zone_Worker","Paroisse Saint Benoît","All_modes","128"
"2020-05-20","Lemba","Binza Meteo","1h","Origin_Zone_Resident","Origin_Zone_Worker","Pont Matete","All_modes","51"
"2020-05-20","Lemba","Binza Meteo","1h","Origin_Zone_Resident","Origin_Zone_Worker","Reine des Apôtres","All_modes","35"
"2020-05-20","Lemba","Binza Meteo","1h","Origin_Zone_Resident","Origin_Zone_Worker","Religieuses de l'Assomption","All_modes","95"
"2020-05-20","Lemba","Binza Meteo","1h","Origin_Zone_Resident","Origin_Zone_Worker","Rond Point Ngaba","All_modes","34"
"2020-05-20","Lemba","Binza Meteo","1h","Origin_Zone_Resident","Origin_Zone_Worker","Rond Point Sfricas","All_modes","25"
"2020-05-20","Lemba","Binza Meteo","1h","Origin_Zone_Resident","Origin_Zone_Worker","Rond point Kintambo","All_modes","96"
"2020-05-20","Lemba","Binza Meteo","1h","Origin_Zone_Resident","Origin_Zone_Worker","Rond point Kwado","All_modes","52"
"2020-05-20","Lemba","Binza Meteo","1h","Origin_Zone_Resident","Origin_Zone_Worker","Rond point super lemba","All_modes","69"
"2020-05-20","Lemba","Binza Meteo","1h","Origin_Zone_Resident","Origin_Zone_Worker","S&k Galerie st pierre","All_modes","25"
"2020-05-20","Lemba","Binza Meteo","1h","Origin_Zone_Resident","Origin_Zone_Worker","Saint Augustin de Lemba","All_modes","119"
"2020-05-20","Lemba","Binza Meteo","1h","Origin_Zone_Resident","Origin_Zone_Worker","Salle de fête de la Rotonde Binza","All_modes","25"
"2020-05-20","Lemba","Binza Meteo","1h","Origin_Zone_Resident","Origin_Zone_Worker","St Joseph de Kinshasa","All_modes","34"
"2020-05-20","Lemba","Binza Meteo","1h","Origin_Zone_Resident","Origin_Zone_Worker","St.Christine","All_modes","25"
"2020-05-20","Lemba","Binza Meteo","1h","Origin_Zone_Resident","Origin_Zone_Worker","Symphonie des arts","All_modes","87"
"2020-05-20","Lemba","Binza Meteo","1h","Origin_Zone_Resident","Origin_Zone_Worker","Terrain de Delvaux","All_modes","26"
"2020-05-20","Lemba","Binza Meteo","1h","Origin_Zone_Resident","Origin_Zone_Worker","UNHCR","All_modes","85"
"2020-05-20","Lemba","Binza Meteo","1h","Origin_Zone_Resident","Origin_Zone_Worker","UPN Djelo","All_modes","110"
"2020-05-20","Lemba","Binza Meteo","1h","Origin_Zone_Resident","Origin_Zone_Worker","Waz Chicken","All_modes","113"
"2020-05-20","Lemba","Binza Meteo","1h","Origin_Zone_Resident","Origin_Zone_Worker","ZoneGlobale","All_modes","627"
"2020-05-20","Lemba","Binza Meteo","1h","Origin_Zone_Resident","Origin_Zone_Worker","eglise protestante de lemba","All_modes","68"
"2020-05-20","Lemba","Binza Meteo","3h","Outside_Resident","Outside_Worker","Baruti Tabernacle","All_modes","43"
"2020-05-20","Lemba","Binza Meteo","3h","Outside_Resident","Outside_Worker","Croissement Kianza et Université","All_modes","42"
"2020-05-20","Lemba","Binza Meteo","3h","Outside_Resident","Outside_Worker","Eglise Francophone Ecole de Tyrannus","All_modes","25"
"2020-05-20","Lemba","Binza Meteo","3h","Outside_Resident","Outside_Worker","Eglise les Semeurs","All_modes","42"
"2020-05-20","Lemba","Binza Meteo","3h","Outside_Resident","Outside_Worker","Lemba Terminus","All_modes","50"
"2020-05-20","Lemba","Binza Meteo","3h","Outside_Resident","Outside_Worker","MED CITE DES PRIERES","All_modes","25"
"2020-05-20","Lemba","Binza Meteo","3h","Outside_Resident","Outside_Worker","Paroisse Saint Benoît","All_modes","42"
"2020-05-20","Lemba","Binza Meteo","3h","Outside_Resident","Outside_Worker","Rond Point Ngaba","All_modes","25"
"2020-05-20","Lemba","Binza Meteo","3h","Outside_Resident","Outside_Worker","St.Christine","All_modes","25"
"2020-05-20","Lemba","Binza Meteo","3h","Outside_Resident","Outside_Worker","ZoneGlobale","All_modes","275"
"2020-05-20","Lemba","Binza Meteo","3h","Outside_Resident","Study_Zone_Worker","Arret Camp Babylone","All_modes","83"
"2020-05-20","Lemba","Binza Meteo","3h","Outside_Resident","Study_Zone_Worker","Arret Centre hospitalier de Kintambo","All_modes","83"
"2020-05-20","Lemba","Binza Meteo","3h","Outside_Resident","Study_Zone_Worker","Arret Stade velodrome","All_modes","83"
"2020-05-20","Lemba","Binza Meteo","3h","Outside_Resident","Study_Zone_Worker","Arret marylene","All_modes","83"
"2020-05-20","Lemba","Binza Meteo","3h","Outside_Resident","Study_Zone_Worker","Bar et Flat ABC","All_modes","83"
"2020-05-20","Lemba","Binza Meteo","3h","Outside_Resident","Study_Zone_Worker","Eglise les Semeurs","All_modes","91"
"2020-05-20","Lemba","Binza Meteo","3h","Outside_Resident","Study_Zone_Worker","Galaxy (UPN)","All_modes","26"
"2020-05-20","Lemba","Binza Meteo","3h","Outside_Resident","Study_Zone_Worker","Kin marché (UNP)","All_modes","26"
"2020-05-20","Lemba","Binza Meteo","3h","Outside_Resident","Study_Zone_Worker","Le Balcon","All_modes","83"
"2020-05-20","Lemba","Binza Meteo","3h","Outside_Resident","Study_Zone_Worker","Marché Delvaux","All_modes","83"
"2020-05-20","Lemba","Binza Meteo","3h","Outside_Resident","Study_Zone_Worker","Salle de fête de la Rotonde Binza","All_modes","83"
"2020-05-20","Lemba","Binza Meteo","3h","Outside_Resident","Study_Zone_Worker","Stade Vélodrome","All_modes","83"
"2020-05-20","Lemba","Binza Meteo","3h","Outside_Resident","Study_Zone_Worker","TASOK","All_modes","83"
"2020-05-20","Lemba","Binza Meteo","3h","Outside_Resident","Study_Zone_Worker","Terrain de Delvaux","All_modes","83"
"2020-05-20","Lemba","Binza Meteo","3h","Outside_Resident","Study_Zone_Worker","UPN Djelo","All_modes","26"
"2020-05-20","Lemba","Binza Meteo","3h","Outside_Resident","Study_Zone_Worker","ZoneGlobale","All_modes","160"
"2020-05-20","Lemba","Binza Meteo","3h","Outside_Resident","Origin_Zone_Worker","ZoneGlobale","All_modes","60"
"2020-05-20","Lemba","Binza Meteo","3h","Destination_Zone_Resident","Outside_Worker","ZoneGlobale","All_modes","34"
"2020-05-20","Lemba","Binza Meteo","3h","Destination_Zone_Resident","Destination_Zone_Worker","Arret Centre hospitalier de Kintambo","All_modes","25"
"2020-05-20","Lemba","Binza Meteo","3h","Destination_Zone_Resident","Destination_Zone_Worker","Bar et Flat ABC","All_modes","25"
"2020-05-20","Lemba","Binza Meteo","3h","Destination_Zone_Resident","Destination_Zone_Worker","Baruti Tabernacle","All_modes","104"
"2020-05-20","Lemba","Binza Meteo","3h","Destination_Zone_Resident","Destination_Zone_Worker","Centre Evangélique LA TRINITE","All_modes","33"
"2020-05-20","Lemba","Binza Meteo","3h","Destination_Zone_Resident","Destination_Zone_Worker","Centre Evangélique la Résurrection","All_modes","33"
"2020-05-20","Lemba","Binza Meteo","3h","Destination_Zone_Resident","Destination_Zone_Worker","Centre Missionnaire Evangélique au Congo","All_modes","50"
"2020-05-20","Lemba","Binza Meteo","3h","Destination_Zone_Resident","Destination_Zone_Worker","Clinique Universitaire Kinshasa","All_modes","35"
"2020-05-20","Lemba","Binza Meteo","3h","Destination_Zone_Resident","Destination_Zone_Worker","Croissement Kianza et Université","All_modes","60"
"2020-05-20","Lemba","Binza Meteo","3h","Destination_Zone_Resident","Destination_Zone_Worker","Eglise Francophone Ecole de Tyrannus","All_modes","25"
"2020-05-20","Lemba","Binza Meteo","3h","Destination_Zone_Resident","Destination_Zone_Worker","Eglise La Semence Seeds Church","All_modes","25"
"2020-05-20","Lemba","Binza Meteo","3h","Destination_Zone_Resident","Destination_Zone_Worker","Eglise Mission Evangelique Réconciliation Spirituel International MERSI","All_modes","25"
"2020-05-20","Lemba","Binza Meteo","3h","Destination_Zone_Resident","Destination_Zone_Worker","Eglise les Semeurs","All_modes","53"
"2020-05-20","Lemba","Binza Meteo","3h","Destination_Zone_Resident","Destination_Zone_Worker","Intendance (UNIKIN)","All_modes","24"
"2020-05-20","Lemba","Binza Meteo","3h","Destination_Zone_Resident","Destination_Zone_Worker","Lemba Terminus","All_modes","50"
"2020-05-20","Lemba","Binza Meteo","3h","Destination_Zone_Resident","Destination_Zone_Worker","MED CITE DES PRIERES","All_modes","59"
"2020-05-20","Lemba","Binza Meteo","3h","Destination_Zone_Resident","Destination_Zone_Worker","Marché Mbika","All_modes","24"
"2020-05-20","Lemba","Binza Meteo","3h","Destination_Zone_Resident","Destination_Zone_Worker","Marché de Mbanza Lemba","All_modes","49"
"2020-05-20","Lemba","Binza Meteo","3h","Destination_Zone_Resident","Destination_Zone_Worker","Marché de super lemba","All_modes","25"
"2020-05-20","Lemba","Binza Meteo","3h","Destination_Zone_Resident","Destination_Zone_Worker","Paroisse Notre-Dame d'Afrique","All_modes","25"
"2020-05-20","Lemba","Binza Meteo","3h","Destination_Zone_Resident","Destination_Zone_Worker","Paroisse Saint Benoît","All_modes","34"
"2020-05-20","Lemba","Binza Meteo","3h","Destination_Zone_Resident","Destination_Zone_Worker","Religieuses de l'Assomption","All_modes","43"
"2020-05-20","Lemba","Binza Meteo","3h","Destination_Zone_Resident","Destination_Zone_Worker","Rond Point Ngaba","All_modes","50"
"2020-05-20","Lemba","Binza Meteo","3h","Destination_Zone_Resident","Destination_Zone_Worker","Saint Augustin de Lemba","All_modes","33"
"2020-05-20","Lemba","Binza Meteo","3h","Destination_Zone_Resident","Destination_Zone_Worker","St.Christine","All_modes","42"
"2020-05-20","Lemba","Binza Meteo","3h","Destination_Zone_Resident","Destination_Zone_Worker","Stade Vélodrome","All_modes","25"
"2020-05-20","Lemba","Binza Meteo","3h","Destination_Zone_Resident","Destination_Zone_Worker","ZoneGlobale","All_modes","354"
"2020-05-20","Lemba","Binza Meteo","3h","Destination_Zone_Resident","Destination_Zone_Worker","eglise protestante de lemba","All_modes","33"
"2020-05-20","Lemba","Binza Meteo","3h","Destination_Zone_Resident","Origin_Zone_Worker","ZoneGlobale","All_modes","49"
"2020-05-20","Lemba","Binza Meteo","3h","Study_Zone_Resident","Outside_Worker","ZoneGlobale","All_modes","42"
"2020-05-20","Lemba","Binza Meteo","3h","Study_Zone_Resident","Destination_Zone_Worker","Marché de Mbanza Lemba","All_modes","42"
"2020-05-20","Lemba","Binza Meteo","3h","Study_Zone_Resident","Destination_Zone_Worker","ZoneGlobale","All_modes","77"
"2020-05-20","Lemba","Binza Meteo","3h","Study_Zone_Resident","Study_Zone_Worker","Baruti Tabernacle","All_modes","58"
"2020-05-20","Lemba","Binza Meteo","3h","Study_Zone_Resident","Study_Zone_Worker","Centre Evangélique LA TRINITE","All_modes","24"
"2020-05-20","Lemba","Binza Meteo","3h","Study_Zone_Resident","Study_Zone_Worker","Centre Missionnaire Evangélique au Congo","All_modes","24"
"2020-05-20","Lemba","Binza Meteo","3h","Study_Zone_Resident","Study_Zone_Worker","Clinique Universitaire Kinshasa","All_modes","58"
"2020-05-20","Lemba","Binza Meteo","3h","Study_Zone_Resident","Study_Zone_Worker","Croissement Kianza et Université","All_modes","67"
"2020-05-20","Lemba","Binza Meteo","3h","Study_Zone_Resident","Study_Zone_Worker","Eglise de Jesus-Christ des saints des derniers jours","All_modes","25"
"2020-05-20","Lemba","Binza Meteo","3h","Study_Zone_Resident","Study_Zone_Worker","Eglise les Semeurs","All_modes","50"
"2020-05-20","Lemba","Binza Meteo","3h","Study_Zone_Resident","Study_Zone_Worker","Kin marché (UNP)","All_modes","24"
"2020-05-20","Lemba","Binza Meteo","3h","Study_Zone_Resident","Study_Zone_Worker","MED CITE DES PRIERES","All_modes","67"
"2020-05-20","Lemba","Binza Meteo","3h","Study_Zone_Resident","Study_Zone_Worker","Marché de Mbanza Lemba","All_modes","77"
"2020-05-20","Lemba","Binza Meteo","3h","Study_Zone_Resident","Study_Zone_Worker","Paroisse Saint Benoît","All_modes","34"
"2020-05-20","Lemba","Binza Meteo","3h","Study_Zone_Resident","Study_Zone_Worker","Reine des Apôtres","All_modes","42"
"2020-05-20","Lemba","Binza Meteo","3h","Study_Zone_Resident","Study_Zone_Worker","Rond Point Ngaba","All_modes","67"
"2020-05-20","Lemba","Binza Meteo","3h","Study_Zone_Resident","Study_Zone_Worker","Saint Augustin de Lemba","All_modes","25"
"2020-05-20","Lemba","Binza Meteo","3h","Study_Zone_Resident","Study_Zone_Worker","St.Christine","All_modes","67"
"2020-05-20","Lemba","Binza Meteo","3h","Study_Zone_Resident","Study_Zone_Worker","ZoneGlobale","All_modes","375"
"2020-05-20","Lemba","Binza Meteo","3h","Origin_Zone_Resident","Outside_Worker","ZoneGlobale","All_modes","34"
"2020-05-20","Lemba","Binza Meteo","3h","Origin_Zone_Resident","Destination_Zone_Worker","Arret Centre hospitalier de Kintambo","All_modes","26"
"2020-05-20","Lemba","Binza Meteo","3h","Origin_Zone_Resident","Destination_Zone_Worker","Bar et Flat ABC","All_modes","25"
"2020-05-20","Lemba","Binza Meteo","3h","Origin_Zone_Resident","Destination_Zone_Worker","Baruti Tabernacle","All_modes","25"
"2020-05-20","Lemba","Binza Meteo","3h","Origin_Zone_Resident","Destination_Zone_Worker","Centre Evangélique la Résurrection","All_modes","34"
"2020-05-20","Lemba","Binza Meteo","3h","Origin_Zone_Resident","Destination_Zone_Worker","Centre Missionnaire Evangélique au Congo","All_modes","25"
"2020-05-20","Lemba","Binza Meteo","3h","Origin_Zone_Resident","Destination_Zone_Worker","Chez Bibi","All_modes","26"
"2020-05-20","Lemba","Binza Meteo","3h","Origin_Zone_Resident","Destination_Zone_Worker","Chez Cactus","All_modes","25"
"2020-05-20","Lemba","Binza Meteo","3h","Origin_Zone_Resident","Destination_Zone_Worker","Croissement Kianza et Université","All_modes","60"
"2020-05-20","Lemba","Binza Meteo","3h","Origin_Zone_Resident","Destination_Zone_Worker","Decathlon","All_modes","34"
"2020-05-20","Lemba","Binza Meteo","3h","Origin_Zone_Resident","Destination_Zone_Worker","Eglise Francophone Ecole de Tyrannus","All_modes","43"
"2020-05-20","Lemba","Binza Meteo","3h","Origin_Zone_Resident","Destination_Zone_Worker","Eglise Mission Evangelique Réconciliation Spirituel International MERSI","All_modes","25"
"2020-05-20","Lemba","Binza Meteo","3h","Origin_Zone_Resident","Destination_Zone_Worker","Eglise les Semeurs","All_modes","25"
"2020-05-20","Lemba","Binza Meteo","3h","Origin_Zone_Resident","Destination_Zone_Worker","Facebook","All_modes","26"
"2020-05-20","Lemba","Binza Meteo","3h","Origin_Zone_Resident","Destination_Zone_Worker","Kin Delicieux","All_modes","26"
"2020-05-20","Lemba","Binza Meteo","3h","Origin_Zone_Resident","Destination_Zone_Worker","Kin marché","All_modes","26"
"2020-05-20","Lemba","Binza Meteo","3h","Origin_Zone_Resident","Destination_Zone_Worker","Le Balcon","All_modes","34"
"2020-05-20","Lemba","Binza Meteo","3h","Origin_Zone_Resident","Destination_Zone_Worker","Le Cactus","All_modes","25"
"2020-05-20","Lemba","Binza Meteo","3h","Origin_Zone_Resident","Destination_Zone_Worker","Le Cadre","All_modes","34"
"2020-05-20","Lemba","Binza Meteo","3h","Origin_Zone_Resident","Destination_Zone_Worker","Mango","All_modes","34"
"2020-05-20","Lemba","Binza Meteo","3h","Origin_Zone_Resident","Destination_Zone_Worker","Marché de super lemba","All_modes","34"
"2020-05-20","Lemba","Binza Meteo","3h","Origin_Zone_Resident","Destination_Zone_Worker","Paroisse Saint Benoît","All_modes","34"
"2020-05-20","Lemba","Binza Meteo","3h","Origin_Zone_Resident","Destination_Zone_Worker","Religieuses de l'Assomption","All_modes","51"
"2020-05-20","Lemba","Binza Meteo","3h","Origin_Zone_Resident","Destination_Zone_Worker","Rond point Kintambo","All_modes","26"
"2020-05-20","Lemba","Binza Meteo","3h","Origin_Zone_Resident","Destination_Zone_Worker","Rond point super lemba","All_modes","51"
"2020-05-20","Lemba","Binza Meteo","3h","Origin_Zone_Resident","Destination_Zone_Worker","Saint Augustin de Lemba","All_modes","69"
"2020-05-20","Lemba","Binza Meteo","3h","Origin_Zone_Resident","Destination_Zone_Worker","Shoprite","All_modes","25"
"2020-05-20","Lemba","Binza Meteo","3h","Origin_Zone_Resident","Destination_Zone_Worker","Symphonie des arts","All_modes","34"
"2020-05-20","Lemba","Binza Meteo","3h","Origin_Zone_Resident","Destination_Zone_Worker","UNHCR","All_modes","42"
"2020-05-20","Lemba","Binza Meteo","3h","Origin_Zone_Resident","Destination_Zone_Worker","Waz Chicken","All_modes","34"
"2020-05-20","Lemba","Binza Meteo","3h","Origin_Zone_Resident","Destination_Zone_Worker","ZoneGlobale","All_modes","283"
"2020-05-20","Lemba","Binza Meteo","3h","Origin_Zone_Resident","Destination_Zone_Worker","eglise protestante de lemba","All_modes","60"
"2020-05-20","Lemba","Binza Meteo","3h","Origin_Zone_Resident","Study_Zone_Worker","Eglise les Semeurs","All_modes","25"
"2020-05-20","Lemba","Binza Meteo","3h","Origin_Zone_Resident","Study_Zone_Worker","Marché de Mbanza Lemba","All_modes","268"
"2020-05-20","Lemba","Binza Meteo","3h","Origin_Zone_Resident","Study_Zone_Worker","Saint Augustin de Lemba","All_modes","25"
"2020-05-20","Lemba","Binza Meteo","3h","Origin_Zone_Resident","Study_Zone_Worker","ZoneGlobale","All_modes","344"
"2020-05-20","Lemba","Binza Meteo","3h","Origin_Zone_Resident","Origin_Zone_Worker","Baruti Tabernacle","All_modes","204"
"2020-05-20","Lemba","Binza Meteo","3h","Origin_Zone_Resident","Origin_Zone_Worker","CREFM Eglise La Compassion","All_modes","42"
"2020-05-20","Lemba","Binza Meteo","3h","Origin_Zone_Resident","Origin_Zone_Worker","Centre Evangélique LA TRINITE","All_modes","51"
"2020-05-20","Lemba","Binza Meteo","3h","Origin_Zone_Resident","Origin_Zone_Worker","Centre Evangélique la Résurrection","All_modes","68"
"2020-05-20","Lemba","Binza Meteo","3h","Origin_Zone_Resident","Origin_Zone_Worker","Centre Missionnaire Evangélique au Congo","All_modes","51"
"2020-05-20","Lemba","Binza Meteo","3h","Origin_Zone_Resident","Origin_Zone_Worker","Clinique Universitaire Kinshasa","All_modes","84"
"2020-05-20","Lemba","Binza Meteo","3h","Origin_Zone_Resident","Origin_Zone_Worker","Croissement Kianza et Université","All_modes","120"
"2020-05-20","Lemba","Binza Meteo","3h","Origin_Zone_Resident","Origin_Zone_Worker","Eglise Francophone Ecole de Tyrannus","All_modes","139"
"2020-05-20","Lemba","Binza Meteo","3h","Origin_Zone_Resident","Origin_Zone_Worker","Eglise Kimbanguiste","All_modes","25"
"2020-05-20","Lemba","Binza Meteo","3h","Origin_Zone_Resident","Origin_Zone_Worker","Eglise La Semence Seeds Church","All_modes","51"
"2020-05-20","Lemba","Binza Meteo","3h","Origin_Zone_Resident","Origin_Zone_Worker","Eglise Mission Evangelique Réconciliation Spirituel International MERSI","All_modes","69"
"2020-05-20","Lemba","Binza Meteo","3h","Origin_Zone_Resident","Origin_Zone_Worker","Eglise les Semeurs","All_modes","130"
"2020-05-20","Lemba","Binza Meteo","3h","Origin_Zone_Resident","Origin_Zone_Worker","Galaxy (UPN)","All_modes","42"
"2020-05-20","Lemba","Binza Meteo","3h","Origin_Zone_Resident","Origin_Zone_Worker","Kin marché (UNP)","All_modes","42"
"2020-05-20","Lemba","Binza Meteo","3h","Origin_Zone_Resident","Origin_Zone_Worker","Lemba Terminus","All_modes","226"
"2020-05-20","Lemba","Binza Meteo","3h","Origin_Zone_Resident","Origin_Zone_Worker","MED CITE DES PRIERES","All_modes","84"
"2020-05-20","Lemba","Binza Meteo","3h","Origin_Zone_Resident","Origin_Zone_Worker","Marché de Mbanza Lemba","All_modes","33"
"2020-05-20","Lemba","Binza Meteo","3h","Origin_Zone_Resident","Origin_Zone_Worker","Marché de super lemba","All_modes","43"
"2020-05-20","Lemba","Binza Meteo","3h","Origin_Zone_Resident","Origin_Zone_Worker","Paroisse Marie Reine des Apôtres","All_modes","25"
"2020-05-20","Lemba","Binza Meteo","3h","Origin_Zone_Resident","Origin_Zone_Worker","Paroisse Notre-Dame d'Afrique","All_modes","25"
"2020-05-20","Lemba","Binza Meteo","3h","Origin_Zone_Resident","Origin_Zone_Worker","Paroisse Saint Benoît","All_modes","104"
"2020-05-20","Lemba","Binza Meteo","3h","Origin_Zone_Resident","Origin_Zone_Worker","Pont Matete","All_modes","25"
"2020-05-20","Lemba","Binza Meteo","3h","Origin_Zone_Resident","Origin_Zone_Worker","Reine des Apôtres","All_modes","34"
"2020-05-20","Lemba","Binza Meteo","3h","Origin_Zone_Resident","Origin_Zone_Worker","Religieuses de l'Assomption","All_modes","69"
"2020-05-20","Lemba","Binza Meteo","3h","Origin_Zone_Resident","Origin_Zone_Worker","Rond Point Ngaba","All_modes","76"
"2020-05-20","Lemba","Binza Meteo","3h","Origin_Zone_Resident","Origin_Zone_Worker","Rond point super lemba","All_modes","52"
"2020-05-20","Lemba","Binza Meteo","3h","Origin_Zone_Resident","Origin_Zone_Worker","Saint Augustin de Lemba","All_modes","113"
"2020-05-20","Lemba","Binza Meteo","3h","Origin_Zone_Resident","Origin_Zone_Worker","St.Christine","All_modes","76"
"2020-05-20","Lemba","Binza Meteo","3h","Origin_Zone_Resident","Origin_Zone_Worker","UPN Djelo","All_modes","42"
"2020-05-20","Lemba","Binza Meteo","3h","Origin_Zone_Resident","Origin_Zone_Worker","ZoneGlobale","All_modes","798"
"2020-05-20","Lemba","Binza Meteo","3h","Origin_Zone_Resident","Origin_Zone_Worker","eglise protestante de lemba","All_modes","52"
"2020-05-20","Lemba","Binza Ozone","1h","Outside_Resident","Outside_Worker","ZoneGlobale","All_modes","35"
"2020-05-20","Lemba","Binza Ozone","1h","Destination_Zone_Resident","Destination_Zone_Worker","DGC barré","All_modes","34"
"2020-05-20","Lemba","Binza Ozone","1h","Destination_Zone_Resident","Destination_Zone_Worker","Le Balcon","All_modes","26"
"2020-05-20","Lemba","Binza Ozone","1h","Destination_Zone_Resident","Destination_Zone_Worker","Le Cadre","All_modes","26"
"2020-05-20","Lemba","Binza Ozone","1h","Destination_Zone_Resident","Destination_Zone_Worker","Médecin sans frontière","All_modes","26"
"2020-05-20","Lemba","Binza Ozone","1h","Destination_Zone_Resident","Destination_Zone_Worker","Religieuses de l'Assomption","All_modes","26"
"2020-05-20","Lemba","Binza Ozone","1h","Destination_Zone_Resident","Destination_Zone_Worker","Symphonie des arts","All_modes","26"
"2020-05-20","Lemba","Binza Ozone","1h","Destination_Zone_Resident","Destination_Zone_Worker","Waz Chicken","All_modes","26"
"2020-05-20","Lemba","Binza Ozone","1h","Destination_Zone_Resident","Destination_Zone_Worker","ZoneGlobale","All_modes","94"
"2020-05-20","Lemba","Binza Ozone","1h","Destination_Zone_Resident","Origin_Zone_Worker","ZoneGlobale","All_modes","25"
"2020-05-20","Lemba","Binza Ozone","1h","Study_Zone_Resident","Study_Zone_Worker","DGC barré","All_modes","25"
"2020-05-20","Lemba","Binza Ozone","1h","Study_Zone_Resident","Study_Zone_Worker","E-mart","All_modes","25"
"2020-05-20","Lemba","Binza Ozone","1h","Study_Zone_Resident","Study_Zone_Worker","Eglise les Semeurs","All_modes","36"
"2020-05-20","Lemba","Binza Ozone","1h","Study_Zone_Resident","Study_Zone_Worker","Paroisse Saint Benoît","All_modes","27"
"2020-05-20","Lemba","Binza Ozone","1h","Study_Zone_Resident","Study_Zone_Worker","SK supermarché","All_modes","25"
"2020-05-20","Lemba","Binza Ozone","1h","Study_Zone_Resident","Study_Zone_Worker","ZoneGlobale","All_modes","79"
"2020-05-20","Lemba","Binza Ozone","1h","Origin_Zone_Resident","Destination_Zone_Worker","Eglise les Semeurs","All_modes","26"
"2020-05-20","Lemba","Binza Ozone","1h","Origin_Zone_Resident","Destination_Zone_Worker","Saint Augustin de Lemba","All_modes","25"
"2020-05-20","Lemba","Binza Ozone","1h","Origin_Zone_Resident","Destination_Zone_Worker","ZoneGlobale","All_modes","43"
"2020-05-20","Lemba","Binza Ozone","1h","Origin_Zone_Resident","Destination_Zone_Worker","eglise protestante de lemba","All_modes","25"
"2020-05-20","Lemba","Binza Ozone","1h","Origin_Zone_Resident","Origin_Zone_Worker","Arret Stade velodrome","All_modes","25"
"2020-05-20","Lemba","Binza Ozone","1h","Origin_Zone_Resident","Origin_Zone_Worker","Bar et Flat ABC","All_modes","25"
"2020-05-20","Lemba","Binza Ozone","1h","Origin_Zone_Resident","Origin_Zone_Worker","Baruti Tabernacle","All_modes","25"
"2020-05-20","Lemba","Binza Ozone","1h","Origin_Zone_Resident","Origin_Zone_Worker","CHK","All_modes","429"
"2020-05-20","Lemba","Binza Ozone","1h","Origin_Zone_Resident","Origin_Zone_Worker","Chez Bibi","All_modes","25"
"2020-05-20","Lemba","Binza Ozone","1h","Origin_Zone_Resident","Origin_Zone_Worker","Croissement Kianza et Université","All_modes","34"
"2020-05-20","Lemba","Binza Ozone","1h","Origin_Zone_Resident","Origin_Zone_Worker","DGC barré","All_modes","404"
"2020-05-20","Lemba","Binza Ozone","1h","Origin_Zone_Resident","Origin_Zone_Worker","Eglise Francophone Ecole de Tyrannus","All_modes","33"
"2020-05-20","Lemba","Binza Ozone","1h","Origin_Zone_Resident","Origin_Zone_Worker","Eglise Mission Evangelique Réconciliation Spirituel International MERSI","All_modes","25"
"2020-05-20","Lemba","Binza Ozone","1h","Origin_Zone_Resident","Origin_Zone_Worker","Eglise les Semeurs","All_modes","51"
"2020-05-20","Lemba","Binza Ozone","1h","Origin_Zone_Resident","Origin_Zone_Worker","Facebook","All_modes","25"
"2020-05-20","Lemba","Binza Ozone","1h","Origin_Zone_Resident","Origin_Zone_Worker","Food Market Macampagne","All_modes","395"
"2020-05-20","Lemba","Binza Ozone","1h","Origin_Zone_Resident","Origin_Zone_Worker","INBTP","All_modes","25"
"2020-05-20","Lemba","Binza Ozone","1h","Origin_Zone_Resident","Origin_Zone_Worker","Kin Delicieux","All_modes","25"
"2020-05-20","Lemba","Binza Ozone","1h","Origin_Zone_Resident","Origin_Zone_Worker","Kin marché","All_modes","25"
"2020-05-20","Lemba","Binza Ozone","1h","Origin_Zone_Resident","Origin_Zone_Worker","Kjelsie","All_modes","34"
"2020-05-20","Lemba","Binza Ozone","1h","Origin_Zone_Resident","Origin_Zone_Worker","Le Balcon","All_modes","25"
"2020-05-20","Lemba","Binza Ozone","1h","Origin_Zone_Resident","Origin_Zone_Worker","Le Cadre","All_modes","25"
"2020-05-20","Lemba","Binza Ozone","1h","Origin_Zone_Resident","Origin_Zone_Worker","Lemba Terminus","All_modes","66"
"2020-05-20","Lemba","Binza Ozone","1h","Origin_Zone_Resident","Origin_Zone_Worker","Maison communale de Ngaliema","All_modes","25"
"2020-05-20","Lemba","Binza Ozone","1h","Origin_Zone_Resident","Origin_Zone_Worker","Marché de super lemba","All_modes","25"
"2020-05-20","Lemba","Binza Ozone","1h","Origin_Zone_Resident","Origin_Zone_Worker","Parc Mont Ngaliema","All_modes","25"
"2020-05-20","Lemba","Binza Ozone","1h","Origin_Zone_Resident","Origin_Zone_Worker","Paroisse Saint Benoît","All_modes","33"
"2020-05-20","Lemba","Binza Ozone","1h","Origin_Zone_Resident","Origin_Zone_Worker","Religieuses de l'Assomption","All_modes","25"
"2020-05-20","Lemba","Binza Ozone","1h","Origin_Zone_Resident","Origin_Zone_Worker","Rond point Kintambo","All_modes","33"
"2020-05-20","Lemba","Binza Ozone","1h","Origin_Zone_Resident","Origin_Zone_Worker","Saint Augustin de Lemba","All_modes","50"
"2020-05-20","Lemba","Binza Ozone","1h","Origin_Zone_Resident","Origin_Zone_Worker","Symphonie des arts","All_modes","25"
"2020-05-20","Lemba","Binza Ozone","1h","Origin_Zone_Resident","Origin_Zone_Worker","Terrain de Basket du camp Mimosa","All_modes","34"
"2020-05-20","Lemba","Binza Ozone","1h","Origin_Zone_Resident","Origin_Zone_Worker","Waz Chicken","All_modes","25"
"2020-05-20","Lemba","Binza Ozone","1h","Origin_Zone_Resident","Origin_Zone_Worker","ZoneGlobale","All_modes","550"
"2020-05-20","Lemba","Binza Ozone","1h","Origin_Zone_Resident","Origin_Zone_Worker","eglise protestante de lemba","All_modes","25"
"2020-05-20","Lemba","Binza Ozone","3h","Outside_Resident","Outside_Worker","Chez Cactus","All_modes","83"
"2020-05-20","Lemba","Binza Ozone","3h","Outside_Resident","Outside_Worker","Eglise les Semeurs","All_modes","92"
"2020-05-20","Lemba","Binza Ozone","3h","Outside_Resident","Outside_Worker","ZoneGlobale","All_modes","118"
"2020-05-20","Lemba","Binza Ozone","3h","Outside_Resident","Destination_Zone_Worker","ZoneGlobale","All_modes","25"
"2020-05-20","Lemba","Binza Ozone","3h","Destination_Zone_Resident","Outside_Worker","ZoneGlobale","All_modes","25"
"2020-05-20","Lemba","Binza Ozone","3h","Destination_Zone_Resident","Destination_Zone_Worker","CREFM Eglise La Compassion","All_modes","26"
"2020-05-20","Lemba","Binza Ozone","3h","Destination_Zone_Resident","Destination_Zone_Worker","Centre Evangélique la Résurrection","All_modes","26"
"2020-05-20","Lemba","Binza Ozone","3h","Destination_Zone_Resident","Destination_Zone_Worker","Croissement Kianza et Université","All_modes","42"
"2020-05-20","Lemba","Binza Ozone","3h","Destination_Zone_Resident","Destination_Zone_Worker","Eglise Francophone Ecole de Tyrannus","All_modes","51"
"2020-05-20","Lemba","Binza Ozone","3h","Destination_Zone_Resident","Destination_Zone_Worker","Eglise La Semence Seeds Church","All_modes","26"
"2020-05-20","Lemba","Binza Ozone","3h","Destination_Zone_Resident","Destination_Zone_Worker","Eglise Mission Evangelique Réconciliation Spirituel International MERSI","All_modes","26"
"2020-05-20","Lemba","Binza Ozone","3h","Destination_Zone_Resident","Destination_Zone_Worker","Eglise les Semeurs","All_modes","26"
"2020-05-20","Lemba","Binza Ozone","3h","Destination_Zone_Resident","Destination_Zone_Worker","Le Balcon","All_modes","35"
"2020-05-20","Lemba","Binza Ozone","3h","Destination_Zone_Resident","Destination_Zone_Worker","Le Cadre","All_modes","26"
"2020-05-20","Lemba","Binza Ozone","3h","Destination_Zone_Resident","Destination_Zone_Worker","Lemba Terminus","All_modes","52"
"2020-05-20","Lemba","Binza Ozone","3h","Destination_Zone_Resident","Destination_Zone_Worker","MED CITE DES PRIERES","All_modes","34"
"2020-05-20","Lemba","Binza Ozone","3h","Destination_Zone_Resident","Destination_Zone_Worker","Médecin sans frontière","All_modes","35"
"2020-05-20","Lemba","Binza Ozone","3h","Destination_Zone_Resident","Destination_Zone_Worker","Paroisse Notre-Dame d'Afrique","All_modes","26"
"2020-05-20","Lemba","Binza Ozone","3h","Destination_Zone_Resident","Destination_Zone_Worker","Religieuses de l'Assomption","All_modes","26"
"2020-05-20","Lemba","Binza Ozone","3h","Destination_Zone_Resident","Destination_Zone_Worker","Rond Point Ngaba","All_modes","25"
"2020-05-20","Lemba","Binza Ozone","3h","Destination_Zone_Resident","Destination_Zone_Worker","St.Christine","All_modes","34"
"2020-05-20","Lemba","Binza Ozone","3h","Destination_Zone_Resident","Destination_Zone_Worker","Symphonie des arts","All_modes","35"
"2020-05-20","Lemba","Binza Ozone","3h","Destination_Zone_Resident","Destination_Zone_Worker","Waz Chicken","All_modes","35"
"2020-05-20","Lemba","Binza Ozone","3h","Destination_Zone_Resident","Destination_Zone_Worker","ZoneGlobale","All_modes","137"
"2020-05-20","Lemba","Binza Ozone","3h","Destination_Zone_Resident","Origin_Zone_Worker","ZoneGlobale","All_modes","34"
"2020-05-20","Lemba","Binza Ozone","3h","Study_Zone_Resident","Destination_Zone_Worker","ZoneGlobale","All_modes","25"
"2020-05-20","Lemba","Binza Ozone","3h","Study_Zone_Resident","Study_Zone_Worker","Religieuses de l'Assomption","All_modes","36"
"2020-05-20","Lemba","Binza Ozone","3h","Study_Zone_Resident","Study_Zone_Worker","Saint Augustin de Lemba","All_modes","36"
"2020-05-20","Lemba","Binza Ozone","3h","Study_Zone_Resident","Study_Zone_Worker","ZoneGlobale","All_modes","53"
"2020-05-20","Lemba","Binza Ozone","3h","Study_Zone_Resident","Study_Zone_Worker","eglise protestante de lemba","All_modes","36"
"2020-05-20","Lemba","Binza Ozone","3h","Origin_Zone_Resident","Outside_Worker","Arret Utex Africa","All_modes","28"
"2020-05-20","Lemba","Binza Ozone","3h","Origin_Zone_Resident","Outside_Worker","Chez Cactus","All_modes","28"
"2020-05-20","Lemba","Binza Ozone","3h","Origin_Zone_Resident","Outside_Worker","Eglise les Semeurs","All_modes","28"
"2020-05-20","Lemba","Binza Ozone","3h","Origin_Zone_Resident","Outside_Worker","Haute Cour Militaire","All_modes","28"
"2020-05-20","Lemba","Binza Ozone","3h","Origin_Zone_Resident","Outside_Worker","Mango","All_modes","28"
"2020-05-20","Lemba","Binza Ozone","3h","Origin_Zone_Resident","Outside_Worker","Médecin sans frontière","All_modes","28"
"2020-05-20","Lemba","Binza Ozone","3h","Origin_Zone_Resident","Outside_Worker","Paroisse Saint Benoît","All_modes","28"
"2020-05-20","Lemba","Binza Ozone","3h","Origin_Zone_Resident","Outside_Worker","UNHCR","All_modes","28"
"2020-05-20","Lemba","Binza Ozone","3h","Origin_Zone_Resident","Outside_Worker","ZoneGlobale","All_modes","36"
"2020-05-20","Lemba","Binza Ozone","3h","Origin_Zone_Resident","Destination_Zone_Worker","Eglise les Semeurs","All_modes","26"
"2020-05-20","Lemba","Binza Ozone","3h","Origin_Zone_Resident","Destination_Zone_Worker","Saint Augustin de Lemba","All_modes","25"
"2020-05-20","Lemba","Binza Ozone","3h","Origin_Zone_Resident","Destination_Zone_Worker","ZoneGlobale","All_modes","52"
"2020-05-20","Lemba","Binza Ozone","3h","Origin_Zone_Resident","Destination_Zone_Worker","eglise protestante de lemba","All_modes","25"
"2020-05-20","Lemba","Binza Ozone","3h","Origin_Zone_Resident","Origin_Zone_Worker","Baruti Tabernacle","All_modes","34"
"2020-05-20","Lemba","Binza Ozone","3h","Origin_Zone_Resident","Origin_Zone_Worker","Centre Missionnaire Evangélique au Congo","All_modes","25"
"2020-05-20","Lemba","Binza Ozone","3h","Origin_Zone_Resident","Origin_Zone_Worker","Croissement Kianza et Université","All_modes","43"
"2020-05-20","Lemba","Binza Ozone","3h","Origin_Zone_Resident","Origin_Zone_Worker","Eglise Francophone Ecole de Tyrannus","All_modes","51"
"2020-05-20","Lemba","Binza Ozone","3h","Origin_Zone_Resident","Origin_Zone_Worker","Eglise les Semeurs","All_modes","43"
"2020-05-20","Lemba","Binza Ozone","3h","Origin_Zone_Resident","Origin_Zone_Worker","Marché de super lemba","All_modes","43"
"2020-05-20","Lemba","Binza Ozone","3h","Origin_Zone_Resident","Origin_Zone_Worker","Paroisse Saint Benoît","All_modes","34"
"2020-05-20","Lemba","Binza Ozone","3h","Origin_Zone_Resident","Origin_Zone_Worker","Religieuses de l'Assomption","All_modes","25"
"2020-05-20","Lemba","Binza Ozone","3h","Origin_Zone_Resident","Origin_Zone_Worker","Rond point super lemba","All_modes","25"
"2020-05-20","Lemba","Binza Ozone","3h","Origin_Zone_Resident","Origin_Zone_Worker","Saint Augustin de Lemba","All_modes","42"
"2020-05-20","Lemba","Binza Ozone","3h","Origin_Zone_Resident","Origin_Zone_Worker","ZoneGlobale","All_modes","654"
"2020-05-20","Lemba","Binza Ozone","3h","Origin_Zone_Resident","Origin_Zone_Worker","eglise protestante de lemba","All_modes","34"
"2020-05-20","Lemba","Boko-Kivulu","1h","Study_Zone_Resident","Study_Zone_Worker","ZoneGlobale","All_modes","28"
"2020-05-20","Lemba","Boko-Kivulu","3h","Study_Zone_Resident","Study_Zone_Worker","Croissement Kianza et Université","All_modes","26"
"2020-05-20","Lemba","Boko-Kivulu","3h","Study_Zone_Resident","Study_Zone_Worker","MED CITE DES PRIERES","All_modes","26"
"2020-05-20","Lemba","Boko-Kivulu","3h","Study_Zone_Resident","Study_Zone_Worker","Rond Point Ngaba","All_modes","26"
"2020-05-20","Lemba","Boko-Kivulu","3h","Study_Zone_Resident","Study_Zone_Worker","St.Christine","All_modes","26"
"2020-05-20","Lemba","Boko-Kivulu","3h","Study_Zone_Resident","Study_Zone_Worker","ZoneGlobale","All_modes","26"
"2020-05-20","Lemba","Bumbu","1h","Outside_Resident","Outside_Worker","Baruti Tabernacle","All_modes","34"
"2020-05-20","Lemba","Bumbu","1h","Outside_Resident","Outside_Worker","Croissement Kianza et Université","All_modes","34"
"2020-05-20","Lemba","Bumbu","1h","Outside_Resident","Outside_Worker","Rond Point Ngaba","All_modes","26"
"2020-05-20","Lemba","Bumbu","1h","Outside_Resident","Outside_Worker","Wenze Muselu/Gambela","All_modes","34"
"2020-05-20","Lemba","Bumbu","1h","Outside_Resident","Outside_Worker","ZoneGlobale","All_modes","121"
"2020-05-20","Lemba","Bumbu","1h","Outside_Resident","Destination_Zone_Worker","ZoneGlobale","All_modes","25"
"2020-05-20","Lemba","Bumbu","1h","Destination_Zone_Resident","Destination_Zone_Worker","Baruti Tabernacle","All_modes","78"
"2020-05-20","Lemba","Bumbu","1h","Destination_Zone_Resident","Destination_Zone_Worker","CREFM Eglise La Compassion","All_modes","25"
"2020-05-20","Lemba","Bumbu","1h","Destination_Zone_Resident","Destination_Zone_Worker","Centre Evangélique la Résurrection","All_modes","33"
"2020-05-20","Lemba","Bumbu","1h","Destination_Zone_Resident","Destination_Zone_Worker","Croissement Kianza et Université","All_modes","42"
"2020-05-20","Lemba","Bumbu","1h","Destination_Zone_Resident","Destination_Zone_Worker","MED CITE DES PRIERES","All_modes","34"
"2020-05-20","Lemba","Bumbu","1h","Destination_Zone_Resident","Destination_Zone_Worker","Marché de Mbanza Lemba","All_modes","25"
"2020-05-20","Lemba","Bumbu","1h","Destination_Zone_Resident","Destination_Zone_Worker","Pont Matete","All_modes","25"
"2020-05-20","Lemba","Bumbu","1h","Destination_Zone_Resident","Destination_Zone_Worker","Reine des Apôtres","All_modes","26"
"2020-05-20","Lemba","Bumbu","1h","Destination_Zone_Resident","Destination_Zone_Worker","Religieuses de l'Assomption","All_modes","25"
"2020-05-20","Lemba","Bumbu","1h","Destination_Zone_Resident","Destination_Zone_Worker","Rond Point Ngaba","All_modes","25"
"2020-05-20","Lemba","Bumbu","1h","Destination_Zone_Resident","Destination_Zone_Worker","St.Christine","All_modes","25"
"2020-05-20","Lemba","Bumbu","1h","Destination_Zone_Resident","Destination_Zone_Worker","Wenze Muselu/Gambela","All_modes","111"
"2020-05-20","Lemba","Bumbu","1h","Destination_Zone_Resident","Destination_Zone_Worker","ZoneGlobale","All_modes","239"
"2020-05-20","Lemba","Bumbu","1h","Destination_Zone_Resident","Origin_Zone_Worker","ZoneGlobale","All_modes","25"
"2020-05-20","Lemba","Bumbu","1h","Study_Zone_Resident","Study_Zone_Worker","Baruti Tabernacle","All_modes","51"
"2020-05-20","Lemba","Bumbu","1h","Study_Zone_Resident","Study_Zone_Worker","Centre Evangélique LA TRINITE","All_modes","25"
"2020-05-20","Lemba","Bumbu","1h","Study_Zone_Resident","Study_Zone_Worker","Centre Evangélique la Résurrection","All_modes","25"
"2020-05-20","Lemba","Bumbu","1h","Study_Zone_Resident","Study_Zone_Worker","Centre Missionnaire Evangélique au Congo","All_modes","25"
"2020-05-20","Lemba","Bumbu","1h","Study_Zone_Resident","Study_Zone_Worker","Croissement Kianza et Université","All_modes","60"
"2020-05-20","Lemba","Bumbu","1h","Study_Zone_Resident","Study_Zone_Worker","Place Commercial de limete (7 rue)","All_modes","34"
"2020-05-20","Lemba","Bumbu","1h","Study_Zone_Resident","Study_Zone_Worker","Wenze Muselu/Gambela","All_modes","94"
"2020-05-20","Lemba","Bumbu","1h","Study_Zone_Resident","Study_Zone_Worker","ZoneGlobale","All_modes","128"
"2020-05-20","Lemba","Bumbu","1h","Study_Zone_Resident","Origin_Zone_Worker","ZoneGlobale","All_modes","26"
"2020-05-20","Lemba","Bumbu","1h","Origin_Zone_Resident","Destination_Zone_Worker","ZoneGlobale","All_modes","25"
"2020-05-20","Lemba","Bumbu","1h","Origin_Zone_Resident","Study_Zone_Worker","ZoneGlobale","All_modes","33"
"2020-05-20","Lemba","Bumbu","1h","Origin_Zone_Resident","Origin_Zone_Worker","Baruti Tabernacle","All_modes","42"
"2020-05-20","Lemba","Bumbu","1h","Origin_Zone_Resident","Origin_Zone_Worker","Croissement Kianza et Université","All_modes","51"
"2020-05-20","Lemba","Bumbu","1h","Origin_Zone_Resident","Origin_Zone_Worker","Eglise Francophone Ecole de Tyrannus","All_modes","25"
"2020-05-20","Lemba","Bumbu","1h","Origin_Zone_Resident","Origin_Zone_Worker","Marché de super lemba","All_modes","26"
"2020-05-20","Lemba","Bumbu","1h","Origin_Zone_Resident","Origin_Zone_Worker","Rond point super lemba","All_modes","43"
"2020-05-20","Lemba","Bumbu","1h","Origin_Zone_Resident","Origin_Zone_Worker","Saint Augustin de Lemba","All_modes","60"
"2020-05-20","Lemba","Bumbu","1h","Origin_Zone_Resident","Origin_Zone_Worker","Wenze Muselu/Gambela","All_modes","94"
"2020-05-20","Lemba","Bumbu","1h","Origin_Zone_Resident","Origin_Zone_Worker","ZoneGlobale","All_modes","232"
"2020-05-20","Lemba","Bumbu","1h","Origin_Zone_Resident","Origin_Zone_Worker","eglise protestante de lemba","All_modes","43"
"2020-05-20","Lemba","Bumbu","3h","Outside_Resident","Outside_Worker","ZoneGlobale","All_modes","112"
"2020-05-20","Lemba","Bumbu","3h","Outside_Resident","Destination_Zone_Worker","Croissement Kianza et Université","All_modes","24"
"2020-05-20","Lemba","Bumbu","3h","Outside_Resident","Destination_Zone_Worker","ZoneGlobale","All_modes","59"
"2020-05-20","Lemba","Bumbu","3h","Outside_Resident","Origin_Zone_Worker","ZoneGlobale","All_modes","25"
"2020-05-20","Lemba","Bumbu","3h","Destination_Zone_Resident","Destination_Zone_Worker","Baruti Tabernacle","All_modes","44"
"2020-05-20","Lemba","Bumbu","3h","Destination_Zone_Resident","Destination_Zone_Worker","Croissement Kianza et Université","All_modes","70"
"2020-05-20","Lemba","Bumbu","3h","Destination_Zone_Resident","Destination_Zone_Worker","Eglise Francophone Ecole de Tyrannus","All_modes","25"
"2020-05-20","Lemba","Bumbu","3h","Destination_Zone_Resident","Destination_Zone_Worker","Eglise les Semeurs","All_modes","25"
"2020-05-20","Lemba","Bumbu","3h","Destination_Zone_Resident","Destination_Zone_Worker","Lemba Terminus","All_modes","50"
"2020-05-20","Lemba","Bumbu","3h","Destination_Zone_Resident","Destination_Zone_Worker","MED CITE DES PRIERES","All_modes","34"
"2020-05-20","Lemba","Bumbu","3h","Destination_Zone_Resident","Destination_Zone_Worker","Marché de super lemba","All_modes","25"
"2020-05-20","Lemba","Bumbu","3h","Destination_Zone_Resident","Destination_Zone_Worker","Paroisse Saint Benoît","All_modes","25"
"2020-05-20","Lemba","Bumbu","3h","Destination_Zone_Resident","Destination_Zone_Worker","Reine des Apôtres","All_modes","25"
"2020-05-20","Lemba","Bumbu","3h","Destination_Zone_Resident","Destination_Zone_Worker","Religieuses de l'Assomption","All_modes","25"
"2020-05-20","Lemba","Bumbu","3h","Destination_Zone_Resident","Destination_Zone_Worker","Saint Augustin de Lemba","All_modes","34"
"2020-05-20","Lemba","Bumbu","3h","Destination_Zone_Resident","Destination_Zone_Worker","Wenze Muselu/Gambela","All_modes","25"
"2020-05-20","Lemba","Bumbu","3h","Destination_Zone_Resident","Destination_Zone_Worker","ZoneGlobale","All_modes","191"
"2020-05-20","Lemba","Bumbu","3h","Destination_Zone_Resident","Origin_Zone_Worker","Baruti Tabernacle","All_modes","24"
"2020-05-20","Lemba","Bumbu","3h","Destination_Zone_Resident","Origin_Zone_Worker","ZoneGlobale","All_modes","33"
"2020-05-20","Lemba","Bumbu","3h","Study_Zone_Resident","Study_Zone_Worker","Baruti Tabernacle","All_modes","34"
"2020-05-20","Lemba","Bumbu","3h","Study_Zone_Resident","Study_Zone_Worker","Croissement Kianza et Université","All_modes","24"
"2020-05-20","Lemba","Bumbu","3h","Study_Zone_Resident","Study_Zone_Worker","Eglise Francophone Ecole de Tyrannus","All_modes","33"
"2020-05-20","Lemba","Bumbu","3h","Study_Zone_Resident","Study_Zone_Worker","Eglise les Semeurs","All_modes","33"
"2020-05-20","Lemba","Bumbu","3h","Study_Zone_Resident","Study_Zone_Worker","Paroisse Saint Benoît","All_modes","33"
"2020-05-20","Lemba","Bumbu","3h","Study_Zone_Resident","Study_Zone_Worker","ZoneGlobale","All_modes","127"
"2020-05-20","Lemba","Bumbu","3h","Study_Zone_Resident","Origin_Zone_Worker","ZoneGlobale","All_modes","26"
"2020-05-20","Lemba","Bumbu","3h","Origin_Zone_Resident","Destination_Zone_Worker","ZoneGlobale","All_modes","43"
"2020-05-20","Lemba","Bumbu","3h","Origin_Zone_Resident","Study_Zone_Worker","ZoneGlobale","All_modes","52"
"2020-05-20","Lemba","Bumbu","3h","Origin_Zone_Resident","Origin_Zone_Worker","Baruti Tabernacle","All_modes","34"
"2020-05-20","Lemba","Bumbu","3h","Origin_Zone_Resident","Origin_Zone_Worker","CREFM Eglise La Compassion","All_modes","25"
"2020-05-20","Lemba","Bumbu","3h","Origin_Zone_Resident","Origin_Zone_Worker","Centre Evangélique la Résurrection","All_modes","25"
"2020-05-20","Lemba","Bumbu","3h","Origin_Zone_Resident","Origin_Zone_Worker","Centre Missionnaire Evangélique au Congo","All_modes","33"
"2020-05-20","Lemba","Bumbu","3h","Origin_Zone_Resident","Origin_Zone_Worker","Clinique Universitaire Kinshasa","All_modes","25"
"2020-05-20","Lemba","Bumbu","3h","Origin_Zone_Resident","Origin_Zone_Worker","Croissement Kianza et Université","All_modes","42"
"2020-05-20","Lemba","Bumbu","3h","Origin_Zone_Resident","Origin_Zone_Worker","Eglise Francophone Ecole de Tyrannus","All_modes","75"
"2020-05-20","Lemba","Bumbu","3h","Origin_Zone_Resident","Origin_Zone_Worker","Eglise Kimbanguiste","All_modes","33"
"2020-05-20","Lemba","Bumbu","3h","Origin_Zone_Resident","Origin_Zone_Worker","Eglise les Semeurs","All_modes","50"
"2020-05-20","Lemba","Bumbu","3h","Origin_Zone_Resident","Origin_Zone_Worker","Lemba Terminus","All_modes","102"
"2020-05-20","Lemba","Bumbu","3h","Origin_Zone_Resident","Origin_Zone_Worker","Marché de super lemba","All_modes","34"
"2020-05-20","Lemba","Bumbu","3h","Origin_Zone_Resident","Origin_Zone_Worker","Paroisse Saint Benoît","All_modes","59"
"2020-05-20","Lemba","Bumbu","3h","Origin_Zone_Resident","Origin_Zone_Worker","Reine des Apôtres","All_modes","25"
"2020-05-20","Lemba","Bumbu","3h","Origin_Zone_Resident","Origin_Zone_Worker","Rond point super lemba","All_modes","42"
"2020-05-20","Lemba","Bumbu","3h","Origin_Zone_Resident","Origin_Zone_Worker","Saint Augustin de Lemba","All_modes","77"
"2020-05-20","Lemba","Bumbu","3h","Origin_Zone_Resident","Origin_Zone_Worker","Wenze Muselu/Gambela","All_modes","24"
"2020-05-20","Lemba","Bumbu","3h","Origin_Zone_Resident","Origin_Zone_Worker","ZoneGlobale","All_modes","298"
"2020-05-20","Lemba","Bumbu","3h","Origin_Zone_Resident","Origin_Zone_Worker","eglise protestante de lemba","All_modes","34"
"2020-05-20","Lemba","Gombe","1h","Outside_Resident","Outside_Worker","Ambassade Afrique du Sud","All_modes","25"
"2020-05-20","Lemba","Gombe","1h","Outside_Resident","Outside_Worker","Baruti Tabernacle","All_modes","39"
"2020-05-20","Lemba","Gombe","1h","Outside_Resident","Outside_Worker","Beach Ngobila","All_modes","38"
"2020-05-20","Lemba","Gombe","1h","Outside_Resident","Outside_Worker","Bienvenue","All_modes","29"
"2020-05-20","Lemba","Gombe","1h","Outside_Resident","Outside_Worker","Bon Marché","All_modes","29"
"2020-05-20","Lemba","Gombe","1h","Outside_Resident","Outside_Worker","CREFM Eglise La Compassion","All_modes","46"
"2020-05-20","Lemba","Gombe","1h","Outside_Resident","Outside_Worker","Centre Evangélique la Résurrection","All_modes","55"
"2020-05-20","Lemba","Gombe","1h","Outside_Resident","Outside_Worker","Centre médical de Kinshasa","All_modes","38"
"2020-05-20","Lemba","Gombe","1h","Outside_Resident","Outside_Worker","Centre médical de la Mongala","All_modes","38"
"2020-05-20","Lemba","Gombe","1h","Outside_Resident","Outside_Worker","Cercle Elaeis","All_modes","25"
"2020-05-20","Lemba","Gombe","1h","Outside_Resident","Outside_Worker","City Group","All_modes","25"
"2020-05-20","Lemba","Gombe","1h","Outside_Resident","Outside_Worker","City Market","All_modes","46"
"2020-05-20","Lemba","Gombe","1h","Outside_Resident","Outside_Worker","Congo Trade Center","All_modes","29"
"2020-05-20","Lemba","Gombe","1h","Outside_Resident","Outside_Worker","Croissement Kianza et Université","All_modes","34"
"2020-05-20","Lemba","Gombe","1h","Outside_Resident","Outside_Worker","Eglise Francophone Ecole de Tyrannus","All_modes","39"
"2020-05-20","Lemba","Gombe","1h","Outside_Resident","Outside_Worker","Eglise Kimbanguiste","All_modes","29"
"2020-05-20","Lemba","Gombe","1h","Outside_Resident","Outside_Worker","Eglise Mission Evangelique Réconciliation Spirituel International MERSI","All_modes","46"
"2020-05-20","Lemba","Gombe","1h","Outside_Resident","Outside_Worker","Eglise les Semeurs","All_modes","47"
"2020-05-20","Lemba","Gombe","1h","Outside_Resident","Outside_Worker","Equity Bank Congo","All_modes","55"
"2020-05-20","Lemba","Gombe","1h","Outside_Resident","Outside_Worker","Ethiopian airlines","All_modes","25"
"2020-05-20","Lemba","Gombe","1h","Outside_Resident","Outside_Worker","FBNBANK HQ","All_modes","29"
"2020-05-20","Lemba","Gombe","1h","Outside_Resident","Outside_Worker","Gare centrale","All_modes","46"
"2020-05-20","Lemba","Gombe","1h","Outside_Resident","Outside_Worker","Hotel Béatrice","All_modes","38"
"2020-05-20","Lemba","Gombe","1h","Outside_Resident","Outside_Worker","Hotel Memling","All_modes","33"
"2020-05-20","Lemba","Gombe","1h","Outside_Resident","Outside_Worker","Huawei HQ","All_modes","38"
"2020-05-20","Lemba","Gombe","1h","Outside_Resident","Outside_Worker","Immeuble Congo Futur","All_modes","34"
"2020-05-20","Lemba","Gombe","1h","Outside_Resident","Outside_Worker","Jeffery Travel","All_modes","25"
"2020-05-20","Lemba","Gombe","1h","Outside_Resident","Outside_Worker","Kinkole","All_modes","29"
"2020-05-20","Lemba","Gombe","1h","Outside_Resident","Outside_Worker","Le cerlce gourmand","All_modes","26"
"2020-05-20","Lemba","Gombe","1h","Outside_Resident","Outside_Worker","Le grand Libulu","All_modes","46"
"2020-05-20","Lemba","Gombe","1h","Outside_Resident","Outside_Worker","Lemba Terminus","All_modes","78"
"2020-05-20","Lemba","Gombe","1h","Outside_Resident","Outside_Worker","Leonidas RDC","All_modes","29"
"2020-05-20","Lemba","Gombe","1h","Outside_Resident","Outside_Worker","MED CITE DES PRIERES","All_modes","39"
"2020-05-20","Lemba","Gombe","1h","Outside_Resident","Outside_Worker","Marché central","All_modes","39"
"2020-05-20","Lemba","Gombe","1h","Outside_Resident","Outside_Worker","Marché de super lemba","All_modes","55"
"2020-05-20","Lemba","Gombe","1h","Outside_Resident","Outside_Worker","Maïsha Park","All_modes","26"
"2020-05-20","Lemba","Gombe","1h","Outside_Resident","Outside_Worker","Mosque Bon Marche","All_modes","34"
"2020-05-20","Lemba","Gombe","1h","Outside_Resident","Outside_Worker","New Lys I","All_modes","46"
"2020-05-20","Lemba","Gombe","1h","Outside_Resident","Outside_Worker","New Lys II","All_modes","30"
"2020-05-20","Lemba","Gombe","1h","Outside_Resident","Outside_Worker","Palm Beach","All_modes","38"
"2020-05-20","Lemba","Gombe","1h","Outside_Resident","Outside_Worker","Paroisse Marie Reine des Apôtres","All_modes","30"
"2020-05-20","Lemba","Gombe","1h","Outside_Resident","Outside_Worker","Paroisse Saint - Anne","All_modes","46"
"2020-05-20","Lemba","Gombe","1h","Outside_Resident","Outside_Worker","Paroisse Saint Benoît","All_modes","47"
"2020-05-20","Lemba","Gombe","1h","Outside_Resident","Outside_Worker","Paroisse saint Eloi","All_modes","38"
"2020-05-20","Lemba","Gombe","1h","Outside_Resident","Outside_Worker","Place de la Gare Centrale","All_modes","46"
"2020-05-20","Lemba","Gombe","1h","Outside_Resident","Outside_Worker","Place du 30 juin","All_modes","46"
"2020-05-20","Lemba","Gombe","1h","Outside_Resident","Outside_Worker","Pont Matete","All_modes","29"
"2020-05-20","Lemba","Gombe","1h","Outside_Resident","Outside_Worker","Poste","All_modes","39"
"2020-05-20","Lemba","Gombe","1h","Outside_Resident","Outside_Worker","Regal","All_modes","29"
"2020-05-20","Lemba","Gombe","1h","Outside_Resident","Outside_Worker","Regal Boulevard","All_modes","25"
"2020-05-20","Lemba","Gombe","1h","Outside_Resident","Outside_Worker","Religieuses de l'Assomption","All_modes","55"
"2020-05-20","Lemba","Gombe","1h","Outside_Resident","Outside_Worker","Rond Point Forescom","All_modes","55"
"2020-05-20","Lemba","Gombe","1h","Outside_Resident","Outside_Worker","Rond Point Ngaba","All_modes","39"
"2020-05-20","Lemba","Gombe","1h","Outside_Resident","Outside_Worker","Rond point super lemba","All_modes","38"
"2020-05-20","Lemba","Gombe","1h","Outside_Resident","Outside_Worker","SONAS","All_modes","34"
"2020-05-20","Lemba","Gombe","1h","Outside_Resident","Outside_Worker","Saint Augustin de Lemba","All_modes","94"
"2020-05-20","Lemba","Gombe","1h","Outside_Resident","Outside_Worker","Sep Congo","All_modes","29"
"2020-05-20","Lemba","Gombe","1h","Outside_Resident","Outside_Worker","Shark Club","All_modes","47"
"2020-05-20","Lemba","Gombe","1h","Outside_Resident","Outside_Worker","St.Christine","All_modes","39"
"2020-05-20","Lemba","Gombe","1h","Outside_Resident","Outside_Worker","Vodacom Square","All_modes","55"
"2020-05-20","Lemba","Gombe","1h","Outside_Resident","Outside_Worker","ZoneGlobale","All_modes","304"
"2020-05-20","Lemba","Gombe","1h","Outside_Resident","Outside_Worker","eglise protestante de lemba","All_modes","64"
"2020-05-20","Lemba","Gombe","1h","Outside_Resident","Destination_Zone_Worker","ZoneGlobale","All_modes","34"
"2020-05-20","Lemba","Gombe","1h","Outside_Resident","Study_Zone_Worker","Maïsha Park","All_modes","25"
"2020-05-20","Lemba","Gombe","1h","Outside_Resident","Study_Zone_Worker","Royal Shopping","All_modes","25"
"2020-05-20","Lemba","Gombe","1h","Outside_Resident","Study_Zone_Worker","Spirit Club","All_modes","25"
"2020-05-20","Lemba","Gombe","1h","Outside_Resident","Study_Zone_Worker","ZoneGlobale","All_modes","58"
"2020-05-20","Lemba","Gombe","1h","Outside_Resident","Origin_Zone_Worker","ZoneGlobale","All_modes","59"
"2020-05-20","Lemba","Gombe","1h","Destination_Zone_Resident","Destination_Zone_Worker","Eglise Francophone Ecole de Tyrannus","All_modes","35"
"2020-05-20","Lemba","Gombe","1h","Destination_Zone_Resident","Destination_Zone_Worker","Eglise Mission Evangelique Réconciliation Spirituel International MERSI","All_modes","34"
"2020-05-20","Lemba","Gombe","1h","Destination_Zone_Resident","Destination_Zone_Worker","Eglise les Semeurs","All_modes","43"
"2020-05-20","Lemba","Gombe","1h","Destination_Zone_Resident","Destination_Zone_Worker","Marché de super lemba","All_modes","26"
"2020-05-20","Lemba","Gombe","1h","Destination_Zone_Resident","Destination_Zone_Worker","Mosque Bon Marche","All_modes","25"
"2020-05-20","Lemba","Gombe","1h","Destination_Zone_Resident","Destination_Zone_Worker","Paroisse Saint Benoît","All_modes","43"
"2020-05-20","Lemba","Gombe","1h","Destination_Zone_Resident","Destination_Zone_Worker","Religieuses de l'Assomption","All_modes","35"
"2020-05-20","Lemba","Gombe","1h","Destination_Zone_Resident","Destination_Zone_Worker","Rond point super lemba","All_modes","34"
"2020-05-20","Lemba","Gombe","1h","Destination_Zone_Resident","Destination_Zone_Worker","S&k av/ Mbuji Mayi c/ Gombe","All_modes","26"
"2020-05-20","Lemba","Gombe","1h","Destination_Zone_Resident","Destination_Zone_Worker","Saint Augustin de Lemba","All_modes","26"
"2020-05-20","Lemba","Gombe","1h","Destination_Zone_Resident","Destination_Zone_Worker","ZoneGlobale","All_modes","85"
"2020-05-20","Lemba","Gombe","1h","Destination_Zone_Resident","Destination_Zone_Worker","eglise protestante de lemba","All_modes","26"
"2020-05-20","Lemba","Gombe","1h","Study_Zone_Resident","Outside_Worker","ZoneGlobale","All_modes","34"
"2020-05-20","Lemba","Gombe","1h","Study_Zone_Resident","Destination_Zone_Worker","Baruti Tabernacle","All_modes","25"
"2020-05-20","Lemba","Gombe","1h","Study_Zone_Resident","Destination_Zone_Worker","Maïsha Park","All_modes","25"
"2020-05-20","Lemba","Gombe","1h","Study_Zone_Resident","Destination_Zone_Worker","ZoneGlobale","All_modes","102"
"2020-05-20","Lemba","Gombe","1h","Study_Zone_Resident","Study_Zone_Worker","Al Dar","All_modes","25"
"2020-05-20","Lemba","Gombe","1h","Study_Zone_Resident","Study_Zone_Worker","Ambassade Afrique du Sud","All_modes","25"
"2020-05-20","Lemba","Gombe","1h","Study_Zone_Resident","Study_Zone_Worker","Beach Ngobila","All_modes","24"
"2020-05-20","Lemba","Gombe","1h","Study_Zone_Resident","Study_Zone_Worker","Brussels airlines Check in","All_modes","26"
"2020-05-20","Lemba","Gombe","1h","Study_Zone_Resident","Study_Zone_Worker","Café Muzik","All_modes","26"
"2020-05-20","Lemba","Gombe","1h","Study_Zone_Resident","Study_Zone_Worker","Centre Evangélique la Résurrection","All_modes","43"
"2020-05-20","Lemba","Gombe","1h","Study_Zone_Resident","Study_Zone_Worker","Centre médical de Kinshasa","All_modes","24"
"2020-05-20","Lemba","Gombe","1h","Study_Zone_Resident","Study_Zone_Worker","Centre médical de la Mongala","All_modes","25"
"2020-05-20","Lemba","Gombe","1h","Study_Zone_Resident","Study_Zone_Worker","Cercle Elaeis","All_modes","25"
"2020-05-20","Lemba","Gombe","1h","Study_Zone_Resident","Study_Zone_Worker","Chez Flore","All_modes","34"
"2020-05-20","Lemba","Gombe","1h","Study_Zone_Resident","Study_Zone_Worker","City Group","All_modes","25"
"2020-05-20","Lemba","Gombe","1h","Study_Zone_Resident","Study_Zone_Worker","Clinique Universitaire Kinshasa","All_modes","43"
"2020-05-20","Lemba","Gombe","1h","Study_Zone_Resident","Study_Zone_Worker","Congo Trade Center","All_modes","33"
"2020-05-20","Lemba","Gombe","1h","Study_Zone_Resident","Study_Zone_Worker","Croissement Kianza et Université","All_modes","25"
"2020-05-20","Lemba","Gombe","1h","Study_Zone_Resident","Study_Zone_Worker","Diplomatic duty free","All_modes","25"
"2020-05-20","Lemba","Gombe","1h","Study_Zone_Resident","Study_Zone_Worker","Eglise Francophone Ecole de Tyrannus","All_modes","43"
"2020-05-20","Lemba","Gombe","1h","Study_Zone_Resident","Study_Zone_Worker","Eglise La Semence Seeds Church","All_modes","35"
"2020-05-20","Lemba","Gombe","1h","Study_Zone_Resident","Study_Zone_Worker","Eglise Mission Evangelique Réconciliation Spirituel International MERSI","All_modes","34"
"2020-05-20","Lemba","Gombe","1h","Study_Zone_Resident","Study_Zone_Worker","Eglise les Semeurs","All_modes","26"
"2020-05-20","Lemba","Gombe","1h","Study_Zone_Resident","Study_Zone_Worker","FBNBANK HQ","All_modes","33"
"2020-05-20","Lemba","Gombe","1h","Study_Zone_Resident","Study_Zone_Worker","GGmart Select","All_modes","42"
"2020-05-20","Lemba","Gombe","1h","Study_Zone_Resident","Study_Zone_Worker","Gare centrale","All_modes","42"
"2020-05-20","Lemba","Gombe","1h","Study_Zone_Resident","Study_Zone_Worker","Golf de Kinshasa","All_modes","43"
"2020-05-20","Lemba","Gombe","1h","Study_Zone_Resident","Study_Zone_Worker","Gombe","All_modes","35"
"2020-05-20","Lemba","Gombe","1h","Study_Zone_Resident","Study_Zone_Worker","Hj Hospitals","All_modes","25"
"2020-05-20","Lemba","Gombe","1h","Study_Zone_Resident","Study_Zone_Worker","Hotel Béatrice","All_modes","24"
"2020-05-20","Lemba","Gombe","1h","Study_Zone_Resident","Study_Zone_Worker","Hotel Memling","All_modes","42"
"2020-05-20","Lemba","Gombe","1h","Study_Zone_Resident","Study_Zone_Worker","Hotel Sultani","All_modes","35"
"2020-05-20","Lemba","Gombe","1h","Study_Zone_Resident","Study_Zone_Worker","Huawei HQ","All_modes","24"
"2020-05-20","Lemba","Gombe","1h","Study_Zone_Resident","Study_Zone_Worker","Immeuble BCDC","All_modes","25"
"2020-05-20","Lemba","Gombe","1h","Study_Zone_Resident","Study_Zone_Worker","Immeuble CNSS","All_modes","26"
"2020-05-20","Lemba","Gombe","1h","Study_Zone_Resident","Study_Zone_Worker","Jeffery Travel","All_modes","25"
"2020-05-20","Lemba","Gombe","1h","Study_Zone_Resident","Study_Zone_Worker","Kinkole","All_modes","26"
"2020-05-20","Lemba","Gombe","1h","Study_Zone_Resident","Study_Zone_Worker","Le cerlce gourmand","All_modes","43"
"2020-05-20","Lemba","Gombe","1h","Study_Zone_Resident","Study_Zone_Worker","Leonidas RDC","All_modes","24"
"2020-05-20","Lemba","Gombe","1h","Study_Zone_Resident","Study_Zone_Worker","Marché central","All_modes","26"
"2020-05-20","Lemba","Gombe","1h","Study_Zone_Resident","Study_Zone_Worker","Mosque Bon Marche","All_modes","26"
"2020-05-20","Lemba","Gombe","1h","Study_Zone_Resident","Study_Zone_Worker","ONATRA","All_modes","33"
"2020-05-20","Lemba","Gombe","1h","Study_Zone_Resident","Study_Zone_Worker","Olive verte","All_modes","25"
"2020-05-20","Lemba","Gombe","1h","Study_Zone_Resident","Study_Zone_Worker","Palm Beach","All_modes","24"
"2020-05-20","Lemba","Gombe","1h","Study_Zone_Resident","Study_Zone_Worker","Paroisse Notre-Dame d'Afrique","All_modes","35"
"2020-05-20","Lemba","Gombe","1h","Study_Zone_Resident","Study_Zone_Worker","Paroisse Saint - Anne","All_modes","42"
"2020-05-20","Lemba","Gombe","1h","Study_Zone_Resident","Study_Zone_Worker","Paroisse Saint Benoît","All_modes","25"
"2020-05-20","Lemba","Gombe","1h","Study_Zone_Resident","Study_Zone_Worker","Petite Epicerie","All_modes","26"
"2020-05-20","Lemba","Gombe","1h","Study_Zone_Resident","Study_Zone_Worker","Place de la Gare Centrale","All_modes","42"
"2020-05-20","Lemba","Gombe","1h","Study_Zone_Resident","Study_Zone_Worker","Place du 30 juin","All_modes","33"
"2020-05-20","Lemba","Gombe","1h","Study_Zone_Resident","Study_Zone_Worker","Poste","All_modes","34"
"2020-05-20","Lemba","Gombe","1h","Study_Zone_Resident","Study_Zone_Worker","Rond Point Forescom","All_modes","34"
"2020-05-20","Lemba","Gombe","1h","Study_Zone_Resident","Study_Zone_Worker","Rond Point Ngaba","All_modes","25"
"2020-05-20","Lemba","Gombe","1h","Study_Zone_Resident","Study_Zone_Worker","Rond point super lemba","All_modes","25"
"2020-05-20","Lemba","Gombe","1h","Study_Zone_Resident","Study_Zone_Worker","S&k av/ Mbuji Mayi c/ Gombe","All_modes","26"
"2020-05-20","Lemba","Gombe","1h","Study_Zone_Resident","Study_Zone_Worker","Saint Augustin de Lemba","All_modes","60"
"2020-05-20","Lemba","Gombe","1h","Study_Zone_Resident","Study_Zone_Worker","Sep Congo","All_modes","24"
"2020-05-20","Lemba","Gombe","1h","Study_Zone_Resident","Study_Zone_Worker","St Joseph de Kinshasa","All_modes","34"
"2020-05-20","Lemba","Gombe","1h","Study_Zone_Resident","Study_Zone_Worker","Vodacom Square","All_modes","34"
"2020-05-20","Lemba","Gombe","1h","Study_Zone_Resident","Study_Zone_Worker","ZoneGlobale","All_modes","225"
"2020-05-20","Lemba","Gombe","1h","Study_Zone_Resident","Study_Zone_Worker","eglise protestante de lemba","All_modes","34"
"2020-05-20","Lemba","Gombe","1h","Origin_Zone_Resident","Outside_Worker","Arret hôtel du Gouvernement","All_modes","313"
"2020-05-20","Lemba","Gombe","1h","Origin_Zone_Resident","Outside_Worker","Croissement Kianza et Université","All_modes","25"
"2020-05-20","Lemba","Gombe","1h","Origin_Zone_Resident","Outside_Worker","Eglise Francophone Ecole de Tyrannus","All_modes","313"
"2020-05-20","Lemba","Gombe","1h","Origin_Zone_Resident","Outside_Worker","Eglise Mission Evangelique Réconciliation Spirituel International MERSI","All_modes","321"
"2020-05-20","Lemba","Gombe","1h","Origin_Zone_Resident","Outside_Worker","Eglise les Semeurs","All_modes","313"
"2020-05-20","Lemba","Gombe","1h","Origin_Zone_Resident","Outside_Worker","Hôtel du Gouvernement","All_modes","313"
"2020-05-20","Lemba","Gombe","1h","Origin_Zone_Resident","Outside_Worker","Lemba Terminus","All_modes","642"
"2020-05-20","Lemba","Gombe","1h","Origin_Zone_Resident","Outside_Worker","Marché de super lemba","All_modes","330"
"2020-05-20","Lemba","Gombe","1h","Origin_Zone_Resident","Outside_Worker","Ministère des affaires étrangères","All_modes","313"
"2020-05-20","Lemba","Gombe","1h","Origin_Zone_Resident","Outside_Worker","Palais de Justice","All_modes","313"
"2020-05-20","Lemba","Gombe","1h","Origin_Zone_Resident","Outside_Worker","Paroisse Saint Benoît","All_modes","313"
"2020-05-20","Lemba","Gombe","1h","Origin_Zone_Resident","Outside_Worker","Religieuses de l'Assomption","All_modes","321"
"2020-05-20","Lemba","Gombe","1h","Origin_Zone_Resident","Outside_Worker","Rond point super lemba","All_modes","321"
"2020-05-20","Lemba","Gombe","1h","Origin_Zone_Resident","Outside_Worker","Royal Shopping","All_modes","313"
"2020-05-20","Lemba","Gombe","1h","Origin_Zone_Resident","Outside_Worker","Saint Augustin de Lemba","All_modes","330"
"2020-05-20","Lemba","Gombe","1h","Origin_Zone_Resident","Outside_Worker","Setalus","All_modes","313"
"2020-05-20","Lemba","Gombe","1h","Origin_Zone_Resident","Outside_Worker","ZoneGlobale","All_modes","381"
"2020-05-20","Lemba","Gombe","1h","Origin_Zone_Resident","Outside_Worker","eglise protestante de lemba","All_modes","330"
"2020-05-20","Lemba","Gombe","1h","Origin_Zone_Resident","Destination_Zone_Worker","Ambassade Afrique du Sud","All_modes","60"
"2020-05-20","Lemba","Gombe","1h","Origin_Zone_Resident","Destination_Zone_Worker","Arret hôtel du Gouvernement","All_modes","25"
"2020-05-20","Lemba","Gombe","1h","Origin_Zone_Resident","Destination_Zone_Worker","Baruti Tabernacle","All_modes","60"
"2020-05-20","Lemba","Gombe","1h","Origin_Zone_Resident","Destination_Zone_Worker","CREFM Eglise La Compassion","All_modes","34"
"2020-05-20","Lemba","Gombe","1h","Origin_Zone_Resident","Destination_Zone_Worker","Centre Evangélique LA TRINITE","All_modes","33"
"2020-05-20","Lemba","Gombe","1h","Origin_Zone_Resident","Destination_Zone_Worker","Centre Evangélique la Résurrection","All_modes","43"
"2020-05-20","Lemba","Gombe","1h","Origin_Zone_Resident","Destination_Zone_Worker","Centre Missionnaire Evangélique au Congo","All_modes","42"
"2020-05-20","Lemba","Gombe","1h","Origin_Zone_Resident","Destination_Zone_Worker","Centre médical de la Mongala","All_modes","69"
"2020-05-20","Lemba","Gombe","1h","Origin_Zone_Resident","Destination_Zone_Worker","Cercle Elaeis","All_modes","60"
"2020-05-20","Lemba","Gombe","1h","Origin_Zone_Resident","Destination_Zone_Worker","Chez Flore","All_modes","51"
"2020-05-20","Lemba","Gombe","1h","Origin_Zone_Resident","Destination_Zone_Worker","City Group","All_modes","60"
"2020-05-20","Lemba","Gombe","1h","Origin_Zone_Resident","Destination_Zone_Worker","Croissement Kianza et Université","All_modes","52"
"2020-05-20","Lemba","Gombe","1h","Origin_Zone_Resident","Destination_Zone_Worker","DGI","All_modes","26"
"2020-05-20","Lemba","Gombe","1h","Origin_Zone_Resident","Destination_Zone_Worker","DGRK","All_modes","69"
"2020-05-20","Lemba","Gombe","1h","Origin_Zone_Resident","Destination_Zone_Worker","Diamant centre de Sante","All_modes","51"
"2020-05-20","Lemba","Gombe","1h","Origin_Zone_Resident","Destination_Zone_Worker","Diplomatic duty free","All_modes","26"
"2020-05-20","Lemba","Gombe","1h","Origin_Zone_Resident","Destination_Zone_Worker","Eglise Francophone Ecole de Tyrannus","All_modes","102"
"2020-05-20","Lemba","Gombe","1h","Origin_Zone_Resident","Destination_Zone_Worker","Eglise Kimbanguiste","All_modes","43"
"2020-05-20","Lemba","Gombe","1h","Origin_Zone_Resident","Destination_Zone_Worker","Eglise La Semence Seeds Church","All_modes","34"
"2020-05-20","Lemba","Gombe","1h","Origin_Zone_Resident","Destination_Zone_Worker","Eglise Mission Evangelique Réconciliation Spirituel International MERSI","All_modes","51"
"2020-05-20","Lemba","Gombe","1h","Origin_Zone_Resident","Destination_Zone_Worker","Eglise Notre Dame de Fatima","All_modes","43"
"2020-05-20","Lemba","Gombe","1h","Origin_Zone_Resident","Destination_Zone_Worker","Eglise les Semeurs","All_modes","137"
"2020-05-20","Lemba","Gombe","1h","Origin_Zone_Resident","Destination_Zone_Worker","Equity Bank Congo","All_modes","42"
"2020-05-20","Lemba","Gombe","1h","Origin_Zone_Resident","Destination_Zone_Worker","Ethiopian airlines","All_modes","60"
"2020-05-20","Lemba","Gombe","1h","Origin_Zone_Resident","Destination_Zone_Worker","GGmart Select","All_modes","35"
"2020-05-20","Lemba","Gombe","1h","Origin_Zone_Resident","Destination_Zone_Worker","Gare centrale","All_modes","43"
"2020-05-20","Lemba","Gombe","1h","Origin_Zone_Resident","Destination_Zone_Worker","Golf de Kinshasa","All_modes","25"
"2020-05-20","Lemba","Gombe","1h","Origin_Zone_Resident","Destination_Zone_Worker","Hall de la Gombe","All_modes","33"
"2020-05-20","Lemba","Gombe","1h","Origin_Zone_Resident","Destination_Zone_Worker","Hj Hospitals","All_modes","26"
"2020-05-20","Lemba","Gombe","1h","Origin_Zone_Resident","Destination_Zone_Worker","Hotel Memling","All_modes","34"
"2020-05-20","Lemba","Gombe","1h","Origin_Zone_Resident","Destination_Zone_Worker","Hotel Selton","All_modes","129"
"2020-05-20","Lemba","Gombe","1h","Origin_Zone_Resident","Destination_Zone_Worker","Hotel Sultani","All_modes","34"
"2020-05-20","Lemba","Gombe","1h","Origin_Zone_Resident","Destination_Zone_Worker","Huawei HQ","All_modes","25"
"2020-05-20","Lemba","Gombe","1h","Origin_Zone_Resident","Destination_Zone_Worker","Huaweui store","All_modes","34"
"2020-05-20","Lemba","Gombe","1h","Origin_Zone_Resident","Destination_Zone_Worker","Hôtel de ville de Kinshasa","All_modes","26"
"2020-05-20","Lemba","Gombe","1h","Origin_Zone_Resident","Destination_Zone_Worker","Hôtel du Gouvernement","All_modes","25"
"2020-05-20","Lemba","Gombe","1h","Origin_Zone_Resident","Destination_Zone_Worker","Immeuble BCDC","All_modes","34"
"2020-05-20","Lemba","Gombe","1h","Origin_Zone_Resident","Destination_Zone_Worker","Immeuble Congo Airways","All_modes","34"
"2020-05-20","Lemba","Gombe","1h","Origin_Zone_Resident","Destination_Zone_Worker","Immeuble Congo Futur","All_modes","60"
"2020-05-20","Lemba","Gombe","1h","Origin_Zone_Resident","Destination_Zone_Worker","Institut National des arts","All_modes","35"
"2020-05-20","Lemba","Gombe","1h","Origin_Zone_Resident","Destination_Zone_Worker","Jeffery Travel","All_modes","52"
"2020-05-20","Lemba","Gombe","1h","Origin_Zone_Resident","Destination_Zone_Worker","K towers","All_modes","34"
"2020-05-20","Lemba","Gombe","1h","Origin_Zone_Resident","Destination_Zone_Worker","Kinkole","All_modes","25"
"2020-05-20","Lemba","Gombe","1h","Origin_Zone_Resident","Destination_Zone_Worker","La Datcha","All_modes","86"
"2020-05-20","Lemba","Gombe","1h","Origin_Zone_Resident","Destination_Zone_Worker","La voix du fleuve","All_modes","25"
"2020-05-20","Lemba","Gombe","1h","Origin_Zone_Resident","Destination_Zone_Worker","Le cerlce gourmand","All_modes","26"
"2020-05-20","Lemba","Gombe","1h","Origin_Zone_Resident","Destination_Zone_Worker","Le grand Libulu","All_modes","68"
"2020-05-20","Lemba","Gombe","1h","Origin_Zone_Resident","Destination_Zone_Worker","Le premier Shopping Mall","All_modes","26"
"2020-05-20","Lemba","Gombe","1h","Origin_Zone_Resident","Destination_Zone_Worker","Lemba Terminus","All_modes","152"
"2020-05-20","Lemba","Gombe","1h","Origin_Zone_Resident","Destination_Zone_Worker","Marché central","All_modes","60"
"2020-05-20","Lemba","Gombe","1h","Origin_Zone_Resident","Destination_Zone_Worker","Marché de super lemba","All_modes","42"
"2020-05-20","Lemba","Gombe","1h","Origin_Zone_Resident","Destination_Zone_Worker","Marsavco","All_modes","34"
"2020-05-20","Lemba","Gombe","1h","Origin_Zone_Resident","Destination_Zone_Worker","Maïsha Park","All_modes","25"
"2020-05-20","Lemba","Gombe","1h","Origin_Zone_Resident","Destination_Zone_Worker","Ministère des affaires étrangères","All_modes","34"
"2020-05-20","Lemba","Gombe","1h","Origin_Zone_Resident","Destination_Zone_Worker","Mosque Bon Marche","All_modes","25"
"2020-05-20","Lemba","Gombe","1h","Origin_Zone_Resident","Destination_Zone_Worker","New Lys I","All_modes","43"
"2020-05-20","Lemba","Gombe","1h","Origin_Zone_Resident","Destination_Zone_Worker","New Lys II","All_modes","35"
"2020-05-20","Lemba","Gombe","1h","Origin_Zone_Resident","Destination_Zone_Worker","ORCA","All_modes","25"
"2020-05-20","Lemba","Gombe","1h","Origin_Zone_Resident","Destination_Zone_Worker","Olive verte","All_modes","69"
"2020-05-20","Lemba","Gombe","1h","Origin_Zone_Resident","Destination_Zone_Worker","Palais de Justice","All_modes","42"
"2020-05-20","Lemba","Gombe","1h","Origin_Zone_Resident","Destination_Zone_Worker","Paroisse Sacré Coeur","All_modes","51"
"2020-05-20","Lemba","Gombe","1h","Origin_Zone_Resident","Destination_Zone_Worker","Paroisse Saint - Anne","All_modes","43"
"2020-05-20","Lemba","Gombe","1h","Origin_Zone_Resident","Destination_Zone_Worker","Paroisse Saint Benoît","All_modes","128"
"2020-05-20","Lemba","Gombe","1h","Origin_Zone_Resident","Destination_Zone_Worker","Petite Epicerie","All_modes","60"
"2020-05-20","Lemba","Gombe","1h","Origin_Zone_Resident","Destination_Zone_Worker","Place Commercial de limete (7 rue)","All_modes","26"
"2020-05-20","Lemba","Gombe","1h","Origin_Zone_Resident","Destination_Zone_Worker","Place de la Gare Centrale","All_modes","43"
"2020-05-20","Lemba","Gombe","1h","Origin_Zone_Resident","Destination_Zone_Worker","Place du 30 juin","All_modes","43"
"2020-05-20","Lemba","Gombe","1h","Origin_Zone_Resident","Destination_Zone_Worker","Poste","All_modes","26"
"2020-05-20","Lemba","Gombe","1h","Origin_Zone_Resident","Destination_Zone_Worker","Regal Boulevard","All_modes","85"
"2020-05-20","Lemba","Gombe","1h","Origin_Zone_Resident","Destination_Zone_Worker","Religieuses de l'Assomption","All_modes","51"
"2020-05-20","Lemba","Gombe","1h","Origin_Zone_Resident","Destination_Zone_Worker","Rond Point Forescom","All_modes","77"
"2020-05-20","Lemba","Gombe","1h","Origin_Zone_Resident","Destination_Zone_Worker","Rond point super lemba","All_modes","42"
"2020-05-20","Lemba","Gombe","1h","Origin_Zone_Resident","Destination_Zone_Worker","Royal Shopping","All_modes","25"
"2020-05-20","Lemba","Gombe","1h","Origin_Zone_Resident","Destination_Zone_Worker","SONAS","All_modes","60"
"2020-05-20","Lemba","Gombe","1h","Origin_Zone_Resident","Destination_Zone_Worker","Saint Augustin de Lemba","All_modes","94"
"2020-05-20","Lemba","Gombe","1h","Origin_Zone_Resident","Destination_Zone_Worker","Setalus","All_modes","51"
"2020-05-20","Lemba","Gombe","1h","Origin_Zone_Resident","Destination_Zone_Worker","Spirit Club","All_modes","25"
"2020-05-20","Lemba","Gombe","1h","Origin_Zone_Resident","Destination_Zone_Worker","St Joseph de Kinshasa","All_modes","34"
"2020-05-20","Lemba","Gombe","1h","Origin_Zone_Resident","Destination_Zone_Worker","Turkish Airlines","All_modes","25"
"2020-05-20","Lemba","Gombe","1h","Origin_Zone_Resident","Destination_Zone_Worker","Vodacom Square","All_modes","77"
"2020-05-20","Lemba","Gombe","1h","Origin_Zone_Resident","Destination_Zone_Worker","ZoneGlobale","All_modes","438"
"2020-05-20","Lemba","Gombe","1h","Origin_Zone_Resident","Destination_Zone_Worker","eglise protestante de lemba","All_modes","34"
"2020-05-20","Lemba","Gombe","1h","Origin_Zone_Resident","Study_Zone_Worker","Croissement Kianza et Université","All_modes","34"
"2020-05-20","Lemba","Gombe","1h","Origin_Zone_Resident","Study_Zone_Worker","Immeuble Congo Futur","All_modes","25"
"2020-05-20","Lemba","Gombe","1h","Origin_Zone_Resident","Study_Zone_Worker","Rond Point Forescom","All_modes","25"
"2020-05-20","Lemba","Gombe","1h","Origin_Zone_Resident","Study_Zone_Worker","SONAS","All_modes","25"
"2020-05-20","Lemba","Gombe","1h","Origin_Zone_Resident","Study_Zone_Worker","Saint Augustin de Lemba","All_modes","33"
"2020-05-20","Lemba","Gombe","1h","Origin_Zone_Resident","Study_Zone_Worker","Vodacom Square","All_modes","25"
"2020-05-20","Lemba","Gombe","1h","Origin_Zone_Resident","Study_Zone_Worker","ZoneGlobale","All_modes","93"
"2020-05-20","Lemba","Gombe","1h","Origin_Zone_Resident","Origin_Zone_Worker","Al Dar","All_modes","101"
"2020-05-20","Lemba","Gombe","1h","Origin_Zone_Resident","Origin_Zone_Worker","Ambassade Afrique du Sud","All_modes","112"
"2020-05-20","Lemba","Gombe","1h","Origin_Zone_Resident","Origin_Zone_Worker","Arret Centre hospitalier de Kintambo","All_modes","24"
"2020-05-20","Lemba","Gombe","1h","Origin_Zone_Resident","Origin_Zone_Worker","Arret Socimat","All_modes","35"
"2020-05-20","Lemba","Gombe","1h","Origin_Zone_Resident","Origin_Zone_Worker","Arret hôtel du Gouvernement","All_modes","103"
"2020-05-20","Lemba","Gombe","1h","Origin_Zone_Resident","Origin_Zone_Worker","Avenue kalembelembe et Pierre Mulele (ASSANEF)","All_modes","69"
"2020-05-20","Lemba","Gombe","1h","Origin_Zone_Resident","Origin_Zone_Worker","Bar et Flat ABC","All_modes","24"
"2020-05-20","Lemba","Gombe","1h","Origin_Zone_Resident","Origin_Zone_Worker","Baruti Tabernacle","All_modes","215"
"2020-05-20","Lemba","Gombe","1h","Origin_Zone_Resident","Origin_Zone_Worker","Bienvenue","All_modes","34"
"2020-05-20","Lemba","Gombe","1h","Origin_Zone_Resident","Origin_Zone_Worker","Brussels airlines Check in","All_modes","111"
"2020-05-20","Lemba","Gombe","1h","Origin_Zone_Resident","Origin_Zone_Worker","CREFM Eglise La Compassion","All_modes","129"
"2020-05-20","Lemba","Gombe","1h","Origin_Zone_Resident","Origin_Zone_Worker","Café Muzik","All_modes","111"
"2020-05-20","Lemba","Gombe","1h","Origin_Zone_Resident","Origin_Zone_Worker","Centre Evangélique LA TRINITE","All_modes","86"
"2020-05-20","Lemba","Gombe","1h","Origin_Zone_Resident","Origin_Zone_Worker","Centre Evangélique la Résurrection","All_modes","207"
"2020-05-20","Lemba","Gombe","1h","Origin_Zone_Resident","Origin_Zone_Worker","Centre Missionnaire Evangélique au Congo","All_modes","102"
"2020-05-20","Lemba","Gombe","1h","Origin_Zone_Resident","Origin_Zone_Worker","Centre d'Evangelisation Peniel CEPE","All_modes","26"
"2020-05-20","Lemba","Gombe","1h","Origin_Zone_Resident","Origin_Zone_Worker","Centre médical de la Mongala","All_modes","94"
"2020-05-20","Lemba","Gombe","1h","Origin_Zone_Resident","Origin_Zone_Worker","Cercle Elaeis","All_modes","52"
"2020-05-20","Lemba","Gombe","1h","Origin_Zone_Resident","Origin_Zone_Worker","Chez Cactus","All_modes","42"
"2020-05-20","Lemba","Gombe","1h","Origin_Zone_Resident","Origin_Zone_Worker","Chez Flore","All_modes","94"
"2020-05-20","Lemba","Gombe","1h","Origin_Zone_Resident","Origin_Zone_Worker","Cinquantenaire","All_modes","34"
"2020-05-20","Lemba","Gombe","1h","Origin_Zone_Resident","Origin_Zone_Worker","City Group","All_modes","77"
"2020-05-20","Lemba","Gombe","1h","Origin_Zone_Resident","Origin_Zone_Worker","City Market","All_modes","92"
"2020-05-20","Lemba","Gombe","1h","Origin_Zone_Resident","Origin_Zone_Worker","Croissement Kianza et Université","All_modes","182"
"2020-05-20","Lemba","Gombe","1h","Origin_Zone_Resident","Origin_Zone_Worker","DGI","All_modes","93"
"2020-05-20","Lemba","Gombe","1h","Origin_Zone_Resident","Origin_Zone_Worker","DGRK","All_modes","145"
"2020-05-20","Lemba","Gombe","1h","Origin_Zone_Resident","Origin_Zone_Worker","Diamant centre de Sante","All_modes","42"
"2020-05-20","Lemba","Gombe","1h","Origin_Zone_Resident","Origin_Zone_Worker","Diplomatic duty free","All_modes","101"
"2020-05-20","Lemba","Gombe","1h","Origin_Zone_Resident","Origin_Zone_Worker","Eglise Francophone Ecole de Tyrannus","All_modes","233"
"2020-05-20","Lemba","Gombe","1h","Origin_Zone_Resident","Origin_Zone_Worker","Eglise Kimbanguiste","All_modes","94"
"2020-05-20","Lemba","Gombe","1h","Origin_Zone_Resident","Origin_Zone_Worker","Eglise La Semence Seeds Church","All_modes","102"
"2020-05-20","Lemba","Gombe","1h","Origin_Zone_Resident","Origin_Zone_Worker","Eglise Mission Evangelique Réconciliation Spirituel International MERSI","All_modes","228"
"2020-05-20","Lemba","Gombe","1h","Origin_Zone_Resident","Origin_Zone_Worker","Eglise Notre Dame de Fatima","All_modes","69"
"2020-05-20","Lemba","Gombe","1h","Origin_Zone_Resident","Origin_Zone_Worker","Eglise de Jesus-Christ des saints des derniers jours","All_modes","44"
"2020-05-20","Lemba","Gombe","1h","Origin_Zone_Resident","Origin_Zone_Worker","Eglise des assemblées de dieu","All_modes","42"
"2020-05-20","Lemba","Gombe","1h","Origin_Zone_Resident","Origin_Zone_Worker","Eglise les Semeurs","All_modes","298"
"2020-05-20","Lemba","Gombe","1h","Origin_Zone_Resident","Origin_Zone_Worker","Eglise locale Cbfc Itaga","All_modes","35"
"2020-05-20","Lemba","Gombe","1h","Origin_Zone_Resident","Origin_Zone_Worker","Equity Bank Congo","All_modes","134"
"2020-05-20","Lemba","Gombe","1h","Origin_Zone_Resident","Origin_Zone_Worker","Eric Kayser-Ville","All_modes","101"
"2020-05-20","Lemba","Gombe","1h","Origin_Zone_Resident","Origin_Zone_Worker","Ethiopian airlines","All_modes","112"
"2020-05-20","Lemba","Gombe","1h","Origin_Zone_Resident","Origin_Zone_Worker","Fiesta Club","All_modes","35"
"2020-05-20","Lemba","Gombe","1h","Origin_Zone_Resident","Origin_Zone_Worker","GGmart Select","All_modes","78"
"2020-05-20","Lemba","Gombe","1h","Origin_Zone_Resident","Origin_Zone_Worker","Galaxy Supermarket","All_modes","101"
"2020-05-20","Lemba","Gombe","1h","Origin_Zone_Resident","Origin_Zone_Worker","Gare centrale","All_modes","71"
"2020-05-20","Lemba","Gombe","1h","Origin_Zone_Resident","Origin_Zone_Worker","Glacier de Kin","All_modes","101"
"2020-05-20","Lemba","Gombe","1h","Origin_Zone_Resident","Origin_Zone_Worker","Golf de Kinshasa","All_modes","94"
"2020-05-20","Lemba","Gombe","1h","Origin_Zone_Resident","Origin_Zone_Worker","Gombe","All_modes","77"
"2020-05-20","Lemba","Gombe","1h","Origin_Zone_Resident","Origin_Zone_Worker","Grand Hotel","All_modes","34"
"2020-05-20","Lemba","Gombe","1h","Origin_Zone_Resident","Origin_Zone_Worker","Hall de la Gombe","All_modes","34"
"2020-05-20","Lemba","Gombe","1h","Origin_Zone_Resident","Origin_Zone_Worker","Haute Cour Militaire","All_modes","24"
"2020-05-20","Lemba","Gombe","1h","Origin_Zone_Resident","Origin_Zone_Worker","Hj Hospitals","All_modes","51"
"2020-05-20","Lemba","Gombe","1h","Origin_Zone_Resident","Origin_Zone_Worker","Hopital Général de Kinshasa","All_modes","51"
"2020-05-20","Lemba","Gombe","1h","Origin_Zone_Resident","Origin_Zone_Worker","Hotel Béatrice","All_modes","26"
"2020-05-20","Lemba","Gombe","1h","Origin_Zone_Resident","Origin_Zone_Worker","Hotel Memling","All_modes","153"
"2020-05-20","Lemba","Gombe","1h","Origin_Zone_Resident","Origin_Zone_Worker","Hotel Rotana","All_modes","35"
"2020-05-20","Lemba","Gombe","1h","Origin_Zone_Resident","Origin_Zone_Worker","Hotel Selton","All_modes","273"
"2020-05-20","Lemba","Gombe","1h","Origin_Zone_Resident","Origin_Zone_Worker","Hotel Sultani","All_modes","137"
"2020-05-20","Lemba","Gombe","1h","Origin_Zone_Resident","Origin_Zone_Worker","Hotel du Fleuve","All_modes","25"
"2020-05-20","Lemba","Gombe","1h","Origin_Zone_Resident","Origin_Zone_Worker","Huawei HQ","All_modes","35"
"2020-05-20","Lemba","Gombe","1h","Origin_Zone_Resident","Origin_Zone_Worker","Huaweui store","All_modes","85"
"2020-05-20","Lemba","Gombe","1h","Origin_Zone_Resident","Origin_Zone_Worker","Huillerie","All_modes","34"
"2020-05-20","Lemba","Gombe","1h","Origin_Zone_Resident","Origin_Zone_Worker","Hyper Psaro","All_modes","51"
"2020-05-20","Lemba","Gombe","1h","Origin_Zone_Resident","Origin_Zone_Worker","Hôtel de ville de Kinshasa","All_modes","137"
"2020-05-20","Lemba","Gombe","1h","Origin_Zone_Resident","Origin_Zone_Worker","Hôtel du Gouvernement","All_modes","86"
"2020-05-20","Lemba","Gombe","1h","Origin_Zone_Resident","Origin_Zone_Worker","Immeuble BCDC","All_modes","160"
"2020-05-20","Lemba","Gombe","1h","Origin_Zone_Resident","Origin_Zone_Worker","Immeuble CNSS","All_modes","111"
"2020-05-20","Lemba","Gombe","1h","Origin_Zone_Resident","Origin_Zone_Worker","Immeuble Congo Airways","All_modes","77"
"2020-05-20","Lemba","Gombe","1h","Origin_Zone_Resident","Origin_Zone_Worker","Immeuble Congo Futur","All_modes","78"
"2020-05-20","Lemba","Gombe","1h","Origin_Zone_Resident","Origin_Zone_Worker","Institut National des arts","All_modes","51"
"2020-05-20","Lemba","Gombe","1h","Origin_Zone_Resident","Origin_Zone_Worker","Jeffery Travel","All_modes","112"
"2020-05-20","Lemba","Gombe","1h","Origin_Zone_Resident","Origin_Zone_Worker","K towers","All_modes","85"
"2020-05-20","Lemba","Gombe","1h","Origin_Zone_Resident","Origin_Zone_Worker","Kinkole","All_modes","34"
"2020-05-20","Lemba","Gombe","1h","Origin_Zone_Resident","Origin_Zone_Worker","La Datcha","All_modes","163"
"2020-05-20","Lemba","Gombe","1h","Origin_Zone_Resident","Origin_Zone_Worker","La voix du fleuve","All_modes","34"
"2020-05-20","Lemba","Gombe","1h","Origin_Zone_Resident","Origin_Zone_Worker","Le Caf Conc","All_modes","101"
"2020-05-20","Lemba","Gombe","1h","Origin_Zone_Resident","Origin_Zone_Worker","Le cerlce gourmand","All_modes","137"
"2020-05-20","Lemba","Gombe","1h","Origin_Zone_Resident","Origin_Zone_Worker","Le grand Libulu","All_modes","95"
"2020-05-20","Lemba","Gombe","1h","Origin_Zone_Resident","Origin_Zone_Worker","Le premier Shopping Mall","All_modes","52"
"2020-05-20","Lemba","Gombe","1h","Origin_Zone_Resident","Origin_Zone_Worker","Le roi du Cossa","All_modes","25"
"2020-05-20","Lemba","Gombe","1h","Origin_Zone_Resident","Origin_Zone_Worker","Lemba Terminus","All_modes","398"
"2020-05-20","Lemba","Gombe","1h","Origin_Zone_Resident","Origin_Zone_Worker","Leon Hotel","All_modes","26"
"2020-05-20","Lemba","Gombe","1h","Origin_Zone_Resident","Origin_Zone_Worker","MED CITE DES PRIERES","All_modes","61"
"2020-05-20","Lemba","Gombe","1h","Origin_Zone_Resident","Origin_Zone_Worker","Marché central","All_modes","95"
"2020-05-20","Lemba","Gombe","1h","Origin_Zone_Resident","Origin_Zone_Worker","Marché de super lemba","All_modes","168"
"2020-05-20","Lemba","Gombe","1h","Origin_Zone_Resident","Origin_Zone_Worker","Marsavco","All_modes","60"
"2020-05-20","Lemba","Gombe","1h","Origin_Zone_Resident","Origin_Zone_Worker","Maïsha Park","All_modes","110"
"2020-05-20","Lemba","Gombe","1h","Origin_Zone_Resident","Origin_Zone_Worker","Ministere combat spirituel","All_modes","53"
"2020-05-20","Lemba","Gombe","1h","Origin_Zone_Resident","Origin_Zone_Worker","Ministère de la santé","All_modes","52"
"2020-05-20","Lemba","Gombe","1h","Origin_Zone_Resident","Origin_Zone_Worker","Ministère des affaires étrangères","All_modes","139"
"2020-05-20","Lemba","Gombe","1h","Origin_Zone_Resident","Origin_Zone_Worker","Ministère du Budget","All_modes","43"
"2020-05-20","Lemba","Gombe","1h","Origin_Zone_Resident","Origin_Zone_Worker","Mosque Bon Marche","All_modes","94"
"2020-05-20","Lemba","Gombe","1h","Origin_Zone_Resident","Origin_Zone_Worker","New Lys I","All_modes","53"
"2020-05-20","Lemba","Gombe","1h","Origin_Zone_Resident","Origin_Zone_Worker","New Lys II","All_modes","93"
"2020-05-20","Lemba","Gombe","1h","Origin_Zone_Resident","Origin_Zone_Worker","Nice cream","All_modes","101"
"2020-05-20","Lemba","Gombe","1h","Origin_Zone_Resident","Origin_Zone_Worker","OMS bureau de représenation","All_modes","26"
"2020-05-20","Lemba","Gombe","1h","Origin_Zone_Resident","Origin_Zone_Worker","ONATRA","All_modes","35"
"2020-05-20","Lemba","Gombe","1h","Origin_Zone_Resident","Origin_Zone_Worker","ORCA","All_modes","33"
"2020-05-20","Lemba","Gombe","1h","Origin_Zone_Resident","Origin_Zone_Worker","Olive verte","All_modes","104"
"2020-05-20","Lemba","Gombe","1h","Origin_Zone_Resident","Origin_Zone_Worker","Palais de Justice","All_modes","164"
"2020-05-20","Lemba","Gombe","1h","Origin_Zone_Resident","Origin_Zone_Worker","Paroisse Notre-Dame d'Afrique","All_modes","86"
"2020-05-20","Lemba","Gombe","1h","Origin_Zone_Resident","Origin_Zone_Worker","Paroisse Sacré Coeur","All_modes","69"
"2020-05-20","Lemba","Gombe","1h","Origin_Zone_Resident","Origin_Zone_Worker","Paroisse Saint - Anne","All_modes","71"
"2020-05-20","Lemba","Gombe","1h","Origin_Zone_Resident","Origin_Zone_Worker","Paroisse Saint Benoît","All_modes","232"
"2020-05-20","Lemba","Gombe","1h","Origin_Zone_Resident","Origin_Zone_Worker","Petite Epicerie","All_modes","128"
"2020-05-20","Lemba","Gombe","1h","Origin_Zone_Resident","Origin_Zone_Worker","Place Commercial de limete (7 rue)","All_modes","86"
"2020-05-20","Lemba","Gombe","1h","Origin_Zone_Resident","Origin_Zone_Worker","Place de la Gare Centrale","All_modes","71"
"2020-05-20","Lemba","Gombe","1h","Origin_Zone_Resident","Origin_Zone_Worker","Place du 30 juin","All_modes","53"
"2020-05-20","Lemba","Gombe","1h","Origin_Zone_Resident","Origin_Zone_Worker","Pont Matete","All_modes","87"
"2020-05-20","Lemba","Gombe","1h","Origin_Zone_Resident","Origin_Zone_Worker","Poste","All_modes","111"
"2020-05-20","Lemba","Gombe","1h","Origin_Zone_Resident","Origin_Zone_Worker","Regal Boulevard","All_modes","94"
"2020-05-20","Lemba","Gombe","1h","Origin_Zone_Resident","Origin_Zone_Worker","Reine des Apôtres","All_modes","25"
"2020-05-20","Lemba","Gombe","1h","Origin_Zone_Resident","Origin_Zone_Worker","Religieuses de l'Assomption","All_modes","246"
"2020-05-20","Lemba","Gombe","1h","Origin_Zone_Resident","Origin_Zone_Worker","Rond Point Forescom","All_modes","169"
"2020-05-20","Lemba","Gombe","1h","Origin_Zone_Resident","Origin_Zone_Worker","Rond Point Ngaba","All_modes","53"
"2020-05-20","Lemba","Gombe","1h","Origin_Zone_Resident","Origin_Zone_Worker","Rond Point Sfricas","All_modes","25"
"2020-05-20","Lemba","Gombe","1h","Origin_Zone_Resident","Origin_Zone_Worker","Rond point Batetela","All_modes","60"
"2020-05-20","Lemba","Gombe","1h","Origin_Zone_Resident","Origin_Zone_Worker","Rond point super lemba","All_modes","194"
"2020-05-20","Lemba","Gombe","1h","Origin_Zone_Resident","Origin_Zone_Worker","Royal Shopping","All_modes","59"
"2020-05-20","Lemba","Gombe","1h","Origin_Zone_Resident","Origin_Zone_Worker","S&k av/ Mbuji Mayi c/ Gombe","All_modes","86"
"2020-05-20","Lemba","Gombe","1h","Origin_Zone_Resident","Origin_Zone_Worker","SONAS","All_modes","78"
"2020-05-20","Lemba","Gombe","1h","Origin_Zone_Resident","Origin_Zone_Worker","Saint Augustin de Lemba","All_modes","315"
"2020-05-20","Lemba","Gombe","1h","Origin_Zone_Resident","Origin_Zone_Worker","Setalus","All_modes","103"
"2020-05-20","Lemba","Gombe","1h","Origin_Zone_Resident","Origin_Zone_Worker","Shark Club","All_modes","60"
"2020-05-20","Lemba","Gombe","1h","Origin_Zone_Resident","Origin_Zone_Worker","South African Airways","All_modes","43"
"2020-05-20","Lemba","Gombe","1h","Origin_Zone_Resident","Origin_Zone_Worker","Spirit Club","All_modes","51"
"2020-05-20","Lemba","Gombe","1h","Origin_Zone_Resident","Origin_Zone_Worker","St Joseph de Kinshasa","All_modes","78"
"2020-05-20","Lemba","Gombe","1h","Origin_Zone_Resident","Origin_Zone_Worker","St.Christine","All_modes","61"
"2020-05-20","Lemba","Gombe","1h","Origin_Zone_Resident","Origin_Zone_Worker","Stade Vélodrome","All_modes","24"
"2020-05-20","Lemba","Gombe","1h","Origin_Zone_Resident","Origin_Zone_Worker","Stade des Martyrs","All_modes","34"
"2020-05-20","Lemba","Gombe","1h","Origin_Zone_Resident","Origin_Zone_Worker","Turkish Airlines","All_modes","35"
"2020-05-20","Lemba","Gombe","1h","Origin_Zone_Resident","Origin_Zone_Worker","Vodacom Square","All_modes","169"
"2020-05-20","Lemba","Gombe","1h","Origin_Zone_Resident","Origin_Zone_Worker","Waz Chicken","All_modes","25"
"2020-05-20","Lemba","Gombe","1h","Origin_Zone_Resident","Origin_Zone_Worker","ZoneGlobale","All_modes","1172"
"2020-05-20","Lemba","Gombe","1h","Origin_Zone_Resident","Origin_Zone_Worker","eglise protestante de lemba","All_modes","229"
"2020-05-20","Lemba","Gombe","3h","Outside_Resident","Outside_Worker","Baruti Tabernacle","All_modes","25"
"2020-05-20","Lemba","Gombe","3h","Outside_Resident","Outside_Worker","CREFM Eglise La Compassion","All_modes","55"
"2020-05-20","Lemba","Gombe","3h","Outside_Resident","Outside_Worker","Centre Evangélique la Résurrection","All_modes","72"
"2020-05-20","Lemba","Gombe","3h","Outside_Resident","Outside_Worker","Clinique Universitaire Kinshasa","All_modes","38"
"2020-05-20","Lemba","Gombe","3h","Outside_Resident","Outside_Worker","Croissement Kianza et Université","All_modes","60"
"2020-05-20","Lemba","Gombe","3h","Outside_Resident","Outside_Worker","Eglise Francophone Ecole de Tyrannus","All_modes","50"
"2020-05-20","Lemba","Gombe","3h","Outside_Resident","Outside_Worker","Eglise Kimbanguiste","All_modes","38"
"2020-05-20","Lemba","Gombe","3h","Outside_Resident","Outside_Worker","Eglise La Semence Seeds Church","All_modes","25"
"2020-05-20","Lemba","Gombe","3h","Outside_Resident","Outside_Worker","Eglise Mission Evangelique Réconciliation Spirituel International MERSI","All_modes","64"
"2020-05-20","Lemba","Gombe","3h","Outside_Resident","Outside_Worker","Eglise les Semeurs","All_modes","68"
"2020-05-20","Lemba","Gombe","3h","Outside_Resident","Outside_Worker","Hotel Sultani","All_modes","38"
"2020-05-20","Lemba","Gombe","3h","Outside_Resident","Outside_Worker","Marché de super lemba","All_modes","131"
"2020-05-20","Lemba","Gombe","3h","Outside_Resident","Outside_Worker","Paroisse Saint Benoît","All_modes","59"
"2020-05-20","Lemba","Gombe","3h","Outside_Resident","Outside_Worker","Pont Matete","All_modes","38"
"2020-05-20","Lemba","Gombe","3h","Outside_Resident","Outside_Worker","Reine des Apôtres","All_modes","47"
"2020-05-20","Lemba","Gombe","3h","Outside_Resident","Outside_Worker","Religieuses de l'Assomption","All_modes","81"
"2020-05-20","Lemba","Gombe","3h","Outside_Resident","Outside_Worker","Rond point super lemba","All_modes","80"
"2020-05-20","Lemba","Gombe","3h","Outside_Resident","Outside_Worker","Saint Augustin de Lemba","All_modes","98"
"2020-05-20","Lemba","Gombe","3h","Outside_Resident","Outside_Worker","ZoneGlobale","All_modes","461"
"2020-05-20","Lemba","Gombe","3h","Outside_Resident","Outside_Worker","eglise protestante de lemba","All_modes","98"
"2020-05-20","Lemba","Gombe","3h","Outside_Resident","Destination_Zone_Worker","Croissement Kianza et Université","All_modes","268"
"2020-05-20","Lemba","Gombe","3h","Outside_Resident","Destination_Zone_Worker","ZoneGlobale","All_modes","328"
"2020-05-20","Lemba","Gombe","3h","Outside_Resident","Study_Zone_Worker","Croissement Kianza et Université","All_modes","25"
"2020-05-20","Lemba","Gombe","3h","Outside_Resident","Study_Zone_Worker","ZoneGlobale","All_modes","86"
"2020-05-20","Lemba","Gombe","3h","Outside_Resident","Origin_Zone_Worker","ZoneGlobale","All_modes","77"
"2020-05-20","Lemba","Gombe","3h","Destination_Zone_Resident","Destination_Zone_Worker","Croissement Kianza et Université","All_modes","34"
"2020-05-20","Lemba","Gombe","3h","Destination_Zone_Resident","Destination_Zone_Worker","ZoneGlobale","All_modes","77"
"2020-05-20","Lemba","Gombe","3h","Study_Zone_Resident","Destination_Zone_Worker","Centre Evangélique la Résurrection","All_modes","25"
"2020-05-20","Lemba","Gombe","3h","Study_Zone_Resident","Destination_Zone_Worker","ZoneGlobale","All_modes","68"
"2020-05-20","Lemba","Gombe","3h","Study_Zone_Resident","Study_Zone_Worker","Centre Evangélique la Résurrection","All_modes","42"
"2020-05-20","Lemba","Gombe","3h","Study_Zone_Resident","Study_Zone_Worker","Clinique Universitaire Kinshasa","All_modes","25"
"2020-05-20","Lemba","Gombe","3h","Study_Zone_Resident","Study_Zone_Worker","Croissement Kianza et Université","All_modes","25"
"2020-05-20","Lemba","Gombe","3h","Study_Zone_Resident","Study_Zone_Worker","Eglise Francophone Ecole de Tyrannus","All_modes","33"
"2020-05-20","Lemba","Gombe","3h","Study_Zone_Resident","Study_Zone_Worker","Eglise La Semence Seeds Church","All_modes","25"
"2020-05-20","Lemba","Gombe","3h","Study_Zone_Resident","Study_Zone_Worker","Eglise Mission Evangelique Réconciliation Spirituel International MERSI","All_modes","25"
"2020-05-20","Lemba","Gombe","3h","Study_Zone_Resident","Study_Zone_Worker","Hj Hospitals","All_modes","33"
"2020-05-20","Lemba","Gombe","3h","Study_Zone_Resident","Study_Zone_Worker","Lemba Terminus","All_modes","66"
"2020-05-20","Lemba","Gombe","3h","Study_Zone_Resident","Study_Zone_Worker","Paroisse Notre-Dame d'Afrique","All_modes","25"
"2020-05-20","Lemba","Gombe","3h","Study_Zone_Resident","Study_Zone_Worker","Paroisse Saint Benoît","All_modes","33"
"2020-05-20","Lemba","Gombe","3h","Study_Zone_Resident","Study_Zone_Worker","Rond point super lemba","All_modes","25"
"2020-05-20","Lemba","Gombe","3h","Study_Zone_Resident","Study_Zone_Worker","Saint Augustin de Lemba","All_modes","25"
"2020-05-20","Lemba","Gombe","3h","Study_Zone_Resident","Study_Zone_Worker","ZoneGlobale","All_modes","170"
"2020-05-20","Lemba","Gombe","3h","Origin_Zone_Resident","Outside_Worker","Croissement Kianza et Université","All_modes","42"
"2020-05-20","Lemba","Gombe","3h","Origin_Zone_Resident","Outside_Worker","Eglise Francophone Ecole de Tyrannus","All_modes","321"
"2020-05-20","Lemba","Gombe","3h","Origin_Zone_Resident","Outside_Worker","Eglise Mission Evangelique Réconciliation Spirituel International MERSI","All_modes","321"
"2020-05-20","Lemba","Gombe","3h","Origin_Zone_Resident","Outside_Worker","Eglise les Semeurs","All_modes","321"
"2020-05-20","Lemba","Gombe","3h","Origin_Zone_Resident","Outside_Worker","Lemba Terminus","All_modes","676"
"2020-05-20","Lemba","Gombe","3h","Origin_Zone_Resident","Outside_Worker","Marché de super lemba","All_modes","321"
"2020-05-20","Lemba","Gombe","3h","Origin_Zone_Resident","Outside_Worker","Paroisse Saint Benoît","All_modes","321"
"2020-05-20","Lemba","Gombe","3h","Origin_Zone_Resident","Outside_Worker","Religieuses de l'Assomption","All_modes","321"
"2020-05-20","Lemba","Gombe","3h","Origin_Zone_Resident","Outside_Worker","Rond point super lemba","All_modes","329"
"2020-05-20","Lemba","Gombe","3h","Origin_Zone_Resident","Outside_Worker","Saint Augustin de Lemba","All_modes","329"
"2020-05-20","Lemba","Gombe","3h","Origin_Zone_Resident","Outside_Worker","ZoneGlobale","All_modes","467"
"2020-05-20","Lemba","Gombe","3h","Origin_Zone_Resident","Outside_Worker","eglise protestante de lemba","All_modes","321"
"2020-05-20","Lemba","Gombe","3h","Origin_Zone_Resident","Destination_Zone_Worker","Arret hôtel du Gouvernement","All_modes","228"
"2020-05-20","Lemba","Gombe","3h","Origin_Zone_Resident","Destination_Zone_Worker","Baruti Tabernacle","All_modes","77"
"2020-05-20","Lemba","Gombe","3h","Origin_Zone_Resident","Destination_Zone_Worker","CREFM Eglise La Compassion","All_modes","42"
"2020-05-20","Lemba","Gombe","3h","Origin_Zone_Resident","Destination_Zone_Worker","Centre Evangélique LA TRINITE","All_modes","34"
"2020-05-20","Lemba","Gombe","3h","Origin_Zone_Resident","Destination_Zone_Worker","Centre Evangélique la Résurrection","All_modes","77"
"2020-05-20","Lemba","Gombe","3h","Origin_Zone_Resident","Destination_Zone_Worker","Centre Missionnaire Evangélique au Congo","All_modes","59"
"2020-05-20","Lemba","Gombe","3h","Origin_Zone_Resident","Destination_Zone_Worker","Croissement Kianza et Université","All_modes","112"
"2020-05-20","Lemba","Gombe","3h","Origin_Zone_Resident","Destination_Zone_Worker","Eglise Francophone Ecole de Tyrannus","All_modes","408"
"2020-05-20","Lemba","Gombe","3h","Origin_Zone_Resident","Destination_Zone_Worker","Eglise Kimbanguiste","All_modes","61"
"2020-05-20","Lemba","Gombe","3h","Origin_Zone_Resident","Destination_Zone_Worker","Eglise La Semence Seeds Church","All_modes","52"
"2020-05-20","Lemba","Gombe","3h","Origin_Zone_Resident","Destination_Zone_Worker","Eglise Mission Evangelique Réconciliation Spirituel International MERSI","All_modes","87"
"2020-05-20","Lemba","Gombe","3h","Origin_Zone_Resident","Destination_Zone_Worker","Eglise les Semeurs","All_modes","383"
"2020-05-20","Lemba","Gombe","3h","Origin_Zone_Resident","Destination_Zone_Worker","Hôtel du Gouvernement","All_modes","246"
"2020-05-20","Lemba","Gombe","3h","Origin_Zone_Resident","Destination_Zone_Worker","Lemba Terminus","All_modes","696"
"2020-05-20","Lemba","Gombe","3h","Origin_Zone_Resident","Destination_Zone_Worker","MED CITE DES PRIERES","All_modes","34"
"2020-05-20","Lemba","Gombe","3h","Origin_Zone_Resident","Destination_Zone_Worker","Marché de super lemba","All_modes","86"
"2020-05-20","Lemba","Gombe","3h","Origin_Zone_Resident","Destination_Zone_Worker","Ministere combat spirituel","All_modes","25"
"2020-05-20","Lemba","Gombe","3h","Origin_Zone_Resident","Destination_Zone_Worker","Palais de Justice","All_modes","228"
"2020-05-20","Lemba","Gombe","3h","Origin_Zone_Resident","Destination_Zone_Worker","Paroisse Notre-Dame d'Afrique","All_modes","34"
"2020-05-20","Lemba","Gombe","3h","Origin_Zone_Resident","Destination_Zone_Worker","Paroisse Saint Benoît","All_modes","408"
"2020-05-20","Lemba","Gombe","3h","Origin_Zone_Resident","Destination_Zone_Worker","Place Commercial de limete (7 rue)","All_modes","25"
"2020-05-20","Lemba","Gombe","3h","Origin_Zone_Resident","Destination_Zone_Worker","Pont Matete","All_modes","43"
"2020-05-20","Lemba","Gombe","3h","Origin_Zone_Resident","Destination_Zone_Worker","Reine des Apôtres","All_modes","34"
"2020-05-20","Lemba","Gombe","3h","Origin_Zone_Resident","Destination_Zone_Worker","Religieuses de l'Assomption","All_modes","111"
"2020-05-20","Lemba","Gombe","3h","Origin_Zone_Resident","Destination_Zone_Worker","Rond Point Ngaba","All_modes","25"
"2020-05-20","Lemba","Gombe","3h","Origin_Zone_Resident","Destination_Zone_Worker","Rond point super lemba","All_modes","69"
"2020-05-20","Lemba","Gombe","3h","Origin_Zone_Resident","Destination_Zone_Worker","Royal Shopping","All_modes","237"
"2020-05-20","Lemba","Gombe","3h","Origin_Zone_Resident","Destination_Zone_Worker","Saint Augustin de Lemba","All_modes","188"
"2020-05-20","Lemba","Gombe","3h","Origin_Zone_Resident","Destination_Zone_Worker","Setalus","All_modes","237"
"2020-05-20","Lemba","Gombe","3h","Origin_Zone_Resident","Destination_Zone_Worker","St.Christine","All_modes","25"
"2020-05-20","Lemba","Gombe","3h","Origin_Zone_Resident","Destination_Zone_Worker","ZoneGlobale","All_modes","935"
"2020-05-20","Lemba","Gombe","3h","Origin_Zone_Resident","Destination_Zone_Worker","eglise protestante de lemba","All_modes","103"
"2020-05-20","Lemba","Gombe","3h","Origin_Zone_Resident","Study_Zone_Worker","Croissement Kianza et Université","All_modes","34"
"2020-05-20","Lemba","Gombe","3h","Origin_Zone_Resident","Study_Zone_Worker","Eglise les Semeurs","All_modes","25"
"2020-05-20","Lemba","Gombe","3h","Origin_Zone_Resident","Study_Zone_Worker","Paroisse Saint Benoît","All_modes","25"
"2020-05-20","Lemba","Gombe","3h","Origin_Zone_Resident","Study_Zone_Worker","ZoneGlobale","All_modes","110"
"2020-05-20","Lemba","Gombe","3h","Origin_Zone_Resident","Origin_Zone_Worker","Al Dar","All_modes","52"
"2020-05-20","Lemba","Gombe","3h","Origin_Zone_Resident","Origin_Zone_Worker","Baruti Tabernacle","All_modes","256"
"2020-05-20","Lemba","Gombe","3h","Origin_Zone_Resident","Origin_Zone_Worker","CREFM Eglise La Compassion","All_modes","60"
"2020-05-20","Lemba","Gombe","3h","Origin_Zone_Resident","Origin_Zone_Worker","Centre Evangélique LA TRINITE","All_modes","69"
"2020-05-20","Lemba","Gombe","3h","Origin_Zone_Resident","Origin_Zone_Worker","Centre Evangélique la Résurrection","All_modes","120"
"2020-05-20","Lemba","Gombe","3h","Origin_Zone_Resident","Origin_Zone_Worker","Centre Missionnaire Evangélique au Congo","All_modes","85"
"2020-05-20","Lemba","Gombe","3h","Origin_Zone_Resident","Origin_Zone_Worker","City Market","All_modes","52"
"2020-05-20","Lemba","Gombe","3h","Origin_Zone_Resident","Origin_Zone_Worker","Clinique Universitaire Kinshasa","All_modes","33"
"2020-05-20","Lemba","Gombe","3h","Origin_Zone_Resident","Origin_Zone_Worker","Croissement Kianza et Université","All_modes","181"
"2020-05-20","Lemba","Gombe","3h","Origin_Zone_Resident","Origin_Zone_Worker","Diplomatic duty free","All_modes","52"
"2020-05-20","Lemba","Gombe","3h","Origin_Zone_Resident","Origin_Zone_Worker","Eglise Francophone Ecole de Tyrannus","All_modes","214"
"2020-05-20","Lemba","Gombe","3h","Origin_Zone_Resident","Origin_Zone_Worker","Eglise Kimbanguiste","All_modes","42"
"2020-05-20","Lemba","Gombe","3h","Origin_Zone_Resident","Origin_Zone_Worker","Eglise La Semence Seeds Church","All_modes","77"
"2020-05-20","Lemba","Gombe","3h","Origin_Zone_Resident","Origin_Zone_Worker","Eglise Mission Evangelique Réconciliation Spirituel International MERSI","All_modes","111"
"2020-05-20","Lemba","Gombe","3h","Origin_Zone_Resident","Origin_Zone_Worker","Eglise de Jesus-Christ des saints des derniers jours","All_modes","35"
"2020-05-20","Lemba","Gombe","3h","Origin_Zone_Resident","Origin_Zone_Worker","Eglise les Semeurs","All_modes","280"
"2020-05-20","Lemba","Gombe","3h","Origin_Zone_Resident","Origin_Zone_Worker","Equity Bank Congo","All_modes","52"
"2020-05-20","Lemba","Gombe","3h","Origin_Zone_Resident","Origin_Zone_Worker","Eric Kayser-Ville","All_modes","52"
"2020-05-20","Lemba","Gombe","3h","Origin_Zone_Resident","Origin_Zone_Worker","Galaxy Supermarket","All_modes","52"
"2020-05-20","Lemba","Gombe","3h","Origin_Zone_Resident","Origin_Zone_Worker","Glacier de Kin","All_modes","52"
"2020-05-20","Lemba","Gombe","3h","Origin_Zone_Resident","Origin_Zone_Worker","Golf de Kinshasa","All_modes","25"
"2020-05-20","Lemba","Gombe","3h","Origin_Zone_Resident","Origin_Zone_Worker","Hj Hospitals","All_modes","35"
"2020-05-20","Lemba","Gombe","3h","Origin_Zone_Resident","Origin_Zone_Worker","Hotel Memling","All_modes","43"
"2020-05-20","Lemba","Gombe","3h","Origin_Zone_Resident","Origin_Zone_Worker","Hôtel de ville de Kinshasa","All_modes","26"
"2020-05-20","Lemba","Gombe","3h","Origin_Zone_Resident","Origin_Zone_Worker","Immeuble BCDC","All_modes","43"
"2020-05-20","Lemba","Gombe","3h","Origin_Zone_Resident","Origin_Zone_Worker","Le Caf Conc","All_modes","52"
"2020-05-20","Lemba","Gombe","3h","Origin_Zone_Resident","Origin_Zone_Worker","Le grand Libulu","All_modes","43"
"2020-05-20","Lemba","Gombe","3h","Origin_Zone_Resident","Origin_Zone_Worker","Lemba Terminus","All_modes","446"
"2020-05-20","Lemba","Gombe","3h","Origin_Zone_Resident","Origin_Zone_Worker","MED CITE DES PRIERES","All_modes","60"
"2020-05-20","Lemba","Gombe","3h","Origin_Zone_Resident","Origin_Zone_Worker","Marché de Mbanza Lemba","All_modes","34"
"2020-05-20","Lemba","Gombe","3h","Origin_Zone_Resident","Origin_Zone_Worker","Marché de super lemba","All_modes","111"
"2020-05-20","Lemba","Gombe","3h","Origin_Zone_Resident","Origin_Zone_Worker","Ministere combat spirituel","All_modes","43"
"2020-05-20","Lemba","Gombe","3h","Origin_Zone_Resident","Origin_Zone_Worker","Nice cream","All_modes","52"
"2020-05-20","Lemba","Gombe","3h","Origin_Zone_Resident","Origin_Zone_Worker","Paroisse Notre-Dame d'Afrique","All_modes","69"
"2020-05-20","Lemba","Gombe","3h","Origin_Zone_Resident","Origin_Zone_Worker","Paroisse Saint Benoît","All_modes","249"
"2020-05-20","Lemba","Gombe","3h","Origin_Zone_Resident","Origin_Zone_Worker","Place Commercial de limete (7 rue)","All_modes","26"
"2020-05-20","Lemba","Gombe","3h","Origin_Zone_Resident","Origin_Zone_Worker","Pont Matete","All_modes","44"
"2020-05-20","Lemba","Gombe","3h","Origin_Zone_Resident","Origin_Zone_Worker","Reine des Apôtres","All_modes","33"
"2020-05-20","Lemba","Gombe","3h","Origin_Zone_Resident","Origin_Zone_Worker","Religieuses de l'Assomption","All_modes","206"
"2020-05-20","Lemba","Gombe","3h","Origin_Zone_Resident","Origin_Zone_Worker","Rond Point Forescom","All_modes","52"
"2020-05-20","Lemba","Gombe","3h","Origin_Zone_Resident","Origin_Zone_Worker","Rond Point Ngaba","All_modes","52"
"2020-05-20","Lemba","Gombe","3h","Origin_Zone_Resident","Origin_Zone_Worker","Rond point super lemba","All_modes","111"
"2020-05-20","Lemba","Gombe","3h","Origin_Zone_Resident","Origin_Zone_Worker","Saint Augustin de Lemba","All_modes","284"
"2020-05-20","Lemba","Gombe","3h","Origin_Zone_Resident","Origin_Zone_Worker","St Joseph de Kinshasa","All_modes","43"
"2020-05-20","Lemba","Gombe","3h","Origin_Zone_Resident","Origin_Zone_Worker","St.Christine","All_modes","52"
"2020-05-20","Lemba","Gombe","3h","Origin_Zone_Resident","Origin_Zone_Worker","Vodacom Square","All_modes","52"
"2020-05-20","Lemba","Gombe","3h","Origin_Zone_Resident","Origin_Zone_Worker","ZoneGlobale","All_modes","1455"
"2020-05-20","Lemba","Gombe","3h","Origin_Zone_Resident","Origin_Zone_Worker","eglise protestante de lemba","All_modes","155"
"2020-05-20","Lemba","Kalamu I","1h","Outside_Resident","Outside_Worker","Centre Monkole","All_modes","33"
"2020-05-20","Lemba","Kalamu I","1h","Outside_Resident","Outside_Worker","Croissement Kianza et Université","All_modes","517"
"2020-05-20","Lemba","Kalamu I","1h","Outside_Resident","Outside_Worker","MED CITE DES PRIERES","All_modes","33"
"2020-05-20","Lemba","Kalamu I","1h","Outside_Resident","Outside_Worker","Rond Point Ngaba","All_modes","33"
"2020-05-20","Lemba","Kalamu I","1h","Outside_Resident","Outside_Worker","St Joseph de Kinshasa","All_modes","25"
"2020-05-20","Lemba","Kalamu I","1h","Outside_Resident","Outside_Worker","St.Christine","All_modes","33"
"2020-05-20","Lemba","Kalamu I","1h","Outside_Resident","Outside_Worker","ZoneGlobale","All_modes","775"
"2020-05-20","Lemba","Kalamu I","1h","Outside_Resident","Destination_Zone_Worker","Croissement Kianza et Université","All_modes","52"
"2020-05-20","Lemba","Kalamu I","1h","Outside_Resident","Destination_Zone_Worker","ZoneGlobale","All_modes","153"
"2020-05-20","Lemba","Kalamu I","1h","Outside_Resident","Study_Zone_Worker","Croissement Kianza et Université","All_modes","51"
"2020-05-20","Lemba","Kalamu I","1h","Outside_Resident","Study_Zone_Worker","Saint Augustin de Lemba","All_modes","33"
"2020-05-20","Lemba","Kalamu I","1h","Outside_Resident","Study_Zone_Worker","ZoneGlobale","All_modes","85"
"2020-05-20","Lemba","Kalamu I","1h","Outside_Resident","Origin_Zone_Worker","Croissement Kianza et Université","All_modes","68"
"2020-05-20","Lemba","Kalamu I","1h","Outside_Resident","Origin_Zone_Worker","ZoneGlobale","All_modes","120"
"2020-05-20","Lemba","Kalamu I","1h","Destination_Zone_Resident","Outside_Worker","ZoneGlobale","All_modes","25"
"2020-05-20","Lemba","Kalamu I","1h","Destination_Zone_Resident","Destination_Zone_Worker","Baruti Tabernacle","All_modes","42"
"2020-05-20","Lemba","Kalamu I","1h","Destination_Zone_Resident","Destination_Zone_Worker","CREFM Eglise La Compassion","All_modes","25"
"2020-05-20","Lemba","Kalamu I","1h","Destination_Zone_Resident","Destination_Zone_Worker","Centre Evangélique la Résurrection","All_modes","92"
"2020-05-20","Lemba","Kalamu I","1h","Destination_Zone_Resident","Destination_Zone_Worker","Centre Monkole","All_modes","307"
"2020-05-20","Lemba","Kalamu I","1h","Destination_Zone_Resident","Destination_Zone_Worker","Clinique Universitaire Kinshasa","All_modes","25"
"2020-05-20","Lemba","Kalamu I","1h","Destination_Zone_Resident","Destination_Zone_Worker","Croissement Kianza et Université","All_modes","730"
"2020-05-20","Lemba","Kalamu I","1h","Destination_Zone_Resident","Destination_Zone_Worker","Eglise Francophone Ecole de Tyrannus","All_modes","42"
"2020-05-20","Lemba","Kalamu I","1h","Destination_Zone_Resident","Destination_Zone_Worker","Eglise Kimbanguiste","All_modes","34"
"2020-05-20","Lemba","Kalamu I","1h","Destination_Zone_Resident","Destination_Zone_Worker","Eglise La Semence Seeds Church","All_modes","67"
"2020-05-20","Lemba","Kalamu I","1h","Destination_Zone_Resident","Destination_Zone_Worker","Eglise Mission Evangelique Réconciliation Spirituel International MERSI","All_modes","75"
"2020-05-20","Lemba","Kalamu I","1h","Destination_Zone_Resident","Destination_Zone_Worker","Eglise de Jesus-Christ des saints des derniers jours","All_modes","34"
"2020-05-20","Lemba","Kalamu I","1h","Destination_Zone_Resident","Destination_Zone_Worker","Eglise les Semeurs","All_modes","60"
"2020-05-20","Lemba","Kalamu I","1h","Destination_Zone_Resident","Destination_Zone_Worker","Lemba Terminus","All_modes","52"
"2020-05-20","Lemba","Kalamu I","1h","Destination_Zone_Resident","Destination_Zone_Worker","MED CITE DES PRIERES","All_modes","59"
"2020-05-20","Lemba","Kalamu I","1h","Destination_Zone_Resident","Destination_Zone_Worker","Marché de Mbanza Lemba","All_modes","33"
"2020-05-20","Lemba","Kalamu I","1h","Destination_Zone_Resident","Destination_Zone_Worker","Marché de super lemba","All_modes","58"
"2020-05-20","Lemba","Kalamu I","1h","Destination_Zone_Resident","Destination_Zone_Worker","Ministere combat spirituel","All_modes","25"
"2020-05-20","Lemba","Kalamu I","1h","Destination_Zone_Resident","Destination_Zone_Worker","Paroisse Notre-Dame d'Afrique","All_modes","67"
"2020-05-20","Lemba","Kalamu I","1h","Destination_Zone_Resident","Destination_Zone_Worker","Paroisse Saint Benoît","All_modes","42"
"2020-05-20","Lemba","Kalamu I","1h","Destination_Zone_Resident","Destination_Zone_Worker","Place Commercial de limete (7 rue)","All_modes","25"
"2020-05-20","Lemba","Kalamu I","1h","Destination_Zone_Resident","Destination_Zone_Worker","Religieuses de l'Assomption","All_modes","67"
"2020-05-20","Lemba","Kalamu I","1h","Destination_Zone_Resident","Destination_Zone_Worker","Rond Point Ngaba","All_modes","59"
"2020-05-20","Lemba","Kalamu I","1h","Destination_Zone_Resident","Destination_Zone_Worker","Rond point super lemba","All_modes","50"
"2020-05-20","Lemba","Kalamu I","1h","Destination_Zone_Resident","Destination_Zone_Worker","Saint Augustin de Lemba","All_modes","76"
"2020-05-20","Lemba","Kalamu I","1h","Destination_Zone_Resident","Destination_Zone_Worker","St Joseph de Kinshasa","All_modes","26"
"2020-05-20","Lemba","Kalamu I","1h","Destination_Zone_Resident","Destination_Zone_Worker","St.Christine","All_modes","59"
"2020-05-20","Lemba","Kalamu I","1h","Destination_Zone_Resident","Destination_Zone_Worker","Wenze Muselu/Gambela","All_modes","58"
"2020-05-20","Lemba","Kalamu I","1h","Destination_Zone_Resident","Destination_Zone_Worker","ZoneGlobale","All_modes","1086"
"2020-05-20","Lemba","Kalamu I","1h","Destination_Zone_Resident","Destination_Zone_Worker","eglise protestante de lemba","All_modes","58"
"2020-05-20","Lemba","Kalamu I","1h","Destination_Zone_Resident","Study_Zone_Worker","Croissement Kianza et Université","All_modes","51"
"2020-05-20","Lemba","Kalamu I","1h","Destination_Zone_Resident","Study_Zone_Worker","Wenze Muselu/Gambela","All_modes","35"
"2020-05-20","Lemba","Kalamu I","1h","Destination_Zone_Resident","Study_Zone_Worker","ZoneGlobale","All_modes","95"
"2020-05-20","Lemba","Kalamu I","1h","Destination_Zone_Resident","Origin_Zone_Worker","Centre Monkole","All_modes","68"
"2020-05-20","Lemba","Kalamu I","1h","Destination_Zone_Resident","Origin_Zone_Worker","Croissement Kianza et Université","All_modes","128"
"2020-05-20","Lemba","Kalamu I","1h","Destination_Zone_Resident","Origin_Zone_Worker","Paroisse Saint Benoît","All_modes","25"
"2020-05-20","Lemba","Kalamu I","1h","Destination_Zone_Resident","Origin_Zone_Worker","ZoneGlobale","All_modes","170"
"2020-05-20","Lemba","Kalamu I","1h","Study_Zone_Resident","Outside_Worker","ZoneGlobale","All_modes","25"
"2020-05-20","Lemba","Kalamu I","1h","Study_Zone_Resident","Destination_Zone_Worker","Centre Monkole","All_modes","25"
"2020-05-20","Lemba","Kalamu I","1h","Study_Zone_Resident","Destination_Zone_Worker","Croissement Kianza et Université","All_modes","43"
"2020-05-20","Lemba","Kalamu I","1h","Study_Zone_Resident","Destination_Zone_Worker","ZoneGlobale","All_modes","95"
"2020-05-20","Lemba","Kalamu I","1h","Study_Zone_Resident","Study_Zone_Worker","Baruti Tabernacle","All_modes","50"
"2020-05-20","Lemba","Kalamu I","1h","Study_Zone_Resident","Study_Zone_Worker","CREFM Eglise La Compassion","All_modes","34"
"2020-05-20","Lemba","Kalamu I","1h","Study_Zone_Resident","Study_Zone_Worker","Centre Evangélique LA TRINITE","All_modes","33"
"2020-05-20","Lemba","Kalamu I","1h","Study_Zone_Resident","Study_Zone_Worker","Centre Evangélique la Résurrection","All_modes","51"
"2020-05-20","Lemba","Kalamu I","1h","Study_Zone_Resident","Study_Zone_Worker","Centre Missionnaire Evangélique au Congo","All_modes","50"
"2020-05-20","Lemba","Kalamu I","1h","Study_Zone_Resident","Study_Zone_Worker","Centre Monkole","All_modes","137"
"2020-05-20","Lemba","Kalamu I","1h","Study_Zone_Resident","Study_Zone_Worker","Croissement Kianza et Université","All_modes","338"
"2020-05-20","Lemba","Kalamu I","1h","Study_Zone_Resident","Study_Zone_Worker","Eglise Francophone Ecole de Tyrannus","All_modes","34"
"2020-05-20","Lemba","Kalamu I","1h","Study_Zone_Resident","Study_Zone_Worker","Eglise La Semence Seeds Church","All_modes","33"
"2020-05-20","Lemba","Kalamu I","1h","Study_Zone_Resident","Study_Zone_Worker","Eglise Mission Evangelique Réconciliation Spirituel International MERSI","All_modes","33"
"2020-05-20","Lemba","Kalamu I","1h","Study_Zone_Resident","Study_Zone_Worker","Eglise les Semeurs","All_modes","26"
"2020-05-20","Lemba","Kalamu I","1h","Study_Zone_Resident","Study_Zone_Worker","MED CITE DES PRIERES","All_modes","142"
"2020-05-20","Lemba","Kalamu I","1h","Study_Zone_Resident","Study_Zone_Worker","Marché de super lemba","All_modes","25"
"2020-05-20","Lemba","Kalamu I","1h","Study_Zone_Resident","Study_Zone_Worker","Ministere combat spirituel","All_modes","26"
"2020-05-20","Lemba","Kalamu I","1h","Study_Zone_Resident","Study_Zone_Worker","Paroisse Notre-Dame d'Afrique","All_modes","25"
"2020-05-20","Lemba","Kalamu I","1h","Study_Zone_Resident","Study_Zone_Worker","Place Commercial de limete (7 rue)","All_modes","58"
"2020-05-20","Lemba","Kalamu I","1h","Study_Zone_Resident","Study_Zone_Worker","Religieuses de l'Assomption","All_modes","25"
"2020-05-20","Lemba","Kalamu I","1h","Study_Zone_Resident","Study_Zone_Worker","Rond Point Ngaba","All_modes","97"
"2020-05-20","Lemba","Kalamu I","1h","Study_Zone_Resident","Study_Zone_Worker","Rond point super lemba","All_modes","25"
"2020-05-20","Lemba","Kalamu I","1h","Study_Zone_Resident","Study_Zone_Worker","Saint Augustin de Lemba","All_modes","50"
"2020-05-20","Lemba","Kalamu I","1h","Study_Zone_Resident","Study_Zone_Worker","St.Christine","All_modes","142"
"2020-05-20","Lemba","Kalamu I","1h","Study_Zone_Resident","Study_Zone_Worker","Wenze Muselu/Gambela","All_modes","100"
"2020-05-20","Lemba","Kalamu I","1h","Study_Zone_Resident","Study_Zone_Worker","ZoneGlobale","All_modes","563"
"2020-05-20","Lemba","Kalamu I","1h","Study_Zone_Resident","Study_Zone_Worker","eglise protestante de lemba","All_modes","33"
"2020-05-20","Lemba","Kalamu I","1h","Study_Zone_Resident","Origin_Zone_Worker","Croissement Kianza et Université","All_modes","42"
"2020-05-20","Lemba","Kalamu I","1h","Study_Zone_Resident","Origin_Zone_Worker","ZoneGlobale","All_modes","86"
"2020-05-20","Lemba","Kalamu I","1h","Origin_Zone_Resident","Outside_Worker","Croissement Kianza et Université","All_modes","42"
"2020-05-20","Lemba","Kalamu I","1h","Origin_Zone_Resident","Outside_Worker","ZoneGlobale","All_modes","59"
"2020-05-20","Lemba","Kalamu I","1h","Origin_Zone_Resident","Destination_Zone_Worker","Centre Monkole","All_modes","68"
"2020-05-20","Lemba","Kalamu I","1h","Origin_Zone_Resident","Destination_Zone_Worker","Croissement Kianza et Université","All_modes","200"
"2020-05-20","Lemba","Kalamu I","1h","Origin_Zone_Resident","Destination_Zone_Worker","Eglise Kimbanguiste","All_modes","25"
"2020-05-20","Lemba","Kalamu I","1h","Origin_Zone_Resident","Destination_Zone_Worker","Eglise les Semeurs","All_modes","26"
"2020-05-20","Lemba","Kalamu I","1h","Origin_Zone_Resident","Destination_Zone_Worker","Lemba Terminus","All_modes","68"
"2020-05-20","Lemba","Kalamu I","1h","Origin_Zone_Resident","Destination_Zone_Worker","ZoneGlobale","All_modes","321"
"2020-05-20","Lemba","Kalamu I","1h","Origin_Zone_Resident","Study_Zone_Worker","Centre Monkole","All_modes","25"
"2020-05-20","Lemba","Kalamu I","1h","Origin_Zone_Resident","Study_Zone_Worker","Croissement Kianza et Université","All_modes","59"
"2020-05-20","Lemba","Kalamu I","1h","Origin_Zone_Resident","Study_Zone_Worker","ZoneGlobale","All_modes","94"
"2020-05-20","Lemba","Kalamu I","1h","Origin_Zone_Resident","Origin_Zone_Worker","Baruti Tabernacle","All_modes","86"
"2020-05-20","Lemba","Kalamu I","1h","Origin_Zone_Resident","Origin_Zone_Worker","CREFM Eglise La Compassion","All_modes","76"
"2020-05-20","Lemba","Kalamu I","1h","Origin_Zone_Resident","Origin_Zone_Worker","Centre Evangélique LA TRINITE","All_modes","25"
"2020-05-20","Lemba","Kalamu I","1h","Origin_Zone_Resident","Origin_Zone_Worker","Centre Evangélique la Résurrection","All_modes","219"
"2020-05-20","Lemba","Kalamu I","1h","Origin_Zone_Resident","Origin_Zone_Worker","Centre Missionnaire Evangélique au Congo","All_modes","59"
"2020-05-20","Lemba","Kalamu I","1h","Origin_Zone_Resident","Origin_Zone_Worker","Centre Monkole","All_modes","249"
"2020-05-20","Lemba","Kalamu I","1h","Origin_Zone_Resident","Origin_Zone_Worker","Croissement Kianza et Université","All_modes","726"
"2020-05-20","Lemba","Kalamu I","1h","Origin_Zone_Resident","Origin_Zone_Worker","Eglise Francophone Ecole de Tyrannus","All_modes","205"
"2020-05-20","Lemba","Kalamu I","1h","Origin_Zone_Resident","Origin_Zone_Worker","Eglise Kimbanguiste","All_modes","86"
"2020-05-20","Lemba","Kalamu I","1h","Origin_Zone_Resident","Origin_Zone_Worker","Eglise La Semence Seeds Church","All_modes","128"
"2020-05-20","Lemba","Kalamu I","1h","Origin_Zone_Resident","Origin_Zone_Worker","Eglise Mission Evangelique Réconciliation Spirituel International MERSI","All_modes","195"
"2020-05-20","Lemba","Kalamu I","1h","Origin_Zone_Resident","Origin_Zone_Worker","Eglise les Semeurs","All_modes","231"
"2020-05-20","Lemba","Kalamu I","1h","Origin_Zone_Resident","Origin_Zone_Worker","Lemba Terminus","All_modes","322"
"2020-05-20","Lemba","Kalamu I","1h","Origin_Zone_Resident","Origin_Zone_Worker","MED CITE DES PRIERES","All_modes","34"
"2020-05-20","Lemba","Kalamu I","1h","Origin_Zone_Resident","Origin_Zone_Worker","Marché de super lemba","All_modes","118"
"2020-05-20","Lemba","Kalamu I","1h","Origin_Zone_Resident","Origin_Zone_Worker","Ministere combat spirituel","All_modes","34"
"2020-05-20","Lemba","Kalamu I","1h","Origin_Zone_Resident","Origin_Zone_Worker","Paroisse Notre-Dame d'Afrique","All_modes","111"
"2020-05-20","Lemba","Kalamu I","1h","Origin_Zone_Resident","Origin_Zone_Worker","Paroisse Saint Benoît","All_modes","221"
"2020-05-20","Lemba","Kalamu I","1h","Origin_Zone_Resident","Origin_Zone_Worker","Place Commercial de limete (7 rue)","All_modes","51"
"2020-05-20","Lemba","Kalamu I","1h","Origin_Zone_Resident","Origin_Zone_Worker","Pont Matete","All_modes","51"
"2020-05-20","Lemba","Kalamu I","1h","Origin_Zone_Resident","Origin_Zone_Worker","Reine des Apôtres","All_modes","25"
"2020-05-20","Lemba","Kalamu I","1h","Origin_Zone_Resident","Origin_Zone_Worker","Religieuses de l'Assomption","All_modes","111"
"2020-05-20","Lemba","Kalamu I","1h","Origin_Zone_Resident","Origin_Zone_Worker","Rond Point Ngaba","All_modes","34"
"2020-05-20","Lemba","Kalamu I","1h","Origin_Zone_Resident","Origin_Zone_Worker","Rond point super lemba","All_modes","202"
"2020-05-20","Lemba","Kalamu I","1h","Origin_Zone_Resident","Origin_Zone_Worker","Saint Augustin de Lemba","All_modes","227"
"2020-05-20","Lemba","Kalamu I","1h","Origin_Zone_Resident","Origin_Zone_Worker","St Joseph de Kinshasa","All_modes","43"
"2020-05-20","Lemba","Kalamu I","1h","Origin_Zone_Resident","Origin_Zone_Worker","St.Christine","All_modes","34"
"2020-05-20","Lemba","Kalamu I","1h","Origin_Zone_Resident","Origin_Zone_Worker","Wenze Muselu/Gambela","All_modes","86"
"2020-05-20","Lemba","Kalamu I","1h","Origin_Zone_Resident","Origin_Zone_Worker","ZoneGlobale","All_modes","1489"
"2020-05-20","Lemba","Kalamu I","1h","Origin_Zone_Resident","Origin_Zone_Worker","eglise protestante de lemba","All_modes","134"
"2020-05-20","Lemba","Kalamu I","3h","Outside_Resident","Outside_Worker","Baruti Tabernacle","All_modes","43"
"2020-05-20","Lemba","Kalamu I","3h","Outside_Resident","Outside_Worker","Centre Evangélique la Résurrection","All_modes","24"
"2020-05-20","Lemba","Kalamu I","3h","Outside_Resident","Outside_Worker","Centre Monkole","All_modes","84"
"2020-05-20","Lemba","Kalamu I","3h","Outside_Resident","Outside_Worker","Croissement Kianza et Université","All_modes","890"
"2020-05-20","Lemba","Kalamu I","3h","Outside_Resident","Outside_Worker","Eglise Francophone Ecole de Tyrannus","All_modes","25"
"2020-05-20","Lemba","Kalamu I","3h","Outside_Resident","Outside_Worker","Marché de super lemba","All_modes","25"
"2020-05-20","Lemba","Kalamu I","3h","Outside_Resident","Outside_Worker","Saint Augustin de Lemba","All_modes","25"
"2020-05-20","Lemba","Kalamu I","3h","Outside_Resident","Outside_Worker","Wenze Muselu/Gambela","All_modes","34"
"2020-05-20","Lemba","Kalamu I","3h","Outside_Resident","Outside_Worker","ZoneGlobale","All_modes","1182"
"2020-05-20","Lemba","Kalamu I","3h","Outside_Resident","Destination_Zone_Worker","Croissement Kianza et Université","All_modes","70"
"2020-05-20","Lemba","Kalamu I","3h","Outside_Resident","Destination_Zone_Worker","ZoneGlobale","All_modes","163"
"2020-05-20","Lemba","Kalamu I","3h","Outside_Resident","Study_Zone_Worker","Baruti Tabernacle","All_modes","26"
"2020-05-20","Lemba","Kalamu I","3h","Outside_Resident","Study_Zone_Worker","Clinique Universitaire Kinshasa","All_modes","25"
"2020-05-20","Lemba","Kalamu I","3h","Outside_Resident","Study_Zone_Worker","ZoneGlobale","All_modes","86"
"2020-05-20","Lemba","Kalamu I","3h","Outside_Resident","Origin_Zone_Worker","Croissement Kianza et Université","All_modes","136"
"2020-05-20","Lemba","Kalamu I","3h","Outside_Resident","Origin_Zone_Worker","ZoneGlobale","All_modes","221"
"2020-05-20","Lemba","Kalamu I","3h","Destination_Zone_Resident","Destination_Zone_Worker","Baruti Tabernacle","All_modes","50"
"2020-05-20","Lemba","Kalamu I","3h","Destination_Zone_Resident","Destination_Zone_Worker","CREFM Eglise La Compassion","All_modes","25"
"2020-05-20","Lemba","Kalamu I","3h","Destination_Zone_Resident","Destination_Zone_Worker","Centre Evangélique la Résurrection","All_modes","75"
"2020-05-20","Lemba","Kalamu I","3h","Destination_Zone_Resident","Destination_Zone_Worker","Centre Monkole","All_modes","137"
"2020-05-20","Lemba","Kalamu I","3h","Destination_Zone_Resident","Destination_Zone_Worker","Clinique Universitaire Kinshasa","All_modes","41"
"2020-05-20","Lemba","Kalamu I","3h","Destination_Zone_Resident","Destination_Zone_Worker","Croissement Kianza et Université","All_modes","529"
"2020-05-20","Lemba","Kalamu I","3h","Destination_Zone_Resident","Destination_Zone_Worker","Eglise Francophone Ecole de Tyrannus","All_modes","60"
"2020-05-20","Lemba","Kalamu I","3h","Destination_Zone_Resident","Destination_Zone_Worker","Eglise Kimbanguiste","All_modes","26"
"2020-05-20","Lemba","Kalamu I","3h","Destination_Zone_Resident","Destination_Zone_Worker","Eglise La Semence Seeds Church","All_modes","58"
"2020-05-20","Lemba","Kalamu I","3h","Destination_Zone_Resident","Destination_Zone_Worker","Eglise Mission Evangelique Réconciliation Spirituel International MERSI","All_modes","58"
"2020-05-20","Lemba","Kalamu I","3h","Destination_Zone_Resident","Destination_Zone_Worker","Eglise de Jesus-Christ des saints des derniers jours","All_modes","34"
"2020-05-20","Lemba","Kalamu I","3h","Destination_Zone_Resident","Destination_Zone_Worker","Eglise les Semeurs","All_modes","68"
"2020-05-20","Lemba","Kalamu I","3h","Destination_Zone_Resident","Destination_Zone_Worker","Intendance (UNIKIN)","All_modes","41"
"2020-05-20","Lemba","Kalamu I","3h","Destination_Zone_Resident","Destination_Zone_Worker","Lemba Terminus","All_modes","70"
"2020-05-20","Lemba","Kalamu I","3h","Destination_Zone_Resident","Destination_Zone_Worker","MED CITE DES PRIERES","All_modes","50"
"2020-05-20","Lemba","Kalamu I","3h","Destination_Zone_Resident","Destination_Zone_Worker","Marché de Mbanza Lemba","All_modes","50"
"2020-05-20","Lemba","Kalamu I","3h","Destination_Zone_Resident","Destination_Zone_Worker","Marché de super lemba","All_modes","70"
"2020-05-20","Lemba","Kalamu I","3h","Destination_Zone_Resident","Destination_Zone_Worker","Ministere combat spirituel","All_modes","25"
"2020-05-20","Lemba","Kalamu I","3h","Destination_Zone_Resident","Destination_Zone_Worker","Paroisse Notre-Dame d'Afrique","All_modes","58"
"2020-05-20","Lemba","Kalamu I","3h","Destination_Zone_Resident","Destination_Zone_Worker","Paroisse Saint Benoît","All_modes","52"
"2020-05-20","Lemba","Kalamu I","3h","Destination_Zone_Resident","Destination_Zone_Worker","Pont Matete","All_modes","25"
"2020-05-20","Lemba","Kalamu I","3h","Destination_Zone_Resident","Destination_Zone_Worker","Religieuses de l'Assomption","All_modes","70"
"2020-05-20","Lemba","Kalamu I","3h","Destination_Zone_Resident","Destination_Zone_Worker","Rond Point Ngaba","All_modes","50"
"2020-05-20","Lemba","Kalamu I","3h","Destination_Zone_Resident","Destination_Zone_Worker","Rond point super lemba","All_modes","62"
"2020-05-20","Lemba","Kalamu I","3h","Destination_Zone_Resident","Destination_Zone_Worker","Saint Augustin de Lemba","All_modes","79"
"2020-05-20","Lemba","Kalamu I","3h","Destination_Zone_Resident","Destination_Zone_Worker","St.Christine","All_modes","41"
"2020-05-20","Lemba","Kalamu I","3h","Destination_Zone_Resident","Destination_Zone_Worker","Wenze Muselu/Gambela","All_modes","59"
"2020-05-20","Lemba","Kalamu I","3h","Destination_Zone_Resident","Destination_Zone_Worker","ZoneGlobale","All_modes","863"
"2020-05-20","Lemba","Kalamu I","3h","Destination_Zone_Resident","Destination_Zone_Worker","eglise protestante de lemba","All_modes","61"
"2020-05-20","Lemba","Kalamu I","3h","Destination_Zone_Resident","Study_Zone_Worker","ZoneGlobale","All_modes","43"
"2020-05-20","Lemba","Kalamu I","3h","Destination_Zone_Resident","Origin_Zone_Worker","Centre Monkole","All_modes","25"
"2020-05-20","Lemba","Kalamu I","3h","Destination_Zone_Resident","Origin_Zone_Worker","Croissement Kianza et Université","All_modes","76"
"2020-05-20","Lemba","Kalamu I","3h","Destination_Zone_Resident","Origin_Zone_Worker","ZoneGlobale","All_modes","141"
"2020-05-20","Lemba","Kalamu I","3h","Study_Zone_Resident","Destination_Zone_Worker","Centre Monkole","All_modes","26"
"2020-05-20","Lemba","Kalamu I","3h","Study_Zone_Resident","Destination_Zone_Worker","Croissement Kianza et Université","All_modes","52"
"2020-05-20","Lemba","Kalamu I","3h","Study_Zone_Resident","Destination_Zone_Worker","ZoneGlobale","All_modes","113"
"2020-05-20","Lemba","Kalamu I","3h","Study_Zone_Resident","Study_Zone_Worker","Baruti Tabernacle","All_modes","24"
"2020-05-20","Lemba","Kalamu I","3h","Study_Zone_Resident","Study_Zone_Worker","CREFM Eglise La Compassion","All_modes","25"
"2020-05-20","Lemba","Kalamu I","3h","Study_Zone_Resident","Study_Zone_Worker","Centre Evangélique la Résurrection","All_modes","25"
"2020-05-20","Lemba","Kalamu I","3h","Study_Zone_Resident","Study_Zone_Worker","Centre Missionnaire Evangélique au Congo","All_modes","24"
"2020-05-20","Lemba","Kalamu I","3h","Study_Zone_Resident","Study_Zone_Worker","Centre Monkole","All_modes","35"
"2020-05-20","Lemba","Kalamu I","3h","Study_Zone_Resident","Study_Zone_Worker","Croissement Kianza et Université","All_modes","176"
"2020-05-20","Lemba","Kalamu I","3h","Study_Zone_Resident","Study_Zone_Worker","Eglise Kimbanguiste","All_modes","27"
"2020-05-20","Lemba","Kalamu I","3h","Study_Zone_Resident","Study_Zone_Worker","Eglise les Semeurs","All_modes","34"
"2020-05-20","Lemba","Kalamu I","3h","Study_Zone_Resident","Study_Zone_Worker","MED CITE DES PRIERES","All_modes","25"
"2020-05-20","Lemba","Kalamu I","3h","Study_Zone_Resident","Study_Zone_Worker","Ministere combat spirituel","All_modes","25"
"2020-05-20","Lemba","Kalamu I","3h","Study_Zone_Resident","Study_Zone_Worker","Place Commercial de limete (7 rue)","All_modes","33"
"2020-05-20","Lemba","Kalamu I","3h","Study_Zone_Resident","Study_Zone_Worker","St.Christine","All_modes","25"
"2020-05-20","Lemba","Kalamu I","3h","Study_Zone_Resident","Study_Zone_Worker","ZoneGlobale","All_modes","389"
"2020-05-20","Lemba","Kalamu I","3h","Study_Zone_Resident","Origin_Zone_Worker","Croissement Kianza et Université","All_modes","61"
"2020-05-20","Lemba","Kalamu I","3h","Study_Zone_Resident","Origin_Zone_Worker","ZoneGlobale","All_modes","104"
"2020-05-20","Lemba","Kalamu I","3h","Origin_Zone_Resident","Outside_Worker","Croissement Kianza et Université","All_modes","76"
"2020-05-20","Lemba","Kalamu I","3h","Origin_Zone_Resident","Outside_Worker","ZoneGlobale","All_modes","120"
"2020-05-20","Lemba","Kalamu I","3h","Origin_Zone_Resident","Destination_Zone_Worker","Croissement Kianza et Université","All_modes","223"
"2020-05-20","Lemba","Kalamu I","3h","Origin_Zone_Resident","Destination_Zone_Worker","Eglise FEPACO Nzambe Malamu","All_modes","26"
"2020-05-20","Lemba","Kalamu I","3h","Origin_Zone_Resident","Destination_Zone_Worker","Eglise Francophone Ecole de Tyrannus","All_modes","43"
"2020-05-20","Lemba","Kalamu I","3h","Origin_Zone_Resident","Destination_Zone_Worker","Eglise Kimbanguiste","All_modes","42"
"2020-05-20","Lemba","Kalamu I","3h","Origin_Zone_Resident","Destination_Zone_Worker","Eglise les Semeurs","All_modes","27"
"2020-05-20","Lemba","Kalamu I","3h","Origin_Zone_Resident","Destination_Zone_Worker","Lemba Terminus","All_modes","102"
"2020-05-20","Lemba","Kalamu I","3h","Origin_Zone_Resident","Destination_Zone_Worker","Marché de super lemba","All_modes","25"
"2020-05-20","Lemba","Kalamu I","3h","Origin_Zone_Resident","Destination_Zone_Worker","Religieuses de l'Assomption","All_modes","25"
"2020-05-20","Lemba","Kalamu I","3h","Origin_Zone_Resident","Destination_Zone_Worker","Rond point super lemba","All_modes","34"
"2020-05-20","Lemba","Kalamu I","3h","Origin_Zone_Resident","Destination_Zone_Worker","Saint Augustin de Lemba","All_modes","25"
"2020-05-20","Lemba","Kalamu I","3h","Origin_Zone_Resident","Destination_Zone_Worker","ZoneGlobale","All_modes","386"
"2020-05-20","Lemba","Kalamu I","3h","Origin_Zone_Resident","Destination_Zone_Worker","eglise protestante de lemba","All_modes","25"
"2020-05-20","Lemba","Kalamu I","3h","Origin_Zone_Resident","Study_Zone_Worker","Croissement Kianza et Université","All_modes","88"
"2020-05-20","Lemba","Kalamu I","3h","Origin_Zone_Resident","Study_Zone_Worker","Eglise les Semeurs","All_modes","25"
"2020-05-20","Lemba","Kalamu I","3h","Origin_Zone_Resident","Study_Zone_Worker","ZoneGlobale","All_modes","148"
"2020-05-20","Lemba","Kalamu I","3h","Origin_Zone_Resident","Origin_Zone_Worker","Baruti Tabernacle","All_modes","151"
"2020-05-20","Lemba","Kalamu I","3h","Origin_Zone_Resident","Origin_Zone_Worker","CREFM Eglise La Compassion","All_modes","42"
"2020-05-20","Lemba","Kalamu I","3h","Origin_Zone_Resident","Origin_Zone_Worker","Centre Evangélique LA TRINITE","All_modes","66"
"2020-05-20","Lemba","Kalamu I","3h","Origin_Zone_Resident","Origin_Zone_Worker","Centre Evangélique la Résurrection","All_modes","120"
"2020-05-20","Lemba","Kalamu I","3h","Origin_Zone_Resident","Origin_Zone_Worker","Centre Missionnaire Evangélique au Congo","All_modes","75"
"2020-05-20","Lemba","Kalamu I","3h","Origin_Zone_Resident","Origin_Zone_Worker","Centre Monkole","All_modes","75"
"2020-05-20","Lemba","Kalamu I","3h","Origin_Zone_Resident","Origin_Zone_Worker","Clinique Universitaire Kinshasa","All_modes","25"
"2020-05-20","Lemba","Kalamu I","3h","Origin_Zone_Resident","Origin_Zone_Worker","Croissement Kianza et Université","All_modes","656"
"2020-05-20","Lemba","Kalamu I","3h","Origin_Zone_Resident","Origin_Zone_Worker","Eglise FEPACO Nzambe Malamu","All_modes","25"
"2020-05-20","Lemba","Kalamu I","3h","Origin_Zone_Resident","Origin_Zone_Worker","Eglise Francophone Ecole de Tyrannus","All_modes","205"
"2020-05-20","Lemba","Kalamu I","3h","Origin_Zone_Resident","Origin_Zone_Worker","Eglise Kimbanguiste","All_modes","77"
"2020-05-20","Lemba","Kalamu I","3h","Origin_Zone_Resident","Origin_Zone_Worker","Eglise La Semence Seeds Church","All_modes","68"
"2020-05-20","Lemba","Kalamu I","3h","Origin_Zone_Resident","Origin_Zone_Worker","Eglise Mission Evangelique Réconciliation Spirituel International MERSI","All_modes","127"
"2020-05-20","Lemba","Kalamu I","3h","Origin_Zone_Resident","Origin_Zone_Worker","Eglise les Semeurs","All_modes","205"
"2020-05-20","Lemba","Kalamu I","3h","Origin_Zone_Resident","Origin_Zone_Worker","Lemba Terminus","All_modes","340"
"2020-05-20","Lemba","Kalamu I","3h","Origin_Zone_Resident","Origin_Zone_Worker","MED CITE DES PRIERES","All_modes","67"
"2020-05-20","Lemba","Kalamu I","3h","Origin_Zone_Resident","Origin_Zone_Worker","Marché de super lemba","All_modes","93"
"2020-05-20","Lemba","Kalamu I","3h","Origin_Zone_Resident","Origin_Zone_Worker","Paroisse Notre-Dame d'Afrique","All_modes","68"
"2020-05-20","Lemba","Kalamu I","3h","Origin_Zone_Resident","Origin_Zone_Worker","Paroisse Saint Benoît","All_modes","179"
"2020-05-20","Lemba","Kalamu I","3h","Origin_Zone_Resident","Origin_Zone_Worker","Place Commercial de limete (7 rue)","All_modes","41"
"2020-05-20","Lemba","Kalamu I","3h","Origin_Zone_Resident","Origin_Zone_Worker","Pont Matete","All_modes","43"
"2020-05-20","Lemba","Kalamu I","3h","Origin_Zone_Resident","Origin_Zone_Worker","Reine des Apôtres","All_modes","76"
"2020-05-20","Lemba","Kalamu I","3h","Origin_Zone_Resident","Origin_Zone_Worker","Religieuses de l'Assomption","All_modes","103"
"2020-05-20","Lemba","Kalamu I","3h","Origin_Zone_Resident","Origin_Zone_Worker","Rond Point Ngaba","All_modes","41"
"2020-05-20","Lemba","Kalamu I","3h","Origin_Zone_Resident","Origin_Zone_Worker","Rond point super lemba","All_modes","120"
"2020-05-20","Lemba","Kalamu I","3h","Origin_Zone_Resident","Origin_Zone_Worker","Saint Augustin de Lemba","All_modes","177"
"2020-05-20","Lemba","Kalamu I","3h","Origin_Zone_Resident","Origin_Zone_Worker","St.Christine","All_modes","59"
"2020-05-20","Lemba","Kalamu I","3h","Origin_Zone_Resident","Origin_Zone_Worker","Wenze Muselu/Gambela","All_modes","50"
"2020-05-20","Lemba","Kalamu I","3h","Origin_Zone_Resident","Origin_Zone_Worker","ZoneGlobale","All_modes","1565"
"2020-05-20","Lemba","Kalamu I","3h","Origin_Zone_Resident","Origin_Zone_Worker","eglise protestante de lemba","All_modes","110"
"2020-05-20","Lemba","Kalamu II","1h","Outside_Resident","Outside_Worker","CREFM Eglise La Compassion","All_modes","34"
"2020-05-20","Lemba","Kalamu II","1h","Outside_Resident","Outside_Worker","Centre Evangélique la Résurrection","All_modes","34"
"2020-05-20","Lemba","Kalamu II","1h","Outside_Resident","Outside_Worker","Croissement Kianza et Université","All_modes","86"
"2020-05-20","Lemba","Kalamu II","1h","Outside_Resident","Outside_Worker","Eglise Mission Evangelique Réconciliation Spirituel International MERSI","All_modes","25"
"2020-05-20","Lemba","Kalamu II","1h","Outside_Resident","Outside_Worker","Eglise les Semeurs","All_modes","64"
"2020-05-20","Lemba","Kalamu II","1h","Outside_Resident","Outside_Worker","Place Commercial de limete (7 rue)","All_modes","25"
"2020-05-20","Lemba","Kalamu II","1h","Outside_Resident","Outside_Worker","Pont Matete","All_modes","25"
"2020-05-20","Lemba","Kalamu II","1h","Outside_Resident","Outside_Worker","Rond point super lemba","All_modes","25"
"2020-05-20","Lemba","Kalamu II","1h","Outside_Resident","Outside_Worker","St Joseph de Kinshasa","All_modes","25"
"2020-05-20","Lemba","Kalamu II","1h","Outside_Resident","Outside_Worker","ZoneGlobale","All_modes","262"
"2020-05-20","Lemba","Kalamu II","1h","Outside_Resident","Destination_Zone_Worker","ZoneGlobale","All_modes","51"
"2020-05-20","Lemba","Kalamu II","1h","Outside_Resident","Study_Zone_Worker","ZoneGlobale","All_modes","59"
"2020-05-20","Lemba","Kalamu II","1h","Outside_Resident","Origin_Zone_Worker","ZoneGlobale","All_modes","69"
"2020-05-20","Lemba","Kalamu II","1h","Destination_Zone_Resident","Destination_Zone_Worker","Centre Evangélique la Résurrection","All_modes","41"
"2020-05-20","Lemba","Kalamu II","1h","Destination_Zone_Resident","Destination_Zone_Worker","Croissement Kianza et Université","All_modes","50"
"2020-05-20","Lemba","Kalamu II","1h","Destination_Zone_Resident","Destination_Zone_Worker","Eglise La Semence Seeds Church","All_modes","33"
"2020-05-20","Lemba","Kalamu II","1h","Destination_Zone_Resident","Destination_Zone_Worker","Eglise Mission Evangelique Réconciliation Spirituel International MERSI","All_modes","41"
"2020-05-20","Lemba","Kalamu II","1h","Destination_Zone_Resident","Destination_Zone_Worker","Eglise les Semeurs","All_modes","25"
"2020-05-20","Lemba","Kalamu II","1h","Destination_Zone_Resident","Destination_Zone_Worker","MED CITE DES PRIERES","All_modes","42"
"2020-05-20","Lemba","Kalamu II","1h","Destination_Zone_Resident","Destination_Zone_Worker","Marché de super lemba","All_modes","25"
"2020-05-20","Lemba","Kalamu II","1h","Destination_Zone_Resident","Destination_Zone_Worker","Paroisse Notre-Dame d'Afrique","All_modes","33"
"2020-05-20","Lemba","Kalamu II","1h","Destination_Zone_Resident","Destination_Zone_Worker","Paroisse Saint Benoît","All_modes","25"
"2020-05-20","Lemba","Kalamu II","1h","Destination_Zone_Resident","Destination_Zone_Worker","Religieuses de l'Assomption","All_modes","25"
"2020-05-20","Lemba","Kalamu II","1h","Destination_Zone_Resident","Destination_Zone_Worker","Rond Point Ngaba","All_modes","33"
"2020-05-20","Lemba","Kalamu II","1h","Destination_Zone_Resident","Destination_Zone_Worker","Rond point super lemba","All_modes","42"
"2020-05-20","Lemba","Kalamu II","1h","Destination_Zone_Resident","Destination_Zone_Worker","Saint Augustin de Lemba","All_modes","51"
"2020-05-20","Lemba","Kalamu II","1h","Destination_Zone_Resident","Destination_Zone_Worker","St.Christine","All_modes","42"
"2020-05-20","Lemba","Kalamu II","1h","Destination_Zone_Resident","Destination_Zone_Worker","ZoneGlobale","All_modes","180"
"2020-05-20","Lemba","Kalamu II","1h","Destination_Zone_Resident","Destination_Zone_Worker","eglise protestante de lemba","All_modes","35"
"2020-05-20","Lemba","Kalamu II","1h","Destination_Zone_Resident","Study_Zone_Worker","Centre Evangélique la Résurrection","All_modes","28"
"2020-05-20","Lemba","Kalamu II","1h","Destination_Zone_Resident","Study_Zone_Worker","Eglise La Semence Seeds Church","All_modes","28"
"2020-05-20","Lemba","Kalamu II","1h","Destination_Zone_Resident","Study_Zone_Worker","Paroisse Notre-Dame d'Afrique","All_modes","28"
"2020-05-20","Lemba","Kalamu II","1h","Destination_Zone_Resident","Study_Zone_Worker","ZoneGlobale","All_modes","44"
"2020-05-20","Lemba","Kalamu II","1h","Destination_Zone_Resident","Origin_Zone_Worker","ZoneGlobale","All_modes","43"
"2020-05-20","Lemba","Kalamu II","1h","Study_Zone_Resident","Destination_Zone_Worker","ZoneGlobale","All_modes","59"
"2020-05-20","Lemba","Kalamu II","1h","Study_Zone_Resident","Study_Zone_Worker","Baruti Tabernacle","All_modes","67"
"2020-05-20","Lemba","Kalamu II","1h","Study_Zone_Resident","Study_Zone_Worker","CREFM Eglise La Compassion","All_modes","52"
"2020-05-20","Lemba","Kalamu II","1h","Study_Zone_Resident","Study_Zone_Worker","Centre Evangélique LA TRINITE","All_modes","25"
"2020-05-20","Lemba","Kalamu II","1h","Study_Zone_Resident","Study_Zone_Worker","Centre Evangélique la Résurrection","All_modes","87"
"2020-05-20","Lemba","Kalamu II","1h","Study_Zone_Resident","Study_Zone_Worker","Centre Missionnaire Evangélique au Congo","All_modes","25"
"2020-05-20","Lemba","Kalamu II","1h","Study_Zone_Resident","Study_Zone_Worker","Croissement Kianza et Université","All_modes","145"
"2020-05-20","Lemba","Kalamu II","1h","Study_Zone_Resident","Study_Zone_Worker","Eglise Francophone Ecole de Tyrannus","All_modes","42"
"2020-05-20","Lemba","Kalamu II","1h","Study_Zone_Resident","Study_Zone_Worker","Eglise Kimbanguiste","All_modes","25"
"2020-05-20","Lemba","Kalamu II","1h","Study_Zone_Resident","Study_Zone_Worker","Eglise La Semence Seeds Church","All_modes","44"
"2020-05-20","Lemba","Kalamu II","1h","Study_Zone_Resident","Study_Zone_Worker","Eglise Mission Evangelique Réconciliation Spirituel International MERSI","All_modes","86"
"2020-05-20","Lemba","Kalamu II","1h","Study_Zone_Resident","Study_Zone_Worker","Eglise les Semeurs","All_modes","62"
"2020-05-20","Lemba","Kalamu II","1h","Study_Zone_Resident","Study_Zone_Worker","Hj Hospitals","All_modes","35"
"2020-05-20","Lemba","Kalamu II","1h","Study_Zone_Resident","Study_Zone_Worker","Intendance (UNIKIN)","All_modes","25"
"2020-05-20","Lemba","Kalamu II","1h","Study_Zone_Resident","Study_Zone_Worker","Lemba Terminus","All_modes","50"
"2020-05-20","Lemba","Kalamu II","1h","Study_Zone_Resident","Study_Zone_Worker","MED CITE DES PRIERES","All_modes","86"
"2020-05-20","Lemba","Kalamu II","1h","Study_Zone_Resident","Study_Zone_Worker","Marché de Mbanza Lemba","All_modes","42"
"2020-05-20","Lemba","Kalamu II","1h","Study_Zone_Resident","Study_Zone_Worker","Marché de super lemba","All_modes","76"
"2020-05-20","Lemba","Kalamu II","1h","Study_Zone_Resident","Study_Zone_Worker","Ministere combat spirituel","All_modes","36"
"2020-05-20","Lemba","Kalamu II","1h","Study_Zone_Resident","Study_Zone_Worker","Paroisse Notre-Dame d'Afrique","All_modes","35"
"2020-05-20","Lemba","Kalamu II","1h","Study_Zone_Resident","Study_Zone_Worker","Paroisse Saint Benoît","All_modes","52"
"2020-05-20","Lemba","Kalamu II","1h","Study_Zone_Resident","Study_Zone_Worker","Place Commercial de limete (7 rue)","All_modes","111"
"2020-05-20","Lemba","Kalamu II","1h","Study_Zone_Resident","Study_Zone_Worker","Pont Matete","All_modes","27"
"2020-05-20","Lemba","Kalamu II","1h","Study_Zone_Resident","Study_Zone_Worker","Religieuses de l'Assomption","All_modes","93"
"2020-05-20","Lemba","Kalamu II","1h","Study_Zone_Resident","Study_Zone_Worker","Rond Point Ngaba","All_modes","77"
"2020-05-20","Lemba","Kalamu II","1h","Study_Zone_Resident","Study_Zone_Worker","Rond point super lemba","All_modes","77"
"2020-05-20","Lemba","Kalamu II","1h","Study_Zone_Resident","Study_Zone_Worker","Saint Augustin de Lemba","All_modes","118"
"2020-05-20","Lemba","Kalamu II","1h","Study_Zone_Resident","Study_Zone_Worker","St Joseph de Kinshasa","All_modes","51"
"2020-05-20","Lemba","Kalamu II","1h","Study_Zone_Resident","Study_Zone_Worker","St.Christine","All_modes","86"
"2020-05-20","Lemba","Kalamu II","1h","Study_Zone_Resident","Study_Zone_Worker","Wenze Muselu/Gambela","All_modes","24"
"2020-05-20","Lemba","Kalamu II","1h","Study_Zone_Resident","Study_Zone_Worker","ZoneGlobale","All_modes","436"
"2020-05-20","Lemba","Kalamu II","1h","Study_Zone_Resident","Study_Zone_Worker","eglise protestante de lemba","All_modes","93"
"2020-05-20","Lemba","Kalamu II","1h","Study_Zone_Resident","Origin_Zone_Worker","Place Commercial de limete (7 rue)","All_modes","25"
"2020-05-20","Lemba","Kalamu II","1h","Study_Zone_Resident","Origin_Zone_Worker","ZoneGlobale","All_modes","51"
"2020-05-20","Lemba","Kalamu II","1h","Origin_Zone_Resident","Outside_Worker","ZoneGlobale","All_modes","25"
"2020-05-20","Lemba","Kalamu II","1h","Origin_Zone_Resident","Destination_Zone_Worker","Croissement Kianza et Université","All_modes","69"
"2020-05-20","Lemba","Kalamu II","1h","Origin_Zone_Resident","Destination_Zone_Worker","Eglise Kimbanguiste","All_modes","26"
"2020-05-20","Lemba","Kalamu II","1h","Origin_Zone_Resident","Destination_Zone_Worker","Eglise les Semeurs","All_modes","42"
"2020-05-20","Lemba","Kalamu II","1h","Origin_Zone_Resident","Destination_Zone_Worker","Lemba Terminus","All_modes","68"
"2020-05-20","Lemba","Kalamu II","1h","Origin_Zone_Resident","Destination_Zone_Worker","Paroisse Saint Benoît","All_modes","42"
"2020-05-20","Lemba","Kalamu II","1h","Origin_Zone_Resident","Destination_Zone_Worker","Saint Augustin de Lemba","All_modes","25"
"2020-05-20","Lemba","Kalamu II","1h","Origin_Zone_Resident","Destination_Zone_Worker","ZoneGlobale","All_modes","216"
"2020-05-20","Lemba","Kalamu II","1h","Origin_Zone_Resident","Study_Zone_Worker","Eglise Mission Evangelique Réconciliation Spirituel International MERSI","All_modes","26"
"2020-05-20","Lemba","Kalamu II","1h","Origin_Zone_Resident","Study_Zone_Worker","Eglise les Semeurs","All_modes","26"
"2020-05-20","Lemba","Kalamu II","1h","Origin_Zone_Resident","Study_Zone_Worker","Marché de super lemba","All_modes","26"
"2020-05-20","Lemba","Kalamu II","1h","Origin_Zone_Resident","Study_Zone_Worker","Paroisse Saint Benoît","All_modes","26"
"2020-05-20","Lemba","Kalamu II","1h","Origin_Zone_Resident","Study_Zone_Worker","Religieuses de l'Assomption","All_modes","26"
"2020-05-20","Lemba","Kalamu II","1h","Origin_Zone_Resident","Study_Zone_Worker","Rond point super lemba","All_modes","26"
"2020-05-20","Lemba","Kalamu II","1h","Origin_Zone_Resident","Study_Zone_Worker","Saint Augustin de Lemba","All_modes","26"
"2020-05-20","Lemba","Kalamu II","1h","Origin_Zone_Resident","Study_Zone_Worker","ZoneGlobale","All_modes","113"
"2020-05-20","Lemba","Kalamu II","1h","Origin_Zone_Resident","Study_Zone_Worker","eglise protestante de lemba","All_modes","26"
"2020-05-20","Lemba","Kalamu II","1h","Origin_Zone_Resident","Origin_Zone_Worker","Baruti Tabernacle","All_modes","94"
"2020-05-20","Lemba","Kalamu II","1h","Origin_Zone_Resident","Origin_Zone_Worker","CREFM Eglise La Compassion","All_modes","85"
"2020-05-20","Lemba","Kalamu II","1h","Origin_Zone_Resident","Origin_Zone_Worker","Centre Evangélique LA TRINITE","All_modes","43"
"2020-05-20","Lemba","Kalamu II","1h","Origin_Zone_Resident","Origin_Zone_Worker","Centre Evangélique la Résurrection","All_modes","111"
"2020-05-20","Lemba","Kalamu II","1h","Origin_Zone_Resident","Origin_Zone_Worker","Centre Missionnaire Evangélique au Congo","All_modes","111"
"2020-05-20","Lemba","Kalamu II","1h","Origin_Zone_Resident","Origin_Zone_Worker","Croissement Kianza et Université","All_modes","274"
"2020-05-20","Lemba","Kalamu II","1h","Origin_Zone_Resident","Origin_Zone_Worker","Eglise FEPACO Nzambe Malamu","All_modes","34"
"2020-05-20","Lemba","Kalamu II","1h","Origin_Zone_Resident","Origin_Zone_Worker","Eglise Francophone Ecole de Tyrannus","All_modes","232"
"2020-05-20","Lemba","Kalamu II","1h","Origin_Zone_Resident","Origin_Zone_Worker","Eglise Kimbanguiste","All_modes","112"
"2020-05-20","Lemba","Kalamu II","1h","Origin_Zone_Resident","Origin_Zone_Worker","Eglise La Semence Seeds Church","All_modes","50"
"2020-05-20","Lemba","Kalamu II","1h","Origin_Zone_Resident","Origin_Zone_Worker","Eglise Mission Evangelique Réconciliation Spirituel International MERSI","All_modes","188"
"2020-05-20","Lemba","Kalamu II","1h","Origin_Zone_Resident","Origin_Zone_Worker","Eglise de Jesus-Christ des saints des derniers jours","All_modes","33"
"2020-05-20","Lemba","Kalamu II","1h","Origin_Zone_Resident","Origin_Zone_Worker","Eglise les Semeurs","All_modes","274"
"2020-05-20","Lemba","Kalamu II","1h","Origin_Zone_Resident","Origin_Zone_Worker","FIKIN","All_modes","25"
"2020-05-20","Lemba","Kalamu II","1h","Origin_Zone_Resident","Origin_Zone_Worker","Intendance (UNIKIN)","All_modes","24"
"2020-05-20","Lemba","Kalamu II","1h","Origin_Zone_Resident","Origin_Zone_Worker","Lemba Terminus","All_modes","412"
"2020-05-20","Lemba","Kalamu II","1h","Origin_Zone_Resident","Origin_Zone_Worker","MED CITE DES PRIERES","All_modes","34"
"2020-05-20","Lemba","Kalamu II","1h","Origin_Zone_Resident","Origin_Zone_Worker","Marché de Mbanza Lemba","All_modes","24"
"2020-05-20","Lemba","Kalamu II","1h","Origin_Zone_Resident","Origin_Zone_Worker","Marché de super lemba","All_modes","137"
"2020-05-20","Lemba","Kalamu II","1h","Origin_Zone_Resident","Origin_Zone_Worker","Ministere combat spirituel","All_modes","43"
"2020-05-20","Lemba","Kalamu II","1h","Origin_Zone_Resident","Origin_Zone_Worker","Paroisse Notre-Dame d'Afrique","All_modes","50"
"2020-05-20","Lemba","Kalamu II","1h","Origin_Zone_Resident","Origin_Zone_Worker","Paroisse Saint Benoît","All_modes","240"
"2020-05-20","Lemba","Kalamu II","1h","Origin_Zone_Resident","Origin_Zone_Worker","Place Commercial de limete (7 rue)","All_modes","137"
"2020-05-20","Lemba","Kalamu II","1h","Origin_Zone_Resident","Origin_Zone_Worker","Pont Matete","All_modes","85"
"2020-05-20","Lemba","Kalamu II","1h","Origin_Zone_Resident","Origin_Zone_Worker","Reine des Apôtres","All_modes","33"
"2020-05-20","Lemba","Kalamu II","1h","Origin_Zone_Resident","Origin_Zone_Worker","Religieuses de l'Assomption","All_modes","196"
"2020-05-20","Lemba","Kalamu II","1h","Origin_Zone_Resident","Origin_Zone_Worker","Rond Point Ngaba","All_modes","42"
"2020-05-20","Lemba","Kalamu II","1h","Origin_Zone_Resident","Origin_Zone_Worker","Rond point super lemba","All_modes","179"
"2020-05-20","Lemba","Kalamu II","1h","Origin_Zone_Resident","Origin_Zone_Worker","Saint Augustin de Lemba","All_modes","309"
"2020-05-20","Lemba","Kalamu II","1h","Origin_Zone_Resident","Origin_Zone_Worker","St Joseph de Kinshasa","All_modes","26"
"2020-05-20","Lemba","Kalamu II","1h","Origin_Zone_Resident","Origin_Zone_Worker","St.Christine","All_modes","34"
"2020-05-20","Lemba","Kalamu II","1h","Origin_Zone_Resident","Origin_Zone_Worker","ZoneGlobale","All_modes","1072"
"2020-05-20","Lemba","Kalamu II","1h","Origin_Zone_Resident","Origin_Zone_Worker","eglise protestante de lemba","All_modes","197"
"2020-05-20","Lemba","Kalamu II","3h","Outside_Resident","Outside_Worker","Baruti Tabernacle","All_modes","25"
"2020-05-20","Lemba","Kalamu II","3h","Outside_Resident","Outside_Worker","Centre Evangélique LA TRINITE","All_modes","25"
"2020-05-20","Lemba","Kalamu II","3h","Outside_Resident","Outside_Worker","Centre Missionnaire Evangélique au Congo","All_modes","25"
"2020-05-20","Lemba","Kalamu II","3h","Outside_Resident","Outside_Worker","Croissement Kianza et Université","All_modes","51"
"2020-05-20","Lemba","Kalamu II","3h","Outside_Resident","Outside_Worker","Eglise Francophone Ecole de Tyrannus","All_modes","25"
"2020-05-20","Lemba","Kalamu II","3h","Outside_Resident","Outside_Worker","Eglise les Semeurs","All_modes","73"
"2020-05-20","Lemba","Kalamu II","3h","Outside_Resident","Outside_Worker","MED CITE DES PRIERES","All_modes","25"
"2020-05-20","Lemba","Kalamu II","3h","Outside_Resident","Outside_Worker","Paroisse Saint Benoît","All_modes","25"
"2020-05-20","Lemba","Kalamu II","3h","Outside_Resident","Outside_Worker","Rond Point Ngaba","All_modes","25"
"2020-05-20","Lemba","Kalamu II","3h","Outside_Resident","Outside_Worker","Saint Augustin de Lemba","All_modes","34"
"2020-05-20","Lemba","Kalamu II","3h","Outside_Resident","Outside_Worker","St Joseph de Kinshasa","All_modes","25"
"2020-05-20","Lemba","Kalamu II","3h","Outside_Resident","Outside_Worker","ZoneGlobale","All_modes","261"
"2020-05-20","Lemba","Kalamu II","3h","Outside_Resident","Destination_Zone_Worker","ZoneGlobale","All_modes","76"
"2020-05-20","Lemba","Kalamu II","3h","Outside_Resident","Study_Zone_Worker","ZoneGlobale","All_modes","59"
"2020-05-20","Lemba","Kalamu II","3h","Outside_Resident","Origin_Zone_Worker","Eglise Francophone Ecole de Tyrannus","All_modes","42"
"2020-05-20","Lemba","Kalamu II","3h","Outside_Resident","Origin_Zone_Worker","Eglise les Semeurs","All_modes","34"
"2020-05-20","Lemba","Kalamu II","3h","Outside_Resident","Origin_Zone_Worker","Paroisse Saint Benoît","All_modes","34"
"2020-05-20","Lemba","Kalamu II","3h","Outside_Resident","Origin_Zone_Worker","Religieuses de l'Assomption","All_modes","33"
"2020-05-20","Lemba","Kalamu II","3h","Outside_Resident","Origin_Zone_Worker","Saint Augustin de Lemba","All_modes","25"
"2020-05-20","Lemba","Kalamu II","3h","Outside_Resident","Origin_Zone_Worker","ZoneGlobale","All_modes","145"
"2020-05-20","Lemba","Kalamu II","3h","Outside_Resident","Origin_Zone_Worker","eglise protestante de lemba","All_modes","25"
"2020-05-20","Lemba","Kalamu II","3h","Destination_Zone_Resident","Destination_Zone_Worker","Baruti Tabernacle","All_modes","34"
"2020-05-20","Lemba","Kalamu II","3h","Destination_Zone_Resident","Destination_Zone_Worker","Croissement Kianza et Université","All_modes","42"
"2020-05-20","Lemba","Kalamu II","3h","Destination_Zone_Resident","Destination_Zone_Worker","Eglise les Semeurs","All_modes","42"
"2020-05-20","Lemba","Kalamu II","3h","Destination_Zone_Resident","Destination_Zone_Worker","MED CITE DES PRIERES","All_modes","25"
"2020-05-20","Lemba","Kalamu II","3h","Destination_Zone_Resident","Destination_Zone_Worker","Paroisse Saint Benoît","All_modes","25"
"2020-05-20","Lemba","Kalamu II","3h","Destination_Zone_Resident","Destination_Zone_Worker","Religieuses de l'Assomption","All_modes","25"
"2020-05-20","Lemba","Kalamu II","3h","Destination_Zone_Resident","Destination_Zone_Worker","Rond Point Ngaba","All_modes","34"
"2020-05-20","Lemba","Kalamu II","3h","Destination_Zone_Resident","Destination_Zone_Worker","Rond point super lemba","All_modes","25"
"2020-05-20","Lemba","Kalamu II","3h","Destination_Zone_Resident","Destination_Zone_Worker","Saint Augustin de Lemba","All_modes","33"
"2020-05-20","Lemba","Kalamu II","3h","Destination_Zone_Resident","Destination_Zone_Worker","St.Christine","All_modes","25"
"2020-05-20","Lemba","Kalamu II","3h","Destination_Zone_Resident","Destination_Zone_Worker","ZoneGlobale","All_modes","188"
"2020-05-20","Lemba","Kalamu II","3h","Destination_Zone_Resident","Destination_Zone_Worker","eglise protestante de lemba","All_modes","25"
"2020-05-20","Lemba","Kalamu II","3h","Destination_Zone_Resident","Origin_Zone_Worker","Eglise Mission Evangelique Réconciliation Spirituel International MERSI","All_modes","25"
"2020-05-20","Lemba","Kalamu II","3h","Destination_Zone_Resident","Origin_Zone_Worker","ZoneGlobale","All_modes","50"
"2020-05-20","Lemba","Kalamu II","3h","Study_Zone_Resident","Outside_Worker","Eglise Francophone Ecole de Tyrannus","All_modes","25"
"2020-05-20","Lemba","Kalamu II","3h","Study_Zone_Resident","Outside_Worker","Paroisse Saint Benoît","All_modes","25"
"2020-05-20","Lemba","Kalamu II","3h","Study_Zone_Resident","Outside_Worker","ZoneGlobale","All_modes","42"
"2020-05-20","Lemba","Kalamu II","3h","Study_Zone_Resident","Destination_Zone_Worker","Croissement Kianza et Université","All_modes","67"
"2020-05-20","Lemba","Kalamu II","3h","Study_Zone_Resident","Destination_Zone_Worker","Saint Augustin de Lemba","All_modes","25"
"2020-05-20","Lemba","Kalamu II","3h","Study_Zone_Resident","Destination_Zone_Worker","ZoneGlobale","All_modes","137"
"2020-05-20","Lemba","Kalamu II","3h","Study_Zone_Resident","Destination_Zone_Worker","eglise protestante de lemba","All_modes","25"
"2020-05-20","Lemba","Kalamu II","3h","Study_Zone_Resident","Study_Zone_Worker","Baruti Tabernacle","All_modes","51"
"2020-05-20","Lemba","Kalamu II","3h","Study_Zone_Resident","Study_Zone_Worker","Centre Evangélique la Résurrection","All_modes","26"
"2020-05-20","Lemba","Kalamu II","3h","Study_Zone_Resident","Study_Zone_Worker","Croissement Kianza et Université","All_modes","118"
"2020-05-20","Lemba","Kalamu II","3h","Study_Zone_Resident","Study_Zone_Worker","Eglise Francophone Ecole de Tyrannus","All_modes","67"
"2020-05-20","Lemba","Kalamu II","3h","Study_Zone_Resident","Study_Zone_Worker","Eglise Mission Evangelique Réconciliation Spirituel International MERSI","All_modes","43"
"2020-05-20","Lemba","Kalamu II","3h","Study_Zone_Resident","Study_Zone_Worker","Eglise les Semeurs","All_modes","43"
"2020-05-20","Lemba","Kalamu II","3h","Study_Zone_Resident","Study_Zone_Worker","MED CITE DES PRIERES","All_modes","50"
"2020-05-20","Lemba","Kalamu II","3h","Study_Zone_Resident","Study_Zone_Worker","Marché de super lemba","All_modes","34"
"2020-05-20","Lemba","Kalamu II","3h","Study_Zone_Resident","Study_Zone_Worker","Paroisse Saint Benoît","All_modes","42"
"2020-05-20","Lemba","Kalamu II","3h","Study_Zone_Resident","Study_Zone_Worker","Place Commercial de limete (7 rue)","All_modes","25"
"2020-05-20","Lemba","Kalamu II","3h","Study_Zone_Resident","Study_Zone_Worker","Religieuses de l'Assomption","All_modes","60"
"2020-05-20","Lemba","Kalamu II","3h","Study_Zone_Resident","Study_Zone_Worker","Rond Point Ngaba","All_modes","50"
"2020-05-20","Lemba","Kalamu II","3h","Study_Zone_Resident","Study_Zone_Worker","Rond point super lemba","All_modes","43"
"2020-05-20","Lemba","Kalamu II","3h","Study_Zone_Resident","Study_Zone_Worker","Saint Augustin de Lemba","All_modes","60"
"2020-05-20","Lemba","Kalamu II","3h","Study_Zone_Resident","Study_Zone_Worker","St.Christine","All_modes","50"
"2020-05-20","Lemba","Kalamu II","3h","Study_Zone_Resident","Study_Zone_Worker","ZoneGlobale","All_modes","300"
"2020-05-20","Lemba","Kalamu II","3h","Study_Zone_Resident","Study_Zone_Worker","eglise protestante de lemba","All_modes","43"
"2020-05-20","Lemba","Kalamu II","3h","Study_Zone_Resident","Origin_Zone_Worker","ZoneGlobale","All_modes","43"
"2020-05-20","Lemba","Kalamu II","3h","Origin_Zone_Resident","Outside_Worker","Eglise Francophone Ecole de Tyrannus","All_modes","36"
"2020-05-20","Lemba","Kalamu II","3h","Origin_Zone_Resident","Outside_Worker","Eglise les Semeurs","All_modes","36"
"2020-05-20","Lemba","Kalamu II","3h","Origin_Zone_Resident","Outside_Worker","Paroisse Saint Benoît","All_modes","25"
"2020-05-20","Lemba","Kalamu II","3h","Origin_Zone_Resident","Outside_Worker","Religieuses de l'Assomption","All_modes","34"
"2020-05-20","Lemba","Kalamu II","3h","Origin_Zone_Resident","Outside_Worker","Saint Augustin de Lemba","All_modes","25"
"2020-05-20","Lemba","Kalamu II","3h","Origin_Zone_Resident","Outside_Worker","ZoneGlobale","All_modes","88"
"2020-05-20","Lemba","Kalamu II","3h","Origin_Zone_Resident","Destination_Zone_Worker","Baruti Tabernacle","All_modes","25"
"2020-05-20","Lemba","Kalamu II","3h","Origin_Zone_Resident","Destination_Zone_Worker","Croissement Kianza et Université","All_modes","95"
"2020-05-20","Lemba","Kalamu II","3h","Origin_Zone_Resident","Destination_Zone_Worker","Eglise Francophone Ecole de Tyrannus","All_modes","33"
"2020-05-20","Lemba","Kalamu II","3h","Origin_Zone_Resident","Destination_Zone_Worker","Eglise les Semeurs","All_modes","42"
"2020-05-20","Lemba","Kalamu II","3h","Origin_Zone_Resident","Destination_Zone_Worker","Lemba Terminus","All_modes","50"
"2020-05-20","Lemba","Kalamu II","3h","Origin_Zone_Resident","Destination_Zone_Worker","Marché de super lemba","All_modes","34"
"2020-05-20","Lemba","Kalamu II","3h","Origin_Zone_Resident","Destination_Zone_Worker","Paroisse Saint Benoît","All_modes","42"
"2020-05-20","Lemba","Kalamu II","3h","Origin_Zone_Resident","Destination_Zone_Worker","Rond point super lemba","All_modes","34"
"2020-05-20","Lemba","Kalamu II","3h","Origin_Zone_Resident","Destination_Zone_Worker","Saint Augustin de Lemba","All_modes","51"
"2020-05-20","Lemba","Kalamu II","3h","Origin_Zone_Resident","Destination_Zone_Worker","ZoneGlobale","All_modes","264"
"2020-05-20","Lemba","Kalamu II","3h","Origin_Zone_Resident","Destination_Zone_Worker","eglise protestante de lemba","All_modes","34"
"2020-05-20","Lemba","Kalamu II","3h","Origin_Zone_Resident","Study_Zone_Worker","Centre Evangélique la Résurrection","All_modes","27"
"2020-05-20","Lemba","Kalamu II","3h","Origin_Zone_Resident","Study_Zone_Worker","Croissement Kianza et Université","All_modes","44"
"2020-05-20","Lemba","Kalamu II","3h","Origin_Zone_Resident","Study_Zone_Worker","Eglise Francophone Ecole de Tyrannus","All_modes","25"
"2020-05-20","Lemba","Kalamu II","3h","Origin_Zone_Resident","Study_Zone_Worker","Eglise les Semeurs","All_modes","27"
"2020-05-20","Lemba","Kalamu II","3h","Origin_Zone_Resident","Study_Zone_Worker","Lemba Terminus","All_modes","88"
"2020-05-20","Lemba","Kalamu II","3h","Origin_Zone_Resident","Study_Zone_Worker","Paroisse Saint Benoît","All_modes","27"
"2020-05-20","Lemba","Kalamu II","3h","Origin_Zone_Resident","Study_Zone_Worker","Rond point super lemba","All_modes","27"
"2020-05-20","Lemba","Kalamu II","3h","Origin_Zone_Resident","Study_Zone_Worker","Saint Augustin de Lemba","All_modes","27"
"2020-05-20","Lemba","Kalamu II","3h","Origin_Zone_Resident","Study_Zone_Worker","ZoneGlobale","All_modes","166"
"2020-05-20","Lemba","Kalamu II","3h","Origin_Zone_Resident","Origin_Zone_Worker","Baruti Tabernacle","All_modes","145"
"2020-05-20","Lemba","Kalamu II","3h","Origin_Zone_Resident","Origin_Zone_Worker","CREFM Eglise La Compassion","All_modes","25"
"2020-05-20","Lemba","Kalamu II","3h","Origin_Zone_Resident","Origin_Zone_Worker","Centre Evangélique LA TRINITE","All_modes","50"
"2020-05-20","Lemba","Kalamu II","3h","Origin_Zone_Resident","Origin_Zone_Worker","Centre Evangélique la Résurrection","All_modes","86"
"2020-05-20","Lemba","Kalamu II","3h","Origin_Zone_Resident","Origin_Zone_Worker","Centre Missionnaire Evangélique au Congo","All_modes","101"
"2020-05-20","Lemba","Kalamu II","3h","Origin_Zone_Resident","Origin_Zone_Worker","Clinique Universitaire Kinshasa","All_modes","25"
"2020-05-20","Lemba","Kalamu II","3h","Origin_Zone_Resident","Origin_Zone_Worker","Croissement Kianza et Université","All_modes","294"
"2020-05-20","Lemba","Kalamu II","3h","Origin_Zone_Resident","Origin_Zone_Worker","Eglise Francophone Ecole de Tyrannus","All_modes","162"
"2020-05-20","Lemba","Kalamu II","3h","Origin_Zone_Resident","Origin_Zone_Worker","Eglise Kimbanguiste","All_modes","130"
"2020-05-20","Lemba","Kalamu II","3h","Origin_Zone_Resident","Origin_Zone_Worker","Eglise La Semence Seeds Church","All_modes","42"
"2020-05-20","Lemba","Kalamu II","3h","Origin_Zone_Resident","Origin_Zone_Worker","Eglise Mission Evangelique Réconciliation Spirituel International MERSI","All_modes","129"
"2020-05-20","Lemba","Kalamu II","3h","Origin_Zone_Resident","Origin_Zone_Worker","Eglise de Jesus-Christ des saints des derniers jours","All_modes","34"
"2020-05-20","Lemba","Kalamu II","3h","Origin_Zone_Resident","Origin_Zone_Worker","Eglise les Semeurs","All_modes","240"
"2020-05-20","Lemba","Kalamu II","3h","Origin_Zone_Resident","Origin_Zone_Worker","Intendance (UNIKIN)","All_modes","24"
"2020-05-20","Lemba","Kalamu II","3h","Origin_Zone_Resident","Origin_Zone_Worker","Lemba Terminus","All_modes","398"
"2020-05-20","Lemba","Kalamu II","3h","Origin_Zone_Resident","Origin_Zone_Worker","MED CITE DES PRIERES","All_modes","51"
"2020-05-20","Lemba","Kalamu II","3h","Origin_Zone_Resident","Origin_Zone_Worker","Marché de Mbanza Lemba","All_modes","33"
"2020-05-20","Lemba","Kalamu II","3h","Origin_Zone_Resident","Origin_Zone_Worker","Marché de super lemba","All_modes","85"
"2020-05-20","Lemba","Kalamu II","3h","Origin_Zone_Resident","Origin_Zone_Worker","Paroisse Notre-Dame d'Afrique","All_modes","42"
"2020-05-20","Lemba","Kalamu II","3h","Origin_Zone_Resident","Origin_Zone_Worker","Paroisse Saint Benoît","All_modes","196"
"2020-05-20","Lemba","Kalamu II","3h","Origin_Zone_Resident","Origin_Zone_Worker","Place Commercial de limete (7 rue)","All_modes","34"
"2020-05-20","Lemba","Kalamu II","3h","Origin_Zone_Resident","Origin_Zone_Worker","Pont Matete","All_modes","33"
"2020-05-20","Lemba","Kalamu II","3h","Origin_Zone_Resident","Origin_Zone_Worker","Reine des Apôtres","All_modes","85"
"2020-05-20","Lemba","Kalamu II","3h","Origin_Zone_Resident","Origin_Zone_Worker","Religieuses de l'Assomption","All_modes","144"
"2020-05-20","Lemba","Kalamu II","3h","Origin_Zone_Resident","Origin_Zone_Worker","Rond Point Ngaba","All_modes","51"
"2020-05-20","Lemba","Kalamu II","3h","Origin_Zone_Resident","Origin_Zone_Worker","Rond point super lemba","All_modes","181"
"2020-05-20","Lemba","Kalamu II","3h","Origin_Zone_Resident","Origin_Zone_Worker","Saint Augustin de Lemba","All_modes","238"
"2020-05-20","Lemba","Kalamu II","3h","Origin_Zone_Resident","Origin_Zone_Worker","St Joseph de Kinshasa","All_modes","25"
"2020-05-20","Lemba","Kalamu II","3h","Origin_Zone_Resident","Origin_Zone_Worker","St.Christine","All_modes","42"
"2020-05-20","Lemba","Kalamu II","3h","Origin_Zone_Resident","Origin_Zone_Worker","ZoneGlobale","All_modes","1119"
"2020-05-20","Lemba","Kalamu II","3h","Origin_Zone_Resident","Origin_Zone_Worker","eglise protestante de lemba","All_modes","136"
"2020-05-20","Lemba","Kasa-Vubu","1h","Outside_Resident","Outside_Worker","Centre Evangélique la Résurrection","All_modes","71"
"2020-05-20","Lemba","Kasa-Vubu","1h","Outside_Resident","Outside_Worker","Croissement Kianza et Université","All_modes","51"
"2020-05-20","Lemba","Kasa-Vubu","1h","Outside_Resident","Outside_Worker","Eglise La Semence Seeds Church","All_modes","71"
"2020-05-20","Lemba","Kasa-Vubu","1h","Outside_Resident","Outside_Worker","Eglise Mission Evangelique Réconciliation Spirituel International MERSI","All_modes","80"
"2020-05-20","Lemba","Kasa-Vubu","1h","Outside_Resident","Outside_Worker","Eglise de Jesus-Christ des saints des derniers jours","All_modes","71"
"2020-05-20","Lemba","Kasa-Vubu","1h","Outside_Resident","Outside_Worker","MED CITE DES PRIERES","All_modes","43"
"2020-05-20","Lemba","Kasa-Vubu","1h","Outside_Resident","Outside_Worker","Paroisse Notre-Dame d'Afrique","All_modes","71"
"2020-05-20","Lemba","Kasa-Vubu","1h","Outside_Resident","Outside_Worker","Rond Point Ngaba","All_modes","52"
"2020-05-20","Lemba","Kasa-Vubu","1h","Outside_Resident","Outside_Worker","St.Christine","All_modes","43"
"2020-05-20","Lemba","Kasa-Vubu","1h","Outside_Resident","Outside_Worker","ZoneGlobale","All_modes","200"
"2020-05-20","Lemba","Kasa-Vubu","1h","Outside_Resident","Origin_Zone_Worker","ZoneGlobale","All_modes","34"
"2020-05-20","Lemba","Kasa-Vubu","1h","Destination_Zone_Resident","Destination_Zone_Worker","Cinquantenaire","All_modes","33"
"2020-05-20","Lemba","Kasa-Vubu","1h","Destination_Zone_Resident","Destination_Zone_Worker","Eglise les Semeurs","All_modes","26"
"2020-05-20","Lemba","Kasa-Vubu","1h","Destination_Zone_Resident","Destination_Zone_Worker","Ministere combat spirituel","All_modes","27"
"2020-05-20","Lemba","Kasa-Vubu","1h","Destination_Zone_Resident","Destination_Zone_Worker","ZoneGlobale","All_modes","118"
"2020-05-20","Lemba","Kasa-Vubu","1h","Study_Zone_Resident","Outside_Worker","ZoneGlobale","All_modes","25"
"2020-05-20","Lemba","Kasa-Vubu","1h","Study_Zone_Resident","Destination_Zone_Worker","Centre Evangélique la Résurrection","All_modes","25"
"2020-05-20","Lemba","Kasa-Vubu","1h","Study_Zone_Resident","Destination_Zone_Worker","Eglise Mission Evangelique Réconciliation Spirituel International MERSI","All_modes","24"
"2020-05-20","Lemba","Kasa-Vubu","1h","Study_Zone_Resident","Destination_Zone_Worker","Eglise les Semeurs","All_modes","25"
"2020-05-20","Lemba","Kasa-Vubu","1h","Study_Zone_Resident","Destination_Zone_Worker","Rond point super lemba","All_modes","25"
"2020-05-20","Lemba","Kasa-Vubu","1h","Study_Zone_Resident","Destination_Zone_Worker","Saint Augustin de Lemba","All_modes","24"
"2020-05-20","Lemba","Kasa-Vubu","1h","Study_Zone_Resident","Destination_Zone_Worker","ZoneGlobale","All_modes","120"
"2020-05-20","Lemba","Kasa-Vubu","1h","Study_Zone_Resident","Study_Zone_Worker","Arret moulard","All_modes","35"
"2020-05-20","Lemba","Kasa-Vubu","1h","Study_Zone_Resident","Study_Zone_Worker","Baruti Tabernacle","All_modes","60"
"2020-05-20","Lemba","Kasa-Vubu","1h","Study_Zone_Resident","Study_Zone_Worker","CREFM Eglise La Compassion","All_modes","33"
"2020-05-20","Lemba","Kasa-Vubu","1h","Study_Zone_Resident","Study_Zone_Worker","Centre Evangélique la Résurrection","All_modes","50"
"2020-05-20","Lemba","Kasa-Vubu","1h","Study_Zone_Resident","Study_Zone_Worker","Cinquantenaire","All_modes","60"
"2020-05-20","Lemba","Kasa-Vubu","1h","Study_Zone_Resident","Study_Zone_Worker","Clinique Universitaire Kinshasa","All_modes","34"
"2020-05-20","Lemba","Kasa-Vubu","1h","Study_Zone_Resident","Study_Zone_Worker","Croissement Kianza et Université","All_modes","102"
"2020-05-20","Lemba","Kasa-Vubu","1h","Study_Zone_Resident","Study_Zone_Worker","Eglise Francophone Ecole de Tyrannus","All_modes","67"
"2020-05-20","Lemba","Kasa-Vubu","1h","Study_Zone_Resident","Study_Zone_Worker","Eglise La Semence Seeds Church","All_modes","25"
"2020-05-20","Lemba","Kasa-Vubu","1h","Study_Zone_Resident","Study_Zone_Worker","Eglise Mission Evangelique Réconciliation Spirituel International MERSI","All_modes","50"
"2020-05-20","Lemba","Kasa-Vubu","1h","Study_Zone_Resident","Study_Zone_Worker","Eglise les Semeurs","All_modes","67"
"2020-05-20","Lemba","Kasa-Vubu","1h","Study_Zone_Resident","Study_Zone_Worker","Lemba Terminus","All_modes","102"
"2020-05-20","Lemba","Kasa-Vubu","1h","Study_Zone_Resident","Study_Zone_Worker","MED CITE DES PRIERES","All_modes","25"
"2020-05-20","Lemba","Kasa-Vubu","1h","Study_Zone_Resident","Study_Zone_Worker","Marché Moulaert ou Marché Lumumba","All_modes","25"
"2020-05-20","Lemba","Kasa-Vubu","1h","Study_Zone_Resident","Study_Zone_Worker","Marché de super lemba","All_modes","58"
"2020-05-20","Lemba","Kasa-Vubu","1h","Study_Zone_Resident","Study_Zone_Worker","Ministere combat spirituel","All_modes","42"
"2020-05-20","Lemba","Kasa-Vubu","1h","Study_Zone_Resident","Study_Zone_Worker","Paroisse Notre-Dame d'Afrique","All_modes","25"
"2020-05-20","Lemba","Kasa-Vubu","1h","Study_Zone_Resident","Study_Zone_Worker","Paroisse Saint Benoît","All_modes","67"
"2020-05-20","Lemba","Kasa-Vubu","1h","Study_Zone_Resident","Study_Zone_Worker","Place Commercial de limete (7 rue)","All_modes","25"
"2020-05-20","Lemba","Kasa-Vubu","1h","Study_Zone_Resident","Study_Zone_Worker","Pont Matete","All_modes","25"
"2020-05-20","Lemba","Kasa-Vubu","1h","Study_Zone_Resident","Study_Zone_Worker","Reine des Apôtres","All_modes","25"
"2020-05-20","Lemba","Kasa-Vubu","1h","Study_Zone_Resident","Study_Zone_Worker","Religieuses de l'Assomption","All_modes","67"
"2020-05-20","Lemba","Kasa-Vubu","1h","Study_Zone_Resident","Study_Zone_Worker","Rond Point Ngaba","All_modes","25"
"2020-05-20","Lemba","Kasa-Vubu","1h","Study_Zone_Resident","Study_Zone_Worker","Rond point super lemba","All_modes","67"
"2020-05-20","Lemba","Kasa-Vubu","1h","Study_Zone_Resident","Study_Zone_Worker","Saint Augustin de Lemba","All_modes","93"
"2020-05-20","Lemba","Kasa-Vubu","1h","Study_Zone_Resident","Study_Zone_Worker","St Joseph de Kinshasa","All_modes","35"
"2020-05-20","Lemba","Kasa-Vubu","1h","Study_Zone_Resident","Study_Zone_Worker","St.Christine","All_modes","25"
"2020-05-20","Lemba","Kasa-Vubu","1h","Study_Zone_Resident","Study_Zone_Worker","Stade des Martyrs","All_modes","33"
"2020-05-20","Lemba","Kasa-Vubu","1h","Study_Zone_Resident","Study_Zone_Worker","ZoneGlobale","All_modes","314"
"2020-05-20","Lemba","Kasa-Vubu","1h","Study_Zone_Resident","Study_Zone_Worker","eglise protestante de lemba","All_modes","67"
"2020-05-20","Lemba","Kasa-Vubu","1h","Origin_Zone_Resident","Outside_Worker","Croissement Kianza et Université","All_modes","34"
"2020-05-20","Lemba","Kasa-Vubu","1h","Origin_Zone_Resident","Outside_Worker","MED CITE DES PRIERES","All_modes","25"
"2020-05-20","Lemba","Kasa-Vubu","1h","Origin_Zone_Resident","Outside_Worker","Rond Point Ngaba","All_modes","25"
"2020-05-20","Lemba","Kasa-Vubu","1h","Origin_Zone_Resident","Outside_Worker","St.Christine","All_modes","25"
"2020-05-20","Lemba","Kasa-Vubu","1h","Origin_Zone_Resident","Outside_Worker","ZoneGlobale","All_modes","75"
"2020-05-20","Lemba","Kasa-Vubu","1h","Origin_Zone_Resident","Destination_Zone_Worker","Croissement Kianza et Université","All_modes","34"
"2020-05-20","Lemba","Kasa-Vubu","1h","Origin_Zone_Resident","Destination_Zone_Worker","Eglise les Semeurs","All_modes","26"
"2020-05-20","Lemba","Kasa-Vubu","1h","Origin_Zone_Resident","Destination_Zone_Worker","Paroisse Saint Benoît","All_modes","26"
"2020-05-20","Lemba","Kasa-Vubu","1h","Origin_Zone_Resident","Destination_Zone_Worker","ZoneGlobale","All_modes","188"
"2020-05-20","Lemba","Kasa-Vubu","1h","Origin_Zone_Resident","Study_Zone_Worker","ZoneGlobale","All_modes","76"
"2020-05-20","Lemba","Kasa-Vubu","1h","Origin_Zone_Resident","Origin_Zone_Worker","Arret moulard","All_modes","50"
"2020-05-20","Lemba","Kasa-Vubu","1h","Origin_Zone_Resident","Origin_Zone_Worker","Baruti Tabernacle","All_modes","138"
"2020-05-20","Lemba","Kasa-Vubu","1h","Origin_Zone_Resident","Origin_Zone_Worker","CREFM Eglise La Compassion","All_modes","76"
"2020-05-20","Lemba","Kasa-Vubu","1h","Origin_Zone_Resident","Origin_Zone_Worker","Centre Evangélique LA TRINITE","All_modes","35"
"2020-05-20","Lemba","Kasa-Vubu","1h","Origin_Zone_Resident","Origin_Zone_Worker","Centre Evangélique la Résurrection","All_modes","146"
"2020-05-20","Lemba","Kasa-Vubu","1h","Origin_Zone_Resident","Origin_Zone_Worker","Centre Missionnaire Evangélique au Congo","All_modes","59"
"2020-05-20","Lemba","Kasa-Vubu","1h","Origin_Zone_Resident","Origin_Zone_Worker","Cinquantenaire","All_modes","93"
"2020-05-20","Lemba","Kasa-Vubu","1h","Origin_Zone_Resident","Origin_Zone_Worker","Clinique Universitaire Kinshasa","All_modes","25"
"2020-05-20","Lemba","Kasa-Vubu","1h","Origin_Zone_Resident","Origin_Zone_Worker","Croissement Kianza et Université","All_modes","119"
"2020-05-20","Lemba","Kasa-Vubu","1h","Origin_Zone_Resident","Origin_Zone_Worker","Eglise FEPACO Nzambe Malamu","All_modes","24"
"2020-05-20","Lemba","Kasa-Vubu","1h","Origin_Zone_Resident","Origin_Zone_Worker","Eglise Francophone Ecole de Tyrannus","All_modes","162"
"2020-05-20","Lemba","Kasa-Vubu","1h","Origin_Zone_Resident","Origin_Zone_Worker","Eglise Kimbanguiste","All_modes","105"
"2020-05-20","Lemba","Kasa-Vubu","1h","Origin_Zone_Resident","Origin_Zone_Worker","Eglise La Semence Seeds Church","All_modes","87"
"2020-05-20","Lemba","Kasa-Vubu","1h","Origin_Zone_Resident","Origin_Zone_Worker","Eglise Mission Evangelique Réconciliation Spirituel International MERSI","All_modes","113"
"2020-05-20","Lemba","Kasa-Vubu","1h","Origin_Zone_Resident","Origin_Zone_Worker","Eglise les Semeurs","All_modes","188"
"2020-05-20","Lemba","Kasa-Vubu","1h","Origin_Zone_Resident","Origin_Zone_Worker","Hj Hospitals","All_modes","34"
"2020-05-20","Lemba","Kasa-Vubu","1h","Origin_Zone_Resident","Origin_Zone_Worker","Inga","All_modes","25"
"2020-05-20","Lemba","Kasa-Vubu","1h","Origin_Zone_Resident","Origin_Zone_Worker","Lemba Terminus","All_modes","324"
"2020-05-20","Lemba","Kasa-Vubu","1h","Origin_Zone_Resident","Origin_Zone_Worker","MED CITE DES PRIERES","All_modes","25"
"2020-05-20","Lemba","Kasa-Vubu","1h","Origin_Zone_Resident","Origin_Zone_Worker","Marché Moulaert ou Marché Lumumba","All_modes","34"
"2020-05-20","Lemba","Kasa-Vubu","1h","Origin_Zone_Resident","Origin_Zone_Worker","Marché de super lemba","All_modes","103"
"2020-05-20","Lemba","Kasa-Vubu","1h","Origin_Zone_Resident","Origin_Zone_Worker","Ministere combat spirituel","All_modes","42"
"2020-05-20","Lemba","Kasa-Vubu","1h","Origin_Zone_Resident","Origin_Zone_Worker","Paroisse Notre-Dame d'Afrique","All_modes","87"
"2020-05-20","Lemba","Kasa-Vubu","1h","Origin_Zone_Resident","Origin_Zone_Worker","Paroisse Saint Benoît","All_modes","188"
"2020-05-20","Lemba","Kasa-Vubu","1h","Origin_Zone_Resident","Origin_Zone_Worker","Place Commercial de limete (7 rue)","All_modes","43"
"2020-05-20","Lemba","Kasa-Vubu","1h","Origin_Zone_Resident","Origin_Zone_Worker","Pont Matete","All_modes","51"
"2020-05-20","Lemba","Kasa-Vubu","1h","Origin_Zone_Resident","Origin_Zone_Worker","Reine des Apôtres","All_modes","34"
"2020-05-20","Lemba","Kasa-Vubu","1h","Origin_Zone_Resident","Origin_Zone_Worker","Religieuses de l'Assomption","All_modes","112"
"2020-05-20","Lemba","Kasa-Vubu","1h","Origin_Zone_Resident","Origin_Zone_Worker","Rond Point Ngaba","All_modes","34"
"2020-05-20","Lemba","Kasa-Vubu","1h","Origin_Zone_Resident","Origin_Zone_Worker","Rond point super lemba","All_modes","138"
"2020-05-20","Lemba","Kasa-Vubu","1h","Origin_Zone_Resident","Origin_Zone_Worker","Saint Augustin de Lemba","All_modes","223"
"2020-05-20","Lemba","Kasa-Vubu","1h","Origin_Zone_Resident","Origin_Zone_Worker","St Joseph de Kinshasa","All_modes","34"
"2020-05-20","Lemba","Kasa-Vubu","1h","Origin_Zone_Resident","Origin_Zone_Worker","St.Christine","All_modes","25"
"2020-05-20","Lemba","Kasa-Vubu","1h","Origin_Zone_Resident","Origin_Zone_Worker","Stade des Martyrs","All_modes","33"
"2020-05-20","Lemba","Kasa-Vubu","1h","Origin_Zone_Resident","Origin_Zone_Worker","ZoneGlobale","All_modes","732"
"2020-05-20","Lemba","Kasa-Vubu","1h","Origin_Zone_Resident","Origin_Zone_Worker","eglise protestante de lemba","All_modes","121"
"2020-05-20","Lemba","Kasa-Vubu","3h","Outside_Resident","Outside_Worker","Baruti Tabernacle","All_modes","34"
"2020-05-20","Lemba","Kasa-Vubu","3h","Outside_Resident","Outside_Worker","Centre Evangélique la Résurrection","All_modes","89"
"2020-05-20","Lemba","Kasa-Vubu","3h","Outside_Resident","Outside_Worker","Croissement Kianza et Université","All_modes","25"
"2020-05-20","Lemba","Kasa-Vubu","3h","Outside_Resident","Outside_Worker","Eglise Francophone Ecole de Tyrannus","All_modes","35"
"2020-05-20","Lemba","Kasa-Vubu","3h","Outside_Resident","Outside_Worker","Eglise La Semence Seeds Church","All_modes","89"
"2020-05-20","Lemba","Kasa-Vubu","3h","Outside_Resident","Outside_Worker","Eglise de Jesus-Christ des saints des derniers jours","All_modes","71"
"2020-05-20","Lemba","Kasa-Vubu","3h","Outside_Resident","Outside_Worker","Eglise les Semeurs","All_modes","35"
"2020-05-20","Lemba","Kasa-Vubu","3h","Outside_Resident","Outside_Worker","MED CITE DES PRIERES","All_modes","25"
"2020-05-20","Lemba","Kasa-Vubu","3h","Outside_Resident","Outside_Worker","Paroisse Notre-Dame d'Afrique","All_modes","80"
"2020-05-20","Lemba","Kasa-Vubu","3h","Outside_Resident","Outside_Worker","Paroisse Saint Benoît","All_modes","43"
"2020-05-20","Lemba","Kasa-Vubu","3h","Outside_Resident","Outside_Worker","St.Christine","All_modes","25"
"2020-05-20","Lemba","Kasa-Vubu","3h","Outside_Resident","Outside_Worker","ZoneGlobale","All_modes","277"
"2020-05-20","Lemba","Kasa-Vubu","3h","Outside_Resident","Origin_Zone_Worker","ZoneGlobale","All_modes","59"
"2020-05-20","Lemba","Kasa-Vubu","3h","Destination_Zone_Resident","Destination_Zone_Worker","Clinique Universitaire Kinshasa","All_modes","24"
"2020-05-20","Lemba","Kasa-Vubu","3h","Destination_Zone_Resident","Destination_Zone_Worker","Marché de Mbanza Lemba","All_modes","32"
"2020-05-20","Lemba","Kasa-Vubu","3h","Destination_Zone_Resident","Destination_Zone_Worker","ZoneGlobale","All_modes","142"
"2020-05-20","Lemba","Kasa-Vubu","3h","Study_Zone_Resident","Destination_Zone_Worker","CREFM Eglise La Compassion","All_modes","26"
"2020-05-20","Lemba","Kasa-Vubu","3h","Study_Zone_Resident","Destination_Zone_Worker","Centre Evangélique la Résurrection","All_modes","34"
"2020-05-20","Lemba","Kasa-Vubu","3h","Study_Zone_Resident","Destination_Zone_Worker","Eglise Kimbanguiste","All_modes","52"
"2020-05-20","Lemba","Kasa-Vubu","3h","Study_Zone_Resident","Destination_Zone_Worker","Pont Matete","All_modes","26"
"2020-05-20","Lemba","Kasa-Vubu","3h","Study_Zone_Resident","Destination_Zone_Worker","Religieuses de l'Assomption","All_modes","26"
"2020-05-20","Lemba","Kasa-Vubu","3h","Study_Zone_Resident","Destination_Zone_Worker","Rond point super lemba","All_modes","52"
"2020-05-20","Lemba","Kasa-Vubu","3h","Study_Zone_Resident","Destination_Zone_Worker","Saint Augustin de Lemba","All_modes","34"
"2020-05-20","Lemba","Kasa-Vubu","3h","Study_Zone_Resident","Destination_Zone_Worker","ZoneGlobale","All_modes","129"
"2020-05-20","Lemba","Kasa-Vubu","3h","Study_Zone_Resident","Destination_Zone_Worker","eglise protestante de lemba","All_modes","26"
"2020-05-20","Lemba","Kasa-Vubu","3h","Study_Zone_Resident","Study_Zone_Worker","Centre Evangélique la Résurrection","All_modes","34"
"2020-05-20","Lemba","Kasa-Vubu","3h","Study_Zone_Resident","Study_Zone_Worker","Croissement Kianza et Université","All_modes","25"
"2020-05-20","Lemba","Kasa-Vubu","3h","Study_Zone_Resident","Study_Zone_Worker","Eglise Francophone Ecole de Tyrannus","All_modes","26"
"2020-05-20","Lemba","Kasa-Vubu","3h","Study_Zone_Resident","Study_Zone_Worker","Eglise Mission Evangelique Réconciliation Spirituel International MERSI","All_modes","26"
"2020-05-20","Lemba","Kasa-Vubu","3h","Study_Zone_Resident","Study_Zone_Worker","Eglise les Semeurs","All_modes","34"
"2020-05-20","Lemba","Kasa-Vubu","3h","Study_Zone_Resident","Study_Zone_Worker","Paroisse Saint Benoît","All_modes","26"
"2020-05-20","Lemba","Kasa-Vubu","3h","Study_Zone_Resident","Study_Zone_Worker","Religieuses de l'Assomption","All_modes","26"
"2020-05-20","Lemba","Kasa-Vubu","3h","Study_Zone_Resident","Study_Zone_Worker","Rond point super lemba","All_modes","34"
"2020-05-20","Lemba","Kasa-Vubu","3h","Study_Zone_Resident","Study_Zone_Worker","Saint Augustin de Lemba","All_modes","43"
"2020-05-20","Lemba","Kasa-Vubu","3h","Study_Zone_Resident","Study_Zone_Worker","ZoneGlobale","All_modes","183"
"2020-05-20","Lemba","Kasa-Vubu","3h","Study_Zone_Resident","Study_Zone_Worker","eglise protestante de lemba","All_modes","35"
"2020-05-20","Lemba","Kasa-Vubu","3h","Study_Zone_Resident","Origin_Zone_Worker","ZoneGlobale","All_modes","42"
"2020-05-20","Lemba","Kasa-Vubu","3h","Origin_Zone_Resident","Outside_Worker","Croissement Kianza et Université","All_modes","51"
"2020-05-20","Lemba","Kasa-Vubu","3h","Origin_Zone_Resident","Outside_Worker","MED CITE DES PRIERES","All_modes","25"
"2020-05-20","Lemba","Kasa-Vubu","3h","Origin_Zone_Resident","Outside_Worker","Rond Point Ngaba","All_modes","25"
"2020-05-20","Lemba","Kasa-Vubu","3h","Origin_Zone_Resident","Outside_Worker","St.Christine","All_modes","25"
"2020-05-20","Lemba","Kasa-Vubu","3h","Origin_Zone_Resident","Outside_Worker","ZoneGlobale","All_modes","85"
"2020-05-20","Lemba","Kasa-Vubu","3h","Origin_Zone_Resident","Destination_Zone_Worker","Baruti Tabernacle","All_modes","34"
"2020-05-20","Lemba","Kasa-Vubu","3h","Origin_Zone_Resident","Destination_Zone_Worker","Centre Evangélique LA TRINITE","All_modes","25"
"2020-05-20","Lemba","Kasa-Vubu","3h","Origin_Zone_Resident","Destination_Zone_Worker","Centre Missionnaire Evangélique au Congo","All_modes","25"
"2020-05-20","Lemba","Kasa-Vubu","3h","Origin_Zone_Resident","Destination_Zone_Worker","Croissement Kianza et Université","All_modes","77"
"2020-05-20","Lemba","Kasa-Vubu","3h","Origin_Zone_Resident","Destination_Zone_Worker","Eglise Francophone Ecole de Tyrannus","All_modes","60"
"2020-05-20","Lemba","Kasa-Vubu","3h","Origin_Zone_Resident","Destination_Zone_Worker","Eglise Kimbanguiste","All_modes","33"
"2020-05-20","Lemba","Kasa-Vubu","3h","Origin_Zone_Resident","Destination_Zone_Worker","Eglise Mission Evangelique Réconciliation Spirituel International MERSI","All_modes","42"
"2020-05-20","Lemba","Kasa-Vubu","3h","Origin_Zone_Resident","Destination_Zone_Worker","Eglise les Semeurs","All_modes","60"
"2020-05-20","Lemba","Kasa-Vubu","3h","Origin_Zone_Resident","Destination_Zone_Worker","FIKIN","All_modes","25"
"2020-05-20","Lemba","Kasa-Vubu","3h","Origin_Zone_Resident","Destination_Zone_Worker","Lemba Terminus","All_modes","86"
"2020-05-20","Lemba","Kasa-Vubu","3h","Origin_Zone_Resident","Destination_Zone_Worker","Marché de super lemba","All_modes","25"
"2020-05-20","Lemba","Kasa-Vubu","3h","Origin_Zone_Resident","Destination_Zone_Worker","Paroisse Saint Benoît","All_modes","60"
"2020-05-20","Lemba","Kasa-Vubu","3h","Origin_Zone_Resident","Destination_Zone_Worker","Religieuses de l'Assomption","All_modes","51"
"2020-05-20","Lemba","Kasa-Vubu","3h","Origin_Zone_Resident","Destination_Zone_Worker","Rond point super lemba","All_modes","42"
"2020-05-20","Lemba","Kasa-Vubu","3h","Origin_Zone_Resident","Destination_Zone_Worker","Saint Augustin de Lemba","All_modes","43"
"2020-05-20","Lemba","Kasa-Vubu","3h","Origin_Zone_Resident","Destination_Zone_Worker","ZoneGlobale","All_modes","335"
"2020-05-20","Lemba","Kasa-Vubu","3h","Origin_Zone_Resident","Destination_Zone_Worker","eglise protestante de lemba","All_modes","34"
"2020-05-20","Lemba","Kasa-Vubu","3h","Origin_Zone_Resident","Study_Zone_Worker","Croissement Kianza et Université","All_modes","33"
"2020-05-20","Lemba","Kasa-Vubu","3h","Origin_Zone_Resident","Study_Zone_Worker","Eglise Mission Evangelique Réconciliation Spirituel International MERSI","All_modes","26"
"2020-05-20","Lemba","Kasa-Vubu","3h","Origin_Zone_Resident","Study_Zone_Worker","Marché de super lemba","All_modes","26"
"2020-05-20","Lemba","Kasa-Vubu","3h","Origin_Zone_Resident","Study_Zone_Worker","Religieuses de l'Assomption","All_modes","26"
"2020-05-20","Lemba","Kasa-Vubu","3h","Origin_Zone_Resident","Study_Zone_Worker","Rond point super lemba","All_modes","26"
"2020-05-20","Lemba","Kasa-Vubu","3h","Origin_Zone_Resident","Study_Zone_Worker","ZoneGlobale","All_modes","128"
"2020-05-20","Lemba","Kasa-Vubu","3h","Origin_Zone_Resident","Origin_Zone_Worker","Baruti Tabernacle","All_modes","111"
"2020-05-20","Lemba","Kasa-Vubu","3h","Origin_Zone_Resident","Origin_Zone_Worker","CREFM Eglise La Compassion","All_modes","43"
"2020-05-20","Lemba","Kasa-Vubu","3h","Origin_Zone_Resident","Origin_Zone_Worker","Centre Evangélique LA TRINITE","All_modes","25"
"2020-05-20","Lemba","Kasa-Vubu","3h","Origin_Zone_Resident","Origin_Zone_Worker","Centre Evangélique la Résurrection","All_modes","60"
"2020-05-20","Lemba","Kasa-Vubu","3h","Origin_Zone_Resident","Origin_Zone_Worker","Centre Missionnaire Evangélique au Congo","All_modes","43"
"2020-05-20","Lemba","Kasa-Vubu","3h","Origin_Zone_Resident","Origin_Zone_Worker","Croissement Kianza et Université","All_modes","156"
"2020-05-20","Lemba","Kasa-Vubu","3h","Origin_Zone_Resident","Origin_Zone_Worker","Eglise FEPACO Nzambe Malamu","All_modes","42"
"2020-05-20","Lemba","Kasa-Vubu","3h","Origin_Zone_Resident","Origin_Zone_Worker","Eglise Francophone Ecole de Tyrannus","All_modes","214"
"2020-05-20","Lemba","Kasa-Vubu","3h","Origin_Zone_Resident","Origin_Zone_Worker","Eglise Kimbanguiste","All_modes","104"
"2020-05-20","Lemba","Kasa-Vubu","3h","Origin_Zone_Resident","Origin_Zone_Worker","Eglise La Semence Seeds Church","All_modes","25"
"2020-05-20","Lemba","Kasa-Vubu","3h","Origin_Zone_Resident","Origin_Zone_Worker","Eglise Mission Evangelique Réconciliation Spirituel International MERSI","All_modes","66"
"2020-05-20","Lemba","Kasa-Vubu","3h","Origin_Zone_Resident","Origin_Zone_Worker","Eglise les Semeurs","All_modes","155"
"2020-05-20","Lemba","Kasa-Vubu","3h","Origin_Zone_Resident","Origin_Zone_Worker","Lemba Terminus","All_modes","340"
"2020-05-20","Lemba","Kasa-Vubu","3h","Origin_Zone_Resident","Origin_Zone_Worker","MED CITE DES PRIERES","All_modes","43"
"2020-05-20","Lemba","Kasa-Vubu","3h","Origin_Zone_Resident","Origin_Zone_Worker","Marché de super lemba","All_modes","67"
"2020-05-20","Lemba","Kasa-Vubu","3h","Origin_Zone_Resident","Origin_Zone_Worker","Paroisse Saint Benoît","All_modes","171"
"2020-05-20","Lemba","Kasa-Vubu","3h","Origin_Zone_Resident","Origin_Zone_Worker","Place Commercial de limete (7 rue)","All_modes","35"
"2020-05-20","Lemba","Kasa-Vubu","3h","Origin_Zone_Resident","Origin_Zone_Worker","Reine des Apôtres","All_modes","33"
"2020-05-20","Lemba","Kasa-Vubu","3h","Origin_Zone_Resident","Origin_Zone_Worker","Religieuses de l'Assomption","All_modes","85"
"2020-05-20","Lemba","Kasa-Vubu","3h","Origin_Zone_Resident","Origin_Zone_Worker","Rond Point Ngaba","All_modes","34"
"2020-05-20","Lemba","Kasa-Vubu","3h","Origin_Zone_Resident","Origin_Zone_Worker","Rond point super lemba","All_modes","84"
"2020-05-20","Lemba","Kasa-Vubu","3h","Origin_Zone_Resident","Origin_Zone_Worker","Saint Augustin de Lemba","All_modes","195"
"2020-05-20","Lemba","Kasa-Vubu","3h","Origin_Zone_Resident","Origin_Zone_Worker","St Joseph de Kinshasa","All_modes","26"
"2020-05-20","Lemba","Kasa-Vubu","3h","Origin_Zone_Resident","Origin_Zone_Worker","St.Christine","All_modes","43"
"2020-05-20","Lemba","Kasa-Vubu","3h","Origin_Zone_Resident","Origin_Zone_Worker","ZoneGlobale","All_modes","888"
"2020-05-20","Lemba","Kasa-Vubu","3h","Origin_Zone_Resident","Origin_Zone_Worker","eglise protestante de lemba","All_modes","75"
"2020-05-20","Lemba","Kikimi","1h","Outside_Resident","Outside_Worker","Baruti Tabernacle","All_modes","25"
"2020-05-20","Lemba","Kikimi","1h","Outside_Resident","Outside_Worker","ZoneGlobale","All_modes","77"
"2020-05-20","Lemba","Kikimi","1h","Destination_Zone_Resident","Destination_Zone_Worker","Eglise Francophone Ecole de Tyrannus","All_modes","25"
"2020-05-20","Lemba","Kikimi","1h","Destination_Zone_Resident","Destination_Zone_Worker","Eglise les Semeurs","All_modes","25"
"2020-05-20","Lemba","Kikimi","1h","Destination_Zone_Resident","Destination_Zone_Worker","Paroisse Saint Benoît","All_modes","25"
"2020-05-20","Lemba","Kikimi","1h","Destination_Zone_Resident","Destination_Zone_Worker","Religieuses de l'Assomption","All_modes","33"
"2020-05-20","Lemba","Kikimi","1h","Destination_Zone_Resident","Destination_Zone_Worker","ZoneGlobale","All_modes","206"
"2020-05-20","Lemba","Kikimi","1h","Destination_Zone_Resident","Origin_Zone_Worker","ZoneGlobale","All_modes","33"
"2020-05-20","Lemba","Kikimi","1h","Study_Zone_Resident","Study_Zone_Worker","Baruti Tabernacle","All_modes","25"
"2020-05-20","Lemba","Kikimi","1h","Study_Zone_Resident","Study_Zone_Worker","Clinique Universitaire Kinshasa","All_modes","34"
"2020-05-20","Lemba","Kikimi","1h","Study_Zone_Resident","Study_Zone_Worker","Croissement Kianza et Université","All_modes","26"
"2020-05-20","Lemba","Kikimi","1h","Study_Zone_Resident","Study_Zone_Worker","ZoneGlobale","All_modes","129"
"2020-05-20","Lemba","Kikimi","1h","Study_Zone_Resident","Origin_Zone_Worker","Marché de Mbanza Lemba","All_modes","35"
"2020-05-20","Lemba","Kikimi","1h","Study_Zone_Resident","Origin_Zone_Worker","ZoneGlobale","All_modes","35"
"2020-05-20","Lemba","Kikimi","1h","Origin_Zone_Resident","Destination_Zone_Worker","ZoneGlobale","All_modes","42"
"2020-05-20","Lemba","Kikimi","1h","Origin_Zone_Resident","Origin_Zone_Worker","Clinique Universitaire Kinshasa","All_modes","26"
"2020-05-20","Lemba","Kikimi","1h","Origin_Zone_Resident","Origin_Zone_Worker","Eglise FEPACO Nzambe Malamu","All_modes","26"
"2020-05-20","Lemba","Kikimi","1h","Origin_Zone_Resident","Origin_Zone_Worker","Eglise Francophone Ecole de Tyrannus","All_modes","34"
"2020-05-20","Lemba","Kikimi","1h","Origin_Zone_Resident","Origin_Zone_Worker","Eglise les Semeurs","All_modes","60"
"2020-05-20","Lemba","Kikimi","1h","Origin_Zone_Resident","Origin_Zone_Worker","Intendance (UNIKIN)","All_modes","43"
"2020-05-20","Lemba","Kikimi","1h","Origin_Zone_Resident","Origin_Zone_Worker","Lemba Terminus","All_modes","86"
"2020-05-20","Lemba","Kikimi","1h","Origin_Zone_Resident","Origin_Zone_Worker","Maché De Kadi","All_modes","26"
"2020-05-20","Lemba","Kikimi","1h","Origin_Zone_Resident","Origin_Zone_Worker","Marché Bumbu","All_modes","52"
"2020-05-20","Lemba","Kikimi","1h","Origin_Zone_Resident","Origin_Zone_Worker","Marché de Mbanza Lemba","All_modes","103"
"2020-05-20","Lemba","Kikimi","1h","Origin_Zone_Resident","Origin_Zone_Worker","Paroisse Saint Benoît","All_modes","34"
"2020-05-20","Lemba","Kikimi","1h","Origin_Zone_Resident","Origin_Zone_Worker","Rond point super lemba","All_modes","25"
"2020-05-20","Lemba","Kikimi","1h","Origin_Zone_Resident","Origin_Zone_Worker","Saint Augustin de Lemba","All_modes","34"
"2020-05-20","Lemba","Kikimi","1h","Origin_Zone_Resident","Origin_Zone_Worker","ZoneGlobale","All_modes","250"
"2020-05-20","Lemba","Kikimi","3h","Outside_Resident","Outside_Worker","Baruti Tabernacle","All_modes","25"
"2020-05-20","Lemba","Kikimi","3h","Outside_Resident","Outside_Worker","Clinique Universitaire Kinshasa","All_modes","25"
"2020-05-20","Lemba","Kikimi","3h","Outside_Resident","Outside_Worker","Croissement Kianza et Université","All_modes","25"
"2020-05-20","Lemba","Kikimi","3h","Outside_Resident","Outside_Worker","ZoneGlobale","All_modes","129"
"2020-05-20","Lemba","Kikimi","3h","Outside_Resident","Destination_Zone_Worker","ZoneGlobale","All_modes","25"
"2020-05-20","Lemba","Kikimi","3h","Outside_Resident","Study_Zone_Worker","ZoneGlobale","All_modes","68"
"2020-05-20","Lemba","Kikimi","3h","Outside_Resident","Origin_Zone_Worker","ZoneGlobale","All_modes","51"
"2020-05-20","Lemba","Kikimi","3h","Destination_Zone_Resident","Destination_Zone_Worker","Eglise Francophone Ecole de Tyrannus","All_modes","34"
"2020-05-20","Lemba","Kikimi","3h","Destination_Zone_Resident","Destination_Zone_Worker","Eglise les Semeurs","All_modes","34"
"2020-05-20","Lemba","Kikimi","3h","Destination_Zone_Resident","Destination_Zone_Worker","Lemba Terminus","All_modes","66"
"2020-05-20","Lemba","Kikimi","3h","Destination_Zone_Resident","Destination_Zone_Worker","Paroisse Saint Benoît","All_modes","34"
"2020-05-20","Lemba","Kikimi","3h","Destination_Zone_Resident","Destination_Zone_Worker","Religieuses de l'Assomption","All_modes","33"
"2020-05-20","Lemba","Kikimi","3h","Destination_Zone_Resident","Destination_Zone_Worker","Saint Augustin de Lemba","All_modes","25"
"2020-05-20","Lemba","Kikimi","3h","Destination_Zone_Resident","Destination_Zone_Worker","ZoneGlobale","All_modes","128"
"2020-05-20","Lemba","Kikimi","3h","Destination_Zone_Resident","Origin_Zone_Worker","Marché de Mbanza Lemba","All_modes","25"
"2020-05-20","Lemba","Kikimi","3h","Destination_Zone_Resident","Origin_Zone_Worker","ZoneGlobale","All_modes","67"
"2020-05-20","Lemba","Kikimi","3h","Study_Zone_Resident","Study_Zone_Worker","Centre Evangélique la Résurrection","All_modes","25"
"2020-05-20","Lemba","Kikimi","3h","Study_Zone_Resident","Study_Zone_Worker","Eglise La Semence Seeds Church","All_modes","25"
"2020-05-20","Lemba","Kikimi","3h","Study_Zone_Resident","Study_Zone_Worker","Eglise les Semeurs","All_modes","25"
"2020-05-20","Lemba","Kikimi","3h","Study_Zone_Resident","Study_Zone_Worker","Marché de Mbanza Lemba","All_modes","34"
"2020-05-20","Lemba","Kikimi","3h","Study_Zone_Resident","Study_Zone_Worker","Paroisse Notre-Dame d'Afrique","All_modes","25"
"2020-05-20","Lemba","Kikimi","3h","Study_Zone_Resident","Study_Zone_Worker","Paroisse Saint Benoît","All_modes","25"
"2020-05-20","Lemba","Kikimi","3h","Study_Zone_Resident","Study_Zone_Worker","ZoneGlobale","All_modes","129"
"2020-05-20","Lemba","Kikimi","3h","Study_Zone_Resident","Origin_Zone_Worker","ZoneGlobale","All_modes","34"
"2020-05-20","Lemba","Kikimi","3h","Origin_Zone_Resident","Destination_Zone_Worker","ZoneGlobale","All_modes","34"
"2020-05-20","Lemba","Kikimi","3h","Origin_Zone_Resident","Study_Zone_Worker","ZoneGlobale","All_modes","25"
"2020-05-20","Lemba","Kikimi","3h","Origin_Zone_Resident","Origin_Zone_Worker","Baruti Tabernacle","All_modes","32"
"2020-05-20","Lemba","Kikimi","3h","Origin_Zone_Resident","Origin_Zone_Worker","Centre Missionnaire Evangélique au Congo","All_modes","33"
"2020-05-20","Lemba","Kikimi","3h","Origin_Zone_Resident","Origin_Zone_Worker","Clinique Universitaire Kinshasa","All_modes","24"
"2020-05-20","Lemba","Kikimi","3h","Origin_Zone_Resident","Origin_Zone_Worker","Croissement Kianza et Université","All_modes","25"
"2020-05-20","Lemba","Kikimi","3h","Origin_Zone_Resident","Origin_Zone_Worker","Eglise Francophone Ecole de Tyrannus","All_modes","33"
"2020-05-20","Lemba","Kikimi","3h","Origin_Zone_Resident","Origin_Zone_Worker","Eglise les Semeurs","All_modes","26"
"2020-05-20","Lemba","Kikimi","3h","Origin_Zone_Resident","Origin_Zone_Worker","Lemba Terminus","All_modes","50"
"2020-05-20","Lemba","Kikimi","3h","Origin_Zone_Resident","Origin_Zone_Worker","MED CITE DES PRIERES","All_modes","34"
"2020-05-20","Lemba","Kikimi","3h","Origin_Zone_Resident","Origin_Zone_Worker","Marché de Mbanza Lemba","All_modes","128"
"2020-05-20","Lemba","Kikimi","3h","Origin_Zone_Resident","Origin_Zone_Worker","Reine des Apôtres","All_modes","35"
"2020-05-20","Lemba","Kikimi","3h","Origin_Zone_Resident","Origin_Zone_Worker","Rond Point Ngaba","All_modes","34"
"2020-05-20","Lemba","Kikimi","3h","Origin_Zone_Resident","Origin_Zone_Worker","St.Christine","All_modes","34"
"2020-05-20","Lemba","Kikimi","3h","Origin_Zone_Resident","Origin_Zone_Worker","ZoneGlobale","All_modes","332"
"2020-05-20","Lemba","Kimbanseke","1h","Outside_Resident","Outside_Worker","Centre Evangélique la Résurrection","All_modes","26"
"2020-05-20","Lemba","Kimbanseke","1h","Outside_Resident","Outside_Worker","Eglise La Semence Seeds Church","All_modes","26"
"2020-05-20","Lemba","Kimbanseke","1h","Outside_Resident","Outside_Worker","Eglise Mission Evangelique Réconciliation Spirituel International MERSI","All_modes","34"
"2020-05-20","Lemba","Kimbanseke","1h","Outside_Resident","Outside_Worker","Eglise les Semeurs","All_modes","25"
"2020-05-20","Lemba","Kimbanseke","1h","Outside_Resident","Outside_Worker","MED CITE DES PRIERES","All_modes","26"
"2020-05-20","Lemba","Kimbanseke","1h","Outside_Resident","Outside_Worker","Paroisse Notre-Dame d'Afrique","All_modes","26"
"2020-05-20","Lemba","Kimbanseke","1h","Outside_Resident","Outside_Worker","Paroisse Saint Benoît","All_modes","25"
"2020-05-20","Lemba","Kimbanseke","1h","Outside_Resident","Outside_Worker","Saint Augustin de Lemba","All_modes","25"
"2020-05-20","Lemba","Kimbanseke","1h","Outside_Resident","Outside_Worker","St.Christine","All_modes","26"
"2020-05-20","Lemba","Kimbanseke","1h","Outside_Resident","Outside_Worker","ZoneGlobale","All_modes","175"
"2020-05-20","Lemba","Kimbanseke","1h","Outside_Resident","Study_Zone_Worker","ZoneGlobale","All_modes","43"
"2020-05-20","Lemba","Kimbanseke","1h","Outside_Resident","Origin_Zone_Worker","ZoneGlobale","All_modes","51"
"2020-05-20","Lemba","Kimbanseke","1h","Destination_Zone_Resident","Destination_Zone_Worker","Baruti Tabernacle","All_modes","33"
"2020-05-20","Lemba","Kimbanseke","1h","Destination_Zone_Resident","Destination_Zone_Worker","CREFM Eglise La Compassion","All_modes","49"
"2020-05-20","Lemba","Kimbanseke","1h","Destination_Zone_Resident","Destination_Zone_Worker","Centre Evangélique la Résurrection","All_modes","40"
"2020-05-20","Lemba","Kimbanseke","1h","Destination_Zone_Resident","Destination_Zone_Worker","Croissement Kianza et Université","All_modes","65"
"2020-05-20","Lemba","Kimbanseke","1h","Destination_Zone_Resident","Destination_Zone_Worker","Eglise Francophone Ecole de Tyrannus","All_modes","24"
"2020-05-20","Lemba","Kimbanseke","1h","Destination_Zone_Resident","Destination_Zone_Worker","Eglise La Semence Seeds Church","All_modes","22"
"2020-05-20","Lemba","Kimbanseke","1h","Destination_Zone_Resident","Destination_Zone_Worker","Eglise Mission Evangelique Réconciliation Spirituel International MERSI","All_modes","22"
"2020-05-20","Lemba","Kimbanseke","1h","Destination_Zone_Resident","Destination_Zone_Worker","Eglise les Semeurs","All_modes","50"
"2020-05-20","Lemba","Kimbanseke","1h","Destination_Zone_Resident","Destination_Zone_Worker","Hôpital de l'amitié SinoCongolaise","All_modes","25"
"2020-05-20","Lemba","Kimbanseke","1h","Destination_Zone_Resident","Destination_Zone_Worker","Lemba Terminus","All_modes","50"
"2020-05-20","Lemba","Kimbanseke","1h","Destination_Zone_Resident","Destination_Zone_Worker","MED CITE DES PRIERES","All_modes","51"
"2020-05-20","Lemba","Kimbanseke","1h","Destination_Zone_Resident","Destination_Zone_Worker","Paroisse Saint Benoît","All_modes","50"
"2020-05-20","Lemba","Kimbanseke","1h","Destination_Zone_Resident","Destination_Zone_Worker","Pont Matete","All_modes","33"
"2020-05-20","Lemba","Kimbanseke","1h","Destination_Zone_Resident","Destination_Zone_Worker","Quartier 1 (croissement Boulevard Lumumba)","All_modes","40"
"2020-05-20","Lemba","Kimbanseke","1h","Destination_Zone_Resident","Destination_Zone_Worker","Rond Point Ngaba","All_modes","43"
"2020-05-20","Lemba","Kimbanseke","1h","Destination_Zone_Resident","Destination_Zone_Worker","St.Christine","All_modes","43"
"2020-05-20","Lemba","Kimbanseke","1h","Destination_Zone_Resident","Destination_Zone_Worker","ZoneGlobale","All_modes","237"
"2020-05-20","Lemba","Kimbanseke","1h","Destination_Zone_Resident","Origin_Zone_Worker","Eglise Francophone Ecole de Tyrannus","All_modes","24"
"2020-05-20","Lemba","Kimbanseke","1h","Destination_Zone_Resident","Origin_Zone_Worker","Paroisse Saint Benoît","All_modes","24"
"2020-05-20","Lemba","Kimbanseke","1h","Destination_Zone_Resident","Origin_Zone_Worker","ZoneGlobale","All_modes","41"
"2020-05-20","Lemba","Kimbanseke","1h","Study_Zone_Resident","Destination_Zone_Worker","ZoneGlobale","All_modes","25"
"2020-05-20","Lemba","Kimbanseke","1h","Study_Zone_Resident","Study_Zone_Worker","CREFM Eglise La Compassion","All_modes","25"
"2020-05-20","Lemba","Kimbanseke","1h","Study_Zone_Resident","Study_Zone_Worker","Centre Evangélique la Résurrection","All_modes","42"
"2020-05-20","Lemba","Kimbanseke","1h","Study_Zone_Resident","Study_Zone_Worker","Croissement Kianza et Université","All_modes","51"
"2020-05-20","Lemba","Kimbanseke","1h","Study_Zone_Resident","Study_Zone_Worker","Eglise La Semence Seeds Church","All_modes","25"
"2020-05-20","Lemba","Kimbanseke","1h","Study_Zone_Resident","Study_Zone_Worker","Eglise de Jesus-Christ des saints des derniers jours","All_modes","33"
"2020-05-20","Lemba","Kimbanseke","1h","Study_Zone_Resident","Study_Zone_Worker","Eglise les Semeurs","All_modes","42"
"2020-05-20","Lemba","Kimbanseke","1h","Study_Zone_Resident","Study_Zone_Worker","MED CITE DES PRIERES","All_modes","59"
"2020-05-20","Lemba","Kimbanseke","1h","Study_Zone_Resident","Study_Zone_Worker","Marché Matete","All_modes","26"
"2020-05-20","Lemba","Kimbanseke","1h","Study_Zone_Resident","Study_Zone_Worker","Paroisse Saint Benoît","All_modes","25"
"2020-05-20","Lemba","Kimbanseke","1h","Study_Zone_Resident","Study_Zone_Worker","Religieuses de l'Assomption","All_modes","34"
"2020-05-20","Lemba","Kimbanseke","1h","Study_Zone_Resident","Study_Zone_Worker","Rond Point Ngaba","All_modes","42"
"2020-05-20","Lemba","Kimbanseke","1h","Study_Zone_Resident","Study_Zone_Worker","Saint Augustin de Lemba","All_modes","34"
"2020-05-20","Lemba","Kimbanseke","1h","Study_Zone_Resident","Study_Zone_Worker","St.Christine","All_modes","51"
"2020-05-20","Lemba","Kimbanseke","1h","Study_Zone_Resident","Study_Zone_Worker","ZoneGlobale","All_modes","223"
"2020-05-20","Lemba","Kimbanseke","1h","Study_Zone_Resident","Study_Zone_Worker","eglise protestante de lemba","All_modes","34"
"2020-05-20","Lemba","Kimbanseke","1h","Study_Zone_Resident","Origin_Zone_Worker","Eglise les Semeurs","All_modes","25"
"2020-05-20","Lemba","Kimbanseke","1h","Study_Zone_Resident","Origin_Zone_Worker","ZoneGlobale","All_modes","25"
"2020-05-20","Lemba","Kimbanseke","1h","Origin_Zone_Resident","Destination_Zone_Worker","Eglise les Semeurs","All_modes","27"
"2020-05-20","Lemba","Kimbanseke","1h","Origin_Zone_Resident","Destination_Zone_Worker","Paroisse Saint Benoît","All_modes","27"
"2020-05-20","Lemba","Kimbanseke","1h","Origin_Zone_Resident","Destination_Zone_Worker","ZoneGlobale","All_modes","78"
"2020-05-20","Lemba","Kimbanseke","1h","Origin_Zone_Resident","Study_Zone_Worker","ZoneGlobale","All_modes","43"
"2020-05-20","Lemba","Kimbanseke","1h","Origin_Zone_Resident","Origin_Zone_Worker","Baruti Tabernacle","All_modes","26"
"2020-05-20","Lemba","Kimbanseke","1h","Origin_Zone_Resident","Origin_Zone_Worker","Centre Evangélique la Résurrection","All_modes","42"
"2020-05-20","Lemba","Kimbanseke","1h","Origin_Zone_Resident","Origin_Zone_Worker","Centre d'Evangelisation Peniel CEPE","All_modes","26"
"2020-05-20","Lemba","Kimbanseke","1h","Origin_Zone_Resident","Origin_Zone_Worker","Croissement Kianza et Université","All_modes","34"
"2020-05-20","Lemba","Kimbanseke","1h","Origin_Zone_Resident","Origin_Zone_Worker","Eglise Francophone Ecole de Tyrannus","All_modes","51"
"2020-05-20","Lemba","Kimbanseke","1h","Origin_Zone_Resident","Origin_Zone_Worker","Eglise Kimbanguiste","All_modes","35"
"2020-05-20","Lemba","Kimbanseke","1h","Origin_Zone_Resident","Origin_Zone_Worker","Eglise Mission Evangelique Réconciliation Spirituel International MERSI","All_modes","42"
"2020-05-20","Lemba","Kimbanseke","1h","Origin_Zone_Resident","Origin_Zone_Worker","Eglise les Semeurs","All_modes","69"
"2020-05-20","Lemba","Kimbanseke","1h","Origin_Zone_Resident","Origin_Zone_Worker","Lemba Terminus","All_modes","86"
"2020-05-20","Lemba","Kimbanseke","1h","Origin_Zone_Resident","Origin_Zone_Worker","Marché de super lemba","All_modes","26"
"2020-05-20","Lemba","Kimbanseke","1h","Origin_Zone_Resident","Origin_Zone_Worker","Paroisse Saint Benoît","All_modes","69"
"2020-05-20","Lemba","Kimbanseke","1h","Origin_Zone_Resident","Origin_Zone_Worker","Quartier 1 (croissement Boulevard Lumumba)","All_modes","26"
"2020-05-20","Lemba","Kimbanseke","1h","Origin_Zone_Resident","Origin_Zone_Worker","Religieuses de l'Assomption","All_modes","34"
"2020-05-20","Lemba","Kimbanseke","1h","Origin_Zone_Resident","Origin_Zone_Worker","Rond point super lemba","All_modes","60"
"2020-05-20","Lemba","Kimbanseke","1h","Origin_Zone_Resident","Origin_Zone_Worker","Saint Augustin de Lemba","All_modes","61"
"2020-05-20","Lemba","Kimbanseke","1h","Origin_Zone_Resident","Origin_Zone_Worker","ZoneGlobale","All_modes","301"
"2020-05-20","Lemba","Kimbanseke","1h","Origin_Zone_Resident","Origin_Zone_Worker","eglise protestante de lemba","All_modes","26"
"2020-05-20","Lemba","Kimbanseke","3h","Outside_Resident","Outside_Worker","Centre Evangélique la Résurrection","All_modes","25"
"2020-05-20","Lemba","Kimbanseke","3h","Outside_Resident","Outside_Worker","Croissement Kianza et Université","All_modes","25"
"2020-05-20","Lemba","Kimbanseke","3h","Outside_Resident","Outside_Worker","Eglise La Semence Seeds Church","All_modes","25"
"2020-05-20","Lemba","Kimbanseke","3h","Outside_Resident","Outside_Worker","Eglise les Semeurs","All_modes","25"
"2020-05-20","Lemba","Kimbanseke","3h","Outside_Resident","Outside_Worker","MED CITE DES PRIERES","All_modes","25"
"2020-05-20","Lemba","Kimbanseke","3h","Outside_Resident","Outside_Worker","Paroisse Notre-Dame d'Afrique","All_modes","25"
"2020-05-20","Lemba","Kimbanseke","3h","Outside_Resident","Outside_Worker","Rond Point Ngaba","All_modes","25"
"2020-05-20","Lemba","Kimbanseke","3h","Outside_Resident","Outside_Worker","St.Christine","All_modes","25"
"2020-05-20","Lemba","Kimbanseke","3h","Outside_Resident","Outside_Worker","ZoneGlobale","All_modes","179"
"2020-05-20","Lemba","Kimbanseke","3h","Outside_Resident","Destination_Zone_Worker","ZoneGlobale","All_modes","35"
"2020-05-20","Lemba","Kimbanseke","3h","Outside_Resident","Study_Zone_Worker","ZoneGlobale","All_modes","25"
"2020-05-20","Lemba","Kimbanseke","3h","Outside_Resident","Origin_Zone_Worker","Baruti Tabernacle","All_modes","25"
"2020-05-20","Lemba","Kimbanseke","3h","Outside_Resident","Origin_Zone_Worker","ZoneGlobale","All_modes","85"
"2020-05-20","Lemba","Kimbanseke","3h","Destination_Zone_Resident","Outside_Worker","Saint Augustin de Lemba","All_modes","25"
"2020-05-20","Lemba","Kimbanseke","3h","Destination_Zone_Resident","Outside_Worker","ZoneGlobale","All_modes","51"
"2020-05-20","Lemba","Kimbanseke","3h","Destination_Zone_Resident","Destination_Zone_Worker","Centre Evangélique la Résurrection","All_modes","42"
"2020-05-20","Lemba","Kimbanseke","3h","Destination_Zone_Resident","Destination_Zone_Worker","Eglise La Semence Seeds Church","All_modes","25"
"2020-05-20","Lemba","Kimbanseke","3h","Destination_Zone_Resident","Destination_Zone_Worker","Eglise Mission Evangelique Réconciliation Spirituel International MERSI","All_modes","33"
"2020-05-20","Lemba","Kimbanseke","3h","Destination_Zone_Resident","Destination_Zone_Worker","Eglise les Semeurs","All_modes","24"
"2020-05-20","Lemba","Kimbanseke","3h","Destination_Zone_Resident","Destination_Zone_Worker","Marché de super lemba","All_modes","24"
"2020-05-20","Lemba","Kimbanseke","3h","Destination_Zone_Resident","Destination_Zone_Worker","Paroisse Notre-Dame d'Afrique","All_modes","25"
"2020-05-20","Lemba","Kimbanseke","3h","Destination_Zone_Resident","Destination_Zone_Worker","Paroisse Saint Benoît","All_modes","24"
"2020-05-20","Lemba","Kimbanseke","3h","Destination_Zone_Resident","Destination_Zone_Worker","Pont Matete","All_modes","33"
"2020-05-20","Lemba","Kimbanseke","3h","Destination_Zone_Resident","Destination_Zone_Worker","Religieuses de l'Assomption","All_modes","33"
"2020-05-20","Lemba","Kimbanseke","3h","Destination_Zone_Resident","Destination_Zone_Worker","Rond point super lemba","All_modes","24"
"2020-05-20","Lemba","Kimbanseke","3h","Destination_Zone_Resident","Destination_Zone_Worker","Saint Augustin de Lemba","All_modes","41"
"2020-05-20","Lemba","Kimbanseke","3h","Destination_Zone_Resident","Destination_Zone_Worker","ZoneGlobale","All_modes","169"
"2020-05-20","Lemba","Kimbanseke","3h","Destination_Zone_Resident","Destination_Zone_Worker","eglise protestante de lemba","All_modes","41"
"2020-05-20","Lemba","Kimbanseke","3h","Destination_Zone_Resident","Study_Zone_Worker","ZoneGlobale","All_modes","25"
"2020-05-20","Lemba","Kimbanseke","3h","Destination_Zone_Resident","Origin_Zone_Worker","Eglise Francophone Ecole de Tyrannus","All_modes","34"
"2020-05-20","Lemba","Kimbanseke","3h","Destination_Zone_Resident","Origin_Zone_Worker","Eglise les Semeurs","All_modes","25"
"2020-05-20","Lemba","Kimbanseke","3h","Destination_Zone_Resident","Origin_Zone_Worker","Paroisse Saint Benoît","All_modes","34"
"2020-05-20","Lemba","Kimbanseke","3h","Destination_Zone_Resident","Origin_Zone_Worker","Pont Matete","All_modes","25"
"2020-05-20","Lemba","Kimbanseke","3h","Destination_Zone_Resident","Origin_Zone_Worker","ZoneGlobale","All_modes","59"
"2020-05-20","Lemba","Kimbanseke","3h","Study_Zone_Resident","Outside_Worker","ZoneGlobale","All_modes","36"
"2020-05-20","Lemba","Kimbanseke","3h","Study_Zone_Resident","Destination_Zone_Worker","ZoneGlobale","All_modes","34"
"2020-05-20","Lemba","Kimbanseke","3h","Study_Zone_Resident","Study_Zone_Worker","Baruti Tabernacle","All_modes","34"
"2020-05-20","Lemba","Kimbanseke","3h","Study_Zone_Resident","Study_Zone_Worker","Croissement Kianza et Université","All_modes","50"
"2020-05-20","Lemba","Kimbanseke","3h","Study_Zone_Resident","Study_Zone_Worker","Eglise les Semeurs","All_modes","25"
"2020-05-20","Lemba","Kimbanseke","3h","Study_Zone_Resident","Study_Zone_Worker","Lemba Terminus","All_modes","52"
"2020-05-20","Lemba","Kimbanseke","3h","Study_Zone_Resident","Study_Zone_Worker","MED CITE DES PRIERES","All_modes","50"
"2020-05-20","Lemba","Kimbanseke","3h","Study_Zone_Resident","Study_Zone_Worker","Paroisse Saint Benoît","All_modes","35"
"2020-05-20","Lemba","Kimbanseke","3h","Study_Zone_Resident","Study_Zone_Worker","Rond Point Ngaba","All_modes","33"
"2020-05-20","Lemba","Kimbanseke","3h","Study_Zone_Resident","Study_Zone_Worker","Saint Augustin de Lemba","All_modes","35"
"2020-05-20","Lemba","Kimbanseke","3h","Study_Zone_Resident","Study_Zone_Worker","St.Christine","All_modes","33"
"2020-05-20","Lemba","Kimbanseke","3h","Study_Zone_Resident","Study_Zone_Worker","ZoneGlobale","All_modes","190"
"2020-05-20","Lemba","Kimbanseke","3h","Study_Zone_Resident","Origin_Zone_Worker","ZoneGlobale","All_modes","24"
"2020-05-20","Lemba","Kimbanseke","3h","Origin_Zone_Resident","Outside_Worker","ZoneGlobale","All_modes","44"
"2020-05-20","Lemba","Kimbanseke","3h","Origin_Zone_Resident","Destination_Zone_Worker","ZoneGlobale","All_modes","77"
"2020-05-20","Lemba","Kimbanseke","3h","Origin_Zone_Resident","Study_Zone_Worker","Baruti Tabernacle","All_modes","26"
"2020-05-20","Lemba","Kimbanseke","3h","Origin_Zone_Resident","Study_Zone_Worker","Croissement Kianza et Université","All_modes","25"
"2020-05-20","Lemba","Kimbanseke","3h","Origin_Zone_Resident","Study_Zone_Worker","ZoneGlobale","All_modes","60"
"2020-05-20","Lemba","Kimbanseke","3h","Origin_Zone_Resident","Origin_Zone_Worker","Baruti Tabernacle","All_modes","42"
"2020-05-20","Lemba","Kimbanseke","3h","Origin_Zone_Resident","Origin_Zone_Worker","CREFM Eglise La Compassion","All_modes","42"
"2020-05-20","Lemba","Kimbanseke","3h","Origin_Zone_Resident","Origin_Zone_Worker","Centre Evangélique LA TRINITE","All_modes","25"
"2020-05-20","Lemba","Kimbanseke","3h","Origin_Zone_Resident","Origin_Zone_Worker","Centre Evangélique la Résurrection","All_modes","84"
"2020-05-20","Lemba","Kimbanseke","3h","Origin_Zone_Resident","Origin_Zone_Worker","Centre Missionnaire Evangélique au Congo","All_modes","50"
"2020-05-20","Lemba","Kimbanseke","3h","Origin_Zone_Resident","Origin_Zone_Worker","Centre d'Evangelisation Peniel CEPE","All_modes","33"
"2020-05-20","Lemba","Kimbanseke","3h","Origin_Zone_Resident","Origin_Zone_Worker","Croissement Kianza et Université","All_modes","60"
"2020-05-20","Lemba","Kimbanseke","3h","Origin_Zone_Resident","Origin_Zone_Worker","Eglise Francophone Ecole de Tyrannus","All_modes","128"
"2020-05-20","Lemba","Kimbanseke","3h","Origin_Zone_Resident","Origin_Zone_Worker","Eglise Kimbanguiste","All_modes","77"
"2020-05-20","Lemba","Kimbanseke","3h","Origin_Zone_Resident","Origin_Zone_Worker","Eglise La Semence Seeds Church","All_modes","50"
"2020-05-20","Lemba","Kimbanseke","3h","Origin_Zone_Resident","Origin_Zone_Worker","Eglise Mission Evangelique Réconciliation Spirituel International MERSI","All_modes","85"
"2020-05-20","Lemba","Kimbanseke","3h","Origin_Zone_Resident","Origin_Zone_Worker","Eglise de Jesus-Christ des saints des derniers jours","All_modes","25"
"2020-05-20","Lemba","Kimbanseke","3h","Origin_Zone_Resident","Origin_Zone_Worker","Eglise les Semeurs","All_modes","136"
"2020-05-20","Lemba","Kimbanseke","3h","Origin_Zone_Resident","Origin_Zone_Worker","Lemba Terminus","All_modes","188"
"2020-05-20","Lemba","Kimbanseke","3h","Origin_Zone_Resident","Origin_Zone_Worker","Marché de la Liberté","All_modes","25"
"2020-05-20","Lemba","Kimbanseke","3h","Origin_Zone_Resident","Origin_Zone_Worker","Marché de la liberté","All_modes","25"
"2020-05-20","Lemba","Kimbanseke","3h","Origin_Zone_Resident","Origin_Zone_Worker","Marché de super lemba","All_modes","52"
"2020-05-20","Lemba","Kimbanseke","3h","Origin_Zone_Resident","Origin_Zone_Worker","Ministere combat spirituel","All_modes","33"
"2020-05-20","Lemba","Kimbanseke","3h","Origin_Zone_Resident","Origin_Zone_Worker","Paroisse Notre-Dame d'Afrique","All_modes","50"
"2020-05-20","Lemba","Kimbanseke","3h","Origin_Zone_Resident","Origin_Zone_Worker","Paroisse Saint Benoît","All_modes","127"
"2020-05-20","Lemba","Kimbanseke","3h","Origin_Zone_Resident","Origin_Zone_Worker","Pont Matete","All_modes","42"
"2020-05-20","Lemba","Kimbanseke","3h","Origin_Zone_Resident","Origin_Zone_Worker","Religieuses de l'Assomption","All_modes","86"
"2020-05-20","Lemba","Kimbanseke","3h","Origin_Zone_Resident","Origin_Zone_Worker","Rond point super lemba","All_modes","77"
"2020-05-20","Lemba","Kimbanseke","3h","Origin_Zone_Resident","Origin_Zone_Worker","Saint Augustin de Lemba","All_modes","155"
"2020-05-20","Lemba","Kimbanseke","3h","Origin_Zone_Resident","Origin_Zone_Worker","ZoneGlobale","All_modes","540"
"2020-05-20","Lemba","Kimbanseke","3h","Origin_Zone_Resident","Origin_Zone_Worker","eglise protestante de lemba","All_modes","103"
"2020-05-20","Lemba","Kingabwa","1h","Outside_Resident","Outside_Worker","CREFM Eglise La Compassion","All_modes","51"
"2020-05-20","Lemba","Kingabwa","1h","Outside_Resident","Outside_Worker","Centre Evangélique la Résurrection","All_modes","52"
"2020-05-20","Lemba","Kingabwa","1h","Outside_Resident","Outside_Worker","Centre d'Evangelisation Peniel CEPE","All_modes","33"
"2020-05-20","Lemba","Kingabwa","1h","Outside_Resident","Outside_Worker","Eglise Francophone Ecole de Tyrannus","All_modes","24"
"2020-05-20","Lemba","Kingabwa","1h","Outside_Resident","Outside_Worker","Eglise Kimbanguiste","All_modes","25"
"2020-05-20","Lemba","Kingabwa","1h","Outside_Resident","Outside_Worker","Eglise Néo Apostolique RDC Ouest","All_modes","25"
"2020-05-20","Lemba","Kingabwa","1h","Outside_Resident","Outside_Worker","Eglise de Jesus-Christ des saints des derniers jours","All_modes","58"
"2020-05-20","Lemba","Kingabwa","1h","Outside_Resident","Outside_Worker","Eglise les Semeurs","All_modes","32"
"2020-05-20","Lemba","Kingabwa","1h","Outside_Resident","Outside_Worker","Lemba Terminus","All_modes","64"
"2020-05-20","Lemba","Kingabwa","1h","Outside_Resident","Outside_Worker","Ministere combat spirituel","All_modes","77"
"2020-05-20","Lemba","Kingabwa","1h","Outside_Resident","Outside_Worker","Pont Matete","All_modes","67"
"2020-05-20","Lemba","Kingabwa","1h","Outside_Resident","Outside_Worker","Terrain d'Assemblée des Témoins de Jéhovah","All_modes","33"
"2020-05-20","Lemba","Kingabwa","1h","Outside_Resident","Outside_Worker","ZoneGlobale","All_modes","237"
"2020-05-20","Lemba","Kingabwa","1h","Outside_Resident","Destination_Zone_Worker","Pont Matete","All_modes","25"
"2020-05-20","Lemba","Kingabwa","1h","Outside_Resident","Destination_Zone_Worker","ZoneGlobale","All_modes","68"
"2020-05-20","Lemba","Kingabwa","1h","Outside_Resident","Study_Zone_Worker","CREFM Eglise La Compassion","All_modes","26"
"2020-05-20","Lemba","Kingabwa","1h","Outside_Resident","Study_Zone_Worker","Centre Evangélique la Résurrection","All_modes","34"
"2020-05-20","Lemba","Kingabwa","1h","Outside_Resident","Study_Zone_Worker","Eglise Mission Evangelique Réconciliation Spirituel International MERSI","All_modes","26"
"2020-05-20","Lemba","Kingabwa","1h","Outside_Resident","Study_Zone_Worker","Pont Matete","All_modes","52"
"2020-05-20","Lemba","Kingabwa","1h","Outside_Resident","Study_Zone_Worker","ZoneGlobale","All_modes","61"
"2020-05-20","Lemba","Kingabwa","1h","Outside_Resident","Origin_Zone_Worker","Eglise de Jesus-Christ des saints des derniers jours","All_modes","25"
"2020-05-20","Lemba","Kingabwa","1h","Outside_Resident","Origin_Zone_Worker","ZoneGlobale","All_modes","100"
"2020-05-20","Lemba","Kingabwa","1h","Destination_Zone_Resident","Destination_Zone_Worker","CREFM Eglise La Compassion","All_modes","95"
"2020-05-20","Lemba","Kingabwa","1h","Destination_Zone_Resident","Destination_Zone_Worker","Centre Evangélique Emmanuel Langa-langa","All_modes","43"
"2020-05-20","Lemba","Kingabwa","1h","Destination_Zone_Resident","Destination_Zone_Worker","Centre Evangélique la Résurrection","All_modes","147"
"2020-05-20","Lemba","Kingabwa","1h","Destination_Zone_Resident","Destination_Zone_Worker","Centre d'Evangelisation Peniel CEPE","All_modes","34"
"2020-05-20","Lemba","Kingabwa","1h","Destination_Zone_Resident","Destination_Zone_Worker","Eglise Francophone Ecole de Tyrannus","All_modes","43"
"2020-05-20","Lemba","Kingabwa","1h","Destination_Zone_Resident","Destination_Zone_Worker","Eglise Kimbanguiste","All_modes","42"
"2020-05-20","Lemba","Kingabwa","1h","Destination_Zone_Resident","Destination_Zone_Worker","Eglise La Semence Seeds Church","All_modes","51"
"2020-05-20","Lemba","Kingabwa","1h","Destination_Zone_Resident","Destination_Zone_Worker","Eglise Mission Evangelique Réconciliation Spirituel International MERSI","All_modes","101"
"2020-05-20","Lemba","Kingabwa","1h","Destination_Zone_Resident","Destination_Zone_Worker","Eglise Néo Apostolique RDC Ouest","All_modes","43"
"2020-05-20","Lemba","Kingabwa","1h","Destination_Zone_Resident","Destination_Zone_Worker","Eglise de Jesus-Christ des saints des derniers jours","All_modes","112"
"2020-05-20","Lemba","Kingabwa","1h","Destination_Zone_Resident","Destination_Zone_Worker","Eglise les Semeurs","All_modes","77"
"2020-05-20","Lemba","Kingabwa","1h","Destination_Zone_Resident","Destination_Zone_Worker","FIKIN","All_modes","25"
"2020-05-20","Lemba","Kingabwa","1h","Destination_Zone_Resident","Destination_Zone_Worker","Lemba Terminus","All_modes","68"
"2020-05-20","Lemba","Kingabwa","1h","Destination_Zone_Resident","Destination_Zone_Worker","Marché de super lemba","All_modes","57"
"2020-05-20","Lemba","Kingabwa","1h","Destination_Zone_Resident","Destination_Zone_Worker","Ministere combat spirituel","All_modes","104"
"2020-05-20","Lemba","Kingabwa","1h","Destination_Zone_Resident","Destination_Zone_Worker","Paroisse Notre-Dame d'Afrique","All_modes","42"
"2020-05-20","Lemba","Kingabwa","1h","Destination_Zone_Resident","Destination_Zone_Worker","Paroisse Saint Benoît","All_modes","60"
"2020-05-20","Lemba","Kingabwa","1h","Destination_Zone_Resident","Destination_Zone_Worker","Pont Matete","All_modes","172"
"2020-05-20","Lemba","Kingabwa","1h","Destination_Zone_Resident","Destination_Zone_Worker","Religieuses de l'Assomption","All_modes","66"
"2020-05-20","Lemba","Kingabwa","1h","Destination_Zone_Resident","Destination_Zone_Worker","Rond point super lemba","All_modes","75"
"2020-05-20","Lemba","Kingabwa","1h","Destination_Zone_Resident","Destination_Zone_Worker","Saint Augustin de Lemba","All_modes","109"
"2020-05-20","Lemba","Kingabwa","1h","Destination_Zone_Resident","Destination_Zone_Worker","St Joseph de Kinshasa","All_modes","34"
"2020-05-20","Lemba","Kingabwa","1h","Destination_Zone_Resident","Destination_Zone_Worker","Terrain d'Assemblée des Témoins de Jéhovah","All_modes","52"
"2020-05-20","Lemba","Kingabwa","1h","Destination_Zone_Resident","Destination_Zone_Worker","ZoneGlobale","All_modes","422"
"2020-05-20","Lemba","Kingabwa","1h","Destination_Zone_Resident","Destination_Zone_Worker","eglise protestante de lemba","All_modes","83"
"2020-05-20","Lemba","Kingabwa","1h","Destination_Zone_Resident","Destination_Zone_Worker","le pain de vie","All_modes","51"
"2020-05-20","Lemba","Kingabwa","1h","Destination_Zone_Resident","Origin_Zone_Worker","ZoneGlobale","All_modes","25"
"2020-05-20","Lemba","Kingabwa","1h","Study_Zone_Resident","Destination_Zone_Worker","Pont Matete","All_modes","33"
"2020-05-20","Lemba","Kingabwa","1h","Study_Zone_Resident","Destination_Zone_Worker","ZoneGlobale","All_modes","84"
"2020-05-20","Lemba","Kingabwa","1h","Study_Zone_Resident","Study_Zone_Worker","Baruti Tabernacle","All_modes","52"
"2020-05-20","Lemba","Kingabwa","1h","Study_Zone_Resident","Study_Zone_Worker","CREFM Eglise La Compassion","All_modes","92"
"2020-05-20","Lemba","Kingabwa","1h","Study_Zone_Resident","Study_Zone_Worker","Centre Evangélique Emmanuel Langa-langa","All_modes","25"
"2020-05-20","Lemba","Kingabwa","1h","Study_Zone_Resident","Study_Zone_Worker","Centre Evangélique LA TRINITE","All_modes","43"
"2020-05-20","Lemba","Kingabwa","1h","Study_Zone_Resident","Study_Zone_Worker","Centre Evangélique la Résurrection","All_modes","101"
"2020-05-20","Lemba","Kingabwa","1h","Study_Zone_Resident","Study_Zone_Worker","Centre Missionnaire Evangélique au Congo","All_modes","43"
"2020-05-20","Lemba","Kingabwa","1h","Study_Zone_Resident","Study_Zone_Worker","Centre d'Evangelisation Peniel CEPE","All_modes","25"
"2020-05-20","Lemba","Kingabwa","1h","Study_Zone_Resident","Study_Zone_Worker","Croissement Kianza et Université","All_modes","124"
"2020-05-20","Lemba","Kingabwa","1h","Study_Zone_Resident","Study_Zone_Worker","Eglise Francophone Ecole de Tyrannus","All_modes","61"
"2020-05-20","Lemba","Kingabwa","1h","Study_Zone_Resident","Study_Zone_Worker","Eglise Kimbanguiste","All_modes","260"
"2020-05-20","Lemba","Kingabwa","1h","Study_Zone_Resident","Study_Zone_Worker","Eglise La Semence Seeds Church","All_modes","42"
"2020-05-20","Lemba","Kingabwa","1h","Study_Zone_Resident","Study_Zone_Worker","Eglise Mission Evangelique Réconciliation Spirituel International MERSI","All_modes","49"
"2020-05-20","Lemba","Kingabwa","1h","Study_Zone_Resident","Study_Zone_Worker","Eglise de Jesus-Christ des saints des derniers jours","All_modes","67"
"2020-05-20","Lemba","Kingabwa","1h","Study_Zone_Resident","Study_Zone_Worker","Eglise les Semeurs","All_modes","58"
"2020-05-20","Lemba","Kingabwa","1h","Study_Zone_Resident","Study_Zone_Worker","Eglise locale Cbfc Itaga","All_modes","235"
"2020-05-20","Lemba","Kingabwa","1h","Study_Zone_Resident","Study_Zone_Worker","FIKIN","All_modes","235"
"2020-05-20","Lemba","Kingabwa","1h","Study_Zone_Resident","Study_Zone_Worker","Lemba Terminus","All_modes","54"
"2020-05-20","Lemba","Kingabwa","1h","Study_Zone_Resident","Study_Zone_Worker","MED CITE DES PRIERES","All_modes","114"
"2020-05-20","Lemba","Kingabwa","1h","Study_Zone_Resident","Study_Zone_Worker","Marché de super lemba","All_modes","41"
"2020-05-20","Lemba","Kingabwa","1h","Study_Zone_Resident","Study_Zone_Worker","Ministere combat spirituel","All_modes","75"
"2020-05-20","Lemba","Kingabwa","1h","Study_Zone_Resident","Study_Zone_Worker","Paroisse Notre-Dame d'Afrique","All_modes","42"
"2020-05-20","Lemba","Kingabwa","1h","Study_Zone_Resident","Study_Zone_Worker","Paroisse Saint Benoît","All_modes","61"
"2020-05-20","Lemba","Kingabwa","1h","Study_Zone_Resident","Study_Zone_Worker","Pont Matete","All_modes","118"
"2020-05-20","Lemba","Kingabwa","1h","Study_Zone_Resident","Study_Zone_Worker","Religieuses de l'Assomption","All_modes","41"
"2020-05-20","Lemba","Kingabwa","1h","Study_Zone_Resident","Study_Zone_Worker","Rond Point Ngaba","All_modes","123"
"2020-05-20","Lemba","Kingabwa","1h","Study_Zone_Resident","Study_Zone_Worker","Rond point super lemba","All_modes","50"
"2020-05-20","Lemba","Kingabwa","1h","Study_Zone_Resident","Study_Zone_Worker","Saint Augustin de Lemba","All_modes","78"
"2020-05-20","Lemba","Kingabwa","1h","Study_Zone_Resident","Study_Zone_Worker","St.Christine","All_modes","114"
"2020-05-20","Lemba","Kingabwa","1h","Study_Zone_Resident","Study_Zone_Worker","ZoneGlobale","All_modes","562"
"2020-05-20","Lemba","Kingabwa","1h","Study_Zone_Resident","Study_Zone_Worker","eglise protestante de lemba","All_modes","58"
"2020-05-20","Lemba","Kingabwa","1h","Study_Zone_Resident","Study_Zone_Worker","le pain de vie","All_modes","42"
"2020-05-20","Lemba","Kingabwa","1h","Study_Zone_Resident","Origin_Zone_Worker","Marché de super lemba","All_modes","26"
"2020-05-20","Lemba","Kingabwa","1h","Study_Zone_Resident","Origin_Zone_Worker","Religieuses de l'Assomption","All_modes","26"
"2020-05-20","Lemba","Kingabwa","1h","Study_Zone_Resident","Origin_Zone_Worker","Rond point super lemba","All_modes","26"
"2020-05-20","Lemba","Kingabwa","1h","Study_Zone_Resident","Origin_Zone_Worker","Saint Augustin de Lemba","All_modes","34"
"2020-05-20","Lemba","Kingabwa","1h","Study_Zone_Resident","Origin_Zone_Worker","ZoneGlobale","All_modes","69"
"2020-05-20","Lemba","Kingabwa","1h","Study_Zone_Resident","Origin_Zone_Worker","eglise protestante de lemba","All_modes","34"
"2020-05-20","Lemba","Kingabwa","1h","Origin_Zone_Resident","Outside_Worker","ZoneGlobale","All_modes","50"
"2020-05-20","Lemba","Kingabwa","1h","Origin_Zone_Resident","Destination_Zone_Worker","Baruti Tabernacle","All_modes","25"
"2020-05-20","Lemba","Kingabwa","1h","Origin_Zone_Resident","Destination_Zone_Worker","CREFM Eglise La Compassion","All_modes","60"
"2020-05-20","Lemba","Kingabwa","1h","Origin_Zone_Resident","Destination_Zone_Worker","Centre Evangélique la Résurrection","All_modes","43"
"2020-05-20","Lemba","Kingabwa","1h","Origin_Zone_Resident","Destination_Zone_Worker","Croissement Kianza et Université","All_modes","34"
"2020-05-20","Lemba","Kingabwa","1h","Origin_Zone_Resident","Destination_Zone_Worker","Eglise Francophone Ecole de Tyrannus","All_modes","43"
"2020-05-20","Lemba","Kingabwa","1h","Origin_Zone_Resident","Destination_Zone_Worker","Eglise La Semence Seeds Church","All_modes","25"
"2020-05-20","Lemba","Kingabwa","1h","Origin_Zone_Resident","Destination_Zone_Worker","Eglise Mission Evangelique Réconciliation Spirituel International MERSI","All_modes","51"
"2020-05-20","Lemba","Kingabwa","1h","Origin_Zone_Resident","Destination_Zone_Worker","Eglise Néo Apostolique RDC Ouest","All_modes","34"
"2020-05-20","Lemba","Kingabwa","1h","Origin_Zone_Resident","Destination_Zone_Worker","Eglise de Jesus-Christ des saints des derniers jours","All_modes","34"
"2020-05-20","Lemba","Kingabwa","1h","Origin_Zone_Resident","Destination_Zone_Worker","Marché de super lemba","All_modes","34"
"2020-05-20","Lemba","Kingabwa","1h","Origin_Zone_Resident","Destination_Zone_Worker","Ministere combat spirituel","All_modes","43"
"2020-05-20","Lemba","Kingabwa","1h","Origin_Zone_Resident","Destination_Zone_Worker","Mosque Kingabwa","All_modes","26"
"2020-05-20","Lemba","Kingabwa","1h","Origin_Zone_Resident","Destination_Zone_Worker","Paroisse Saint Benoît","All_modes","25"
"2020-05-20","Lemba","Kingabwa","1h","Origin_Zone_Resident","Destination_Zone_Worker","Pont Matete","All_modes","60"
"2020-05-20","Lemba","Kingabwa","1h","Origin_Zone_Resident","Destination_Zone_Worker","Religieuses de l'Assomption","All_modes","43"
"2020-05-20","Lemba","Kingabwa","1h","Origin_Zone_Resident","Destination_Zone_Worker","Rond point super lemba","All_modes","34"
"2020-05-20","Lemba","Kingabwa","1h","Origin_Zone_Resident","Destination_Zone_Worker","Saint Augustin de Lemba","All_modes","51"
"2020-05-20","Lemba","Kingabwa","1h","Origin_Zone_Resident","Destination_Zone_Worker","Terrain d'Assemblée des Témoins de Jéhovah","All_modes","43"
"2020-05-20","Lemba","Kingabwa","1h","Origin_Zone_Resident","Destination_Zone_Worker","ZoneGlobale","All_modes","224"
"2020-05-20","Lemba","Kingabwa","1h","Origin_Zone_Resident","Destination_Zone_Worker","eglise protestante de lemba","All_modes","43"
"2020-05-20","Lemba","Kingabwa","1h","Origin_Zone_Resident","Study_Zone_Worker","Croissement Kianza et Université","All_modes","26"
"2020-05-20","Lemba","Kingabwa","1h","Origin_Zone_Resident","Study_Zone_Worker","ZoneGlobale","All_modes","61"
"2020-05-20","Lemba","Kingabwa","1h","Origin_Zone_Resident","Origin_Zone_Worker","Baruti Tabernacle","All_modes","50"
"2020-05-20","Lemba","Kingabwa","1h","Origin_Zone_Resident","Origin_Zone_Worker","CREFM Eglise La Compassion","All_modes","128"
"2020-05-20","Lemba","Kingabwa","1h","Origin_Zone_Resident","Origin_Zone_Worker","Centre Evangélique Emmanuel Langa-langa","All_modes","42"
"2020-05-20","Lemba","Kingabwa","1h","Origin_Zone_Resident","Origin_Zone_Worker","Centre Evangélique LA TRINITE","All_modes","34"
"2020-05-20","Lemba","Kingabwa","1h","Origin_Zone_Resident","Origin_Zone_Worker","Centre Evangélique la Résurrection","All_modes","150"
"2020-05-20","Lemba","Kingabwa","1h","Origin_Zone_Resident","Origin_Zone_Worker","Centre Missionnaire Evangélique au Congo","All_modes","51"
"2020-05-20","Lemba","Kingabwa","1h","Origin_Zone_Resident","Origin_Zone_Worker","Centre d'Evangelisation Peniel CEPE","All_modes","42"
"2020-05-20","Lemba","Kingabwa","1h","Origin_Zone_Resident","Origin_Zone_Worker","Croissement Kianza et Université","All_modes","76"
"2020-05-20","Lemba","Kingabwa","1h","Origin_Zone_Resident","Origin_Zone_Worker","Eglise Francophone Ecole de Tyrannus","All_modes","171"
"2020-05-20","Lemba","Kingabwa","1h","Origin_Zone_Resident","Origin_Zone_Worker","Eglise Kimbanguiste","All_modes","101"
"2020-05-20","Lemba","Kingabwa","1h","Origin_Zone_Resident","Origin_Zone_Worker","Eglise La Semence Seeds Church","All_modes","116"
"2020-05-20","Lemba","Kingabwa","1h","Origin_Zone_Resident","Origin_Zone_Worker","Eglise Mission Evangelique Réconciliation Spirituel International MERSI","All_modes","218"
"2020-05-20","Lemba","Kingabwa","1h","Origin_Zone_Resident","Origin_Zone_Worker","Eglise Néo Apostolique RDC Ouest","All_modes","110"
"2020-05-20","Lemba","Kingabwa","1h","Origin_Zone_Resident","Origin_Zone_Worker","Eglise de Jesus-Christ des saints des derniers jours","All_modes","101"
"2020-05-20","Lemba","Kingabwa","1h","Origin_Zone_Resident","Origin_Zone_Worker","Eglise les Semeurs","All_modes","206"
"2020-05-20","Lemba","Kingabwa","1h","Origin_Zone_Resident","Origin_Zone_Worker","Ejcev Nouvelle Alliance Bima","All_modes","25"
"2020-05-20","Lemba","Kingabwa","1h","Origin_Zone_Resident","Origin_Zone_Worker","FIKIN","All_modes","34"
"2020-05-20","Lemba","Kingabwa","1h","Origin_Zone_Resident","Origin_Zone_Worker","Lemba Terminus","All_modes","258"
"2020-05-20","Lemba","Kingabwa","1h","Origin_Zone_Resident","Origin_Zone_Worker","Marché de super lemba","All_modes","111"
"2020-05-20","Lemba","Kingabwa","1h","Origin_Zone_Resident","Origin_Zone_Worker","Ministere combat spirituel","All_modes","111"
"2020-05-20","Lemba","Kingabwa","1h","Origin_Zone_Resident","Origin_Zone_Worker","Mosque Kingabwa","All_modes","43"
"2020-05-20","Lemba","Kingabwa","1h","Origin_Zone_Resident","Origin_Zone_Worker","Paroisse Notre-Dame d'Afrique","All_modes","99"
"2020-05-20","Lemba","Kingabwa","1h","Origin_Zone_Resident","Origin_Zone_Worker","Paroisse Saint Benoît","All_modes","179"
"2020-05-20","Lemba","Kingabwa","1h","Origin_Zone_Resident","Origin_Zone_Worker","Pont Matete","All_modes","270"
"2020-05-20","Lemba","Kingabwa","1h","Origin_Zone_Resident","Origin_Zone_Worker","Religieuses de l'Assomption","All_modes","137"
"2020-05-20","Lemba","Kingabwa","1h","Origin_Zone_Resident","Origin_Zone_Worker","Rond point super lemba","All_modes","162"
"2020-05-20","Lemba","Kingabwa","1h","Origin_Zone_Resident","Origin_Zone_Worker","Saint Augustin de Lemba","All_modes","171"
"2020-05-20","Lemba","Kingabwa","1h","Origin_Zone_Resident","Origin_Zone_Worker","Terrain d'Assemblée des Témoins de Jéhovah","All_modes","127"
"2020-05-20","Lemba","Kingabwa","1h","Origin_Zone_Resident","Origin_Zone_Worker","ZoneGlobale","All_modes","716"
"2020-05-20","Lemba","Kingabwa","1h","Origin_Zone_Resident","Origin_Zone_Worker","eglise protestante de lemba","All_modes","120"
"2020-05-20","Lemba","Kingabwa","1h","Origin_Zone_Resident","Origin_Zone_Worker","le pain de vie","All_modes","65"
"2020-05-20","Lemba","Kingabwa","3h","Outside_Resident","Outside_Worker","CREFM Eglise La Compassion","All_modes","43"
"2020-05-20","Lemba","Kingabwa","3h","Outside_Resident","Outside_Worker","Centre Evangélique la Résurrection","All_modes","69"
"2020-05-20","Lemba","Kingabwa","3h","Outside_Resident","Outside_Worker","Croissement Kianza et Université","All_modes","423"
"2020-05-20","Lemba","Kingabwa","3h","Outside_Resident","Outside_Worker","Eglise La Semence Seeds Church","All_modes","34"
"2020-05-20","Lemba","Kingabwa","3h","Outside_Resident","Outside_Worker","Eglise Mission Evangelique Réconciliation Spirituel International MERSI","All_modes","25"
"2020-05-20","Lemba","Kingabwa","3h","Outside_Resident","Outside_Worker","Eglise les Semeurs","All_modes","44"
"2020-05-20","Lemba","Kingabwa","3h","Outside_Resident","Outside_Worker","MED CITE DES PRIERES","All_modes","26"
"2020-05-20","Lemba","Kingabwa","3h","Outside_Resident","Outside_Worker","Marché de super lemba","All_modes","25"
"2020-05-20","Lemba","Kingabwa","3h","Outside_Resident","Outside_Worker","Ministere combat spirituel","All_modes","26"
"2020-05-20","Lemba","Kingabwa","3h","Outside_Resident","Outside_Worker","Paroisse Notre-Dame d'Afrique","All_modes","25"
"2020-05-20","Lemba","Kingabwa","3h","Outside_Resident","Outside_Worker","Paroisse Saint Benoît","All_modes","35"
"2020-05-20","Lemba","Kingabwa","3h","Outside_Resident","Outside_Worker","Pont Matete","All_modes","35"
"2020-05-20","Lemba","Kingabwa","3h","Outside_Resident","Outside_Worker","Reine des Apôtres","All_modes","26"
"2020-05-20","Lemba","Kingabwa","3h","Outside_Resident","Outside_Worker","Rond Point Ngaba","All_modes","26"
"2020-05-20","Lemba","Kingabwa","3h","Outside_Resident","Outside_Worker","Saint Augustin de Lemba","All_modes","25"
"2020-05-20","Lemba","Kingabwa","3h","Outside_Resident","Outside_Worker","St.Christine","All_modes","26"
"2020-05-20","Lemba","Kingabwa","3h","Outside_Resident","Outside_Worker","ZoneGlobale","All_modes","630"
"2020-05-20","Lemba","Kingabwa","3h","Outside_Resident","Outside_Worker","eglise protestante de lemba","All_modes","25"
"2020-05-20","Lemba","Kingabwa","3h","Outside_Resident","Destination_Zone_Worker","Croissement Kianza et Université","All_modes","32"
"2020-05-20","Lemba","Kingabwa","3h","Outside_Resident","Destination_Zone_Worker","ZoneGlobale","All_modes","136"
"2020-05-20","Lemba","Kingabwa","3h","Outside_Resident","Study_Zone_Worker","Centre Evangélique la Résurrection","All_modes","25"
"2020-05-20","Lemba","Kingabwa","3h","Outside_Resident","Study_Zone_Worker","ZoneGlobale","All_modes","59"
"2020-05-20","Lemba","Kingabwa","3h","Outside_Resident","Origin_Zone_Worker","Eglise Francophone Ecole de Tyrannus","All_modes","25"
"2020-05-20","Lemba","Kingabwa","3h","Outside_Resident","Origin_Zone_Worker","Eglise les Semeurs","All_modes","25"
"2020-05-20","Lemba","Kingabwa","3h","Outside_Resident","Origin_Zone_Worker","ZoneGlobale","All_modes","51"
"2020-05-20","Lemba","Kingabwa","3h","Destination_Zone_Resident","Outside_Worker","ZoneGlobale","All_modes","25"
"2020-05-20","Lemba","Kingabwa","3h","Destination_Zone_Resident","Destination_Zone_Worker","Baruti Tabernacle","All_modes","26"
"2020-05-20","Lemba","Kingabwa","3h","Destination_Zone_Resident","Destination_Zone_Worker","CREFM Eglise La Compassion","All_modes","68"
"2020-05-20","Lemba","Kingabwa","3h","Destination_Zone_Resident","Destination_Zone_Worker","Centre Evangélique la Résurrection","All_modes","121"
"2020-05-20","Lemba","Kingabwa","3h","Destination_Zone_Resident","Destination_Zone_Worker","Clinique Universitaire Kinshasa","All_modes","26"
"2020-05-20","Lemba","Kingabwa","3h","Destination_Zone_Resident","Destination_Zone_Worker","Croissement Kianza et Université","All_modes","26"
"2020-05-20","Lemba","Kingabwa","3h","Destination_Zone_Resident","Destination_Zone_Worker","Eglise Francophone Ecole de Tyrannus","All_modes","34"
"2020-05-20","Lemba","Kingabwa","3h","Destination_Zone_Resident","Destination_Zone_Worker","Eglise Kimbanguiste","All_modes","50"
"2020-05-20","Lemba","Kingabwa","3h","Destination_Zone_Resident","Destination_Zone_Worker","Eglise La Semence Seeds Church","All_modes","43"
"2020-05-20","Lemba","Kingabwa","3h","Destination_Zone_Resident","Destination_Zone_Worker","Eglise Mission Evangelique Réconciliation Spirituel International MERSI","All_modes","101"
"2020-05-20","Lemba","Kingabwa","3h","Destination_Zone_Resident","Destination_Zone_Worker","Eglise Néo Apostolique RDC Ouest","All_modes","24"
"2020-05-20","Lemba","Kingabwa","3h","Destination_Zone_Resident","Destination_Zone_Worker","Eglise de Jesus-Christ des saints des derniers jours","All_modes","78"
"2020-05-20","Lemba","Kingabwa","3h","Destination_Zone_Resident","Destination_Zone_Worker","Eglise les Semeurs","All_modes","60"
"2020-05-20","Lemba","Kingabwa","3h","Destination_Zone_Resident","Destination_Zone_Worker","Lemba Terminus","All_modes","52"
"2020-05-20","Lemba","Kingabwa","3h","Destination_Zone_Resident","Destination_Zone_Worker","Marché de super lemba","All_modes","75"
"2020-05-20","Lemba","Kingabwa","3h","Destination_Zone_Resident","Destination_Zone_Worker","Ministere combat spirituel","All_modes","59"
"2020-05-20","Lemba","Kingabwa","3h","Destination_Zone_Resident","Destination_Zone_Worker","Paroisse Notre-Dame d'Afrique","All_modes","35"
"2020-05-20","Lemba","Kingabwa","3h","Destination_Zone_Resident","Destination_Zone_Worker","Paroisse Saint Benoît","All_modes","43"
"2020-05-20","Lemba","Kingabwa","3h","Destination_Zone_Resident","Destination_Zone_Worker","Pont Matete","All_modes","94"
"2020-05-20","Lemba","Kingabwa","3h","Destination_Zone_Resident","Destination_Zone_Worker","Religieuses de l'Assomption","All_modes","85"
"2020-05-20","Lemba","Kingabwa","3h","Destination_Zone_Resident","Destination_Zone_Worker","Rond point super lemba","All_modes","101"
"2020-05-20","Lemba","Kingabwa","3h","Destination_Zone_Resident","Destination_Zone_Worker","Saint Augustin de Lemba","All_modes","93"
"2020-05-20","Lemba","Kingabwa","3h","Destination_Zone_Resident","Destination_Zone_Worker","St Joseph de Kinshasa","All_modes","34"
"2020-05-20","Lemba","Kingabwa","3h","Destination_Zone_Resident","Destination_Zone_Worker","Terrain d'Assemblée des Témoins de Jéhovah","All_modes","24"
"2020-05-20","Lemba","Kingabwa","3h","Destination_Zone_Resident","Destination_Zone_Worker","ZoneGlobale","All_modes","353"
"2020-05-20","Lemba","Kingabwa","3h","Destination_Zone_Resident","Destination_Zone_Worker","eglise protestante de lemba","All_modes","84"
"2020-05-20","Lemba","Kingabwa","3h","Destination_Zone_Resident","Origin_Zone_Worker","ZoneGlobale","All_modes","33"
"2020-05-20","Lemba","Kingabwa","3h","Study_Zone_Resident","Outside_Worker","ZoneGlobale","All_modes","24"
"2020-05-20","Lemba","Kingabwa","3h","Study_Zone_Resident","Destination_Zone_Worker","ZoneGlobale","All_modes","33"
"2020-05-20","Lemba","Kingabwa","3h","Study_Zone_Resident","Study_Zone_Worker","CREFM Eglise La Compassion","All_modes","52"
"2020-05-20","Lemba","Kingabwa","3h","Study_Zone_Resident","Study_Zone_Worker","Centre Evangélique la Résurrection","All_modes","60"
"2020-05-20","Lemba","Kingabwa","3h","Study_Zone_Resident","Study_Zone_Worker","Croissement Kianza et Université","All_modes","42"
"2020-05-20","Lemba","Kingabwa","3h","Study_Zone_Resident","Study_Zone_Worker","Eglise Francophone Ecole de Tyrannus","All_modes","24"
"2020-05-20","Lemba","Kingabwa","3h","Study_Zone_Resident","Study_Zone_Worker","Eglise Kimbanguiste","All_modes","252"
"2020-05-20","Lemba","Kingabwa","3h","Study_Zone_Resident","Study_Zone_Worker","Eglise La Semence Seeds Church","All_modes","26"
"2020-05-20","Lemba","Kingabwa","3h","Study_Zone_Resident","Study_Zone_Worker","Eglise Mission Evangelique Réconciliation Spirituel International MERSI","All_modes","26"
"2020-05-20","Lemba","Kingabwa","3h","Study_Zone_Resident","Study_Zone_Worker","Eglise de Jesus-Christ des saints des derniers jours","All_modes","43"
"2020-05-20","Lemba","Kingabwa","3h","Study_Zone_Resident","Study_Zone_Worker","Eglise les Semeurs","All_modes","42"
"2020-05-20","Lemba","Kingabwa","3h","Study_Zone_Resident","Study_Zone_Worker","Eglise locale Cbfc Itaga","All_modes","235"
"2020-05-20","Lemba","Kingabwa","3h","Study_Zone_Resident","Study_Zone_Worker","Lemba Terminus","All_modes","50"
"2020-05-20","Lemba","Kingabwa","3h","Study_Zone_Resident","Study_Zone_Worker","MED CITE DES PRIERES","All_modes","25"
"2020-05-20","Lemba","Kingabwa","3h","Study_Zone_Resident","Study_Zone_Worker","Ministere combat spirituel","All_modes","26"
"2020-05-20","Lemba","Kingabwa","3h","Study_Zone_Resident","Study_Zone_Worker","Paroisse Saint Benoît","All_modes","42"
"2020-05-20","Lemba","Kingabwa","3h","Study_Zone_Resident","Study_Zone_Worker","Pont Matete","All_modes","26"
"2020-05-20","Lemba","Kingabwa","3h","Study_Zone_Resident","Study_Zone_Worker","Religieuses de l'Assomption","All_modes","24"
"2020-05-20","Lemba","Kingabwa","3h","Study_Zone_Resident","Study_Zone_Worker","Rond Point Ngaba","All_modes","25"
"2020-05-20","Lemba","Kingabwa","3h","Study_Zone_Resident","Study_Zone_Worker","Saint Augustin de Lemba","All_modes","42"
"2020-05-20","Lemba","Kingabwa","3h","Study_Zone_Resident","Study_Zone_Worker","St.Christine","All_modes","25"
"2020-05-20","Lemba","Kingabwa","3h","Study_Zone_Resident","Study_Zone_Worker","ZoneGlobale","All_modes","431"
"2020-05-20","Lemba","Kingabwa","3h","Study_Zone_Resident","Study_Zone_Worker","eglise protestante de lemba","All_modes","25"
"2020-05-20","Lemba","Kingabwa","3h","Study_Zone_Resident","Origin_Zone_Worker","Eglise Francophone Ecole de Tyrannus","All_modes","34"
"2020-05-20","Lemba","Kingabwa","3h","Study_Zone_Resident","Origin_Zone_Worker","Eglise les Semeurs","All_modes","25"
"2020-05-20","Lemba","Kingabwa","3h","Study_Zone_Resident","Origin_Zone_Worker","Paroisse Saint Benoît","All_modes","34"
"2020-05-20","Lemba","Kingabwa","3h","Study_Zone_Resident","Origin_Zone_Worker","ZoneGlobale","All_modes","68"
"2020-05-20","Lemba","Kingabwa","3h","Origin_Zone_Resident","Outside_Worker","Eglise Francophone Ecole de Tyrannus","All_modes","34"
"2020-05-20","Lemba","Kingabwa","3h","Origin_Zone_Resident","Outside_Worker","Eglise les Semeurs","All_modes","34"
"2020-05-20","Lemba","Kingabwa","3h","Origin_Zone_Resident","Outside_Worker","Paroisse Saint Benoît","All_modes","43"
"2020-05-20","Lemba","Kingabwa","3h","Origin_Zone_Resident","Outside_Worker","ZoneGlobale","All_modes","95"
"2020-05-20","Lemba","Kingabwa","3h","Origin_Zone_Resident","Destination_Zone_Worker","Baruti Tabernacle","All_modes","34"
"2020-05-20","Lemba","Kingabwa","3h","Origin_Zone_Resident","Destination_Zone_Worker","CREFM Eglise La Compassion","All_modes","42"
"2020-05-20","Lemba","Kingabwa","3h","Origin_Zone_Resident","Destination_Zone_Worker","Centre Evangélique la Résurrection","All_modes","51"
"2020-05-20","Lemba","Kingabwa","3h","Origin_Zone_Resident","Destination_Zone_Worker","Croissement Kianza et Université","All_modes","34"
"2020-05-20","Lemba","Kingabwa","3h","Origin_Zone_Resident","Destination_Zone_Worker","Eglise Francophone Ecole de Tyrannus","All_modes","26"
"2020-05-20","Lemba","Kingabwa","3h","Origin_Zone_Resident","Destination_Zone_Worker","Eglise La Semence Seeds Church","All_modes","34"
"2020-05-20","Lemba","Kingabwa","3h","Origin_Zone_Resident","Destination_Zone_Worker","Eglise Mission Evangelique Réconciliation Spirituel International MERSI","All_modes","59"
"2020-05-20","Lemba","Kingabwa","3h","Origin_Zone_Resident","Destination_Zone_Worker","Eglise les Semeurs","All_modes","34"
"2020-05-20","Lemba","Kingabwa","3h","Origin_Zone_Resident","Destination_Zone_Worker","Marché de super lemba","All_modes","51"
"2020-05-20","Lemba","Kingabwa","3h","Origin_Zone_Resident","Destination_Zone_Worker","Ministere combat spirituel","All_modes","34"
"2020-05-20","Lemba","Kingabwa","3h","Origin_Zone_Resident","Destination_Zone_Worker","Mosque Kingabwa","All_modes","24"
"2020-05-20","Lemba","Kingabwa","3h","Origin_Zone_Resident","Destination_Zone_Worker","Paroisse Notre-Dame d'Afrique","All_modes","26"
"2020-05-20","Lemba","Kingabwa","3h","Origin_Zone_Resident","Destination_Zone_Worker","Pont Matete","All_modes","34"
"2020-05-20","Lemba","Kingabwa","3h","Origin_Zone_Resident","Destination_Zone_Worker","Religieuses de l'Assomption","All_modes","60"
"2020-05-20","Lemba","Kingabwa","3h","Origin_Zone_Resident","Destination_Zone_Worker","Rond point super lemba","All_modes","42"
"2020-05-20","Lemba","Kingabwa","3h","Origin_Zone_Resident","Destination_Zone_Worker","Saint Augustin de Lemba","All_modes","60"
"2020-05-20","Lemba","Kingabwa","3h","Origin_Zone_Resident","Destination_Zone_Worker","ZoneGlobale","All_modes","266"
"2020-05-20","Lemba","Kingabwa","3h","Origin_Zone_Resident","Destination_Zone_Worker","eglise protestante de lemba","All_modes","60"
"2020-05-20","Lemba","Kingabwa","3h","Origin_Zone_Resident","Study_Zone_Worker","Centre Evangélique la Résurrection","All_modes","34"
"2020-05-20","Lemba","Kingabwa","3h","Origin_Zone_Resident","Study_Zone_Worker","Croissement Kianza et Université","All_modes","52"
"2020-05-20","Lemba","Kingabwa","3h","Origin_Zone_Resident","Study_Zone_Worker","Eglise Francophone Ecole de Tyrannus","All_modes","25"
"2020-05-20","Lemba","Kingabwa","3h","Origin_Zone_Resident","Study_Zone_Worker","Eglise de Jesus-Christ des saints des derniers jours","All_modes","25"
"2020-05-20","Lemba","Kingabwa","3h","Origin_Zone_Resident","Study_Zone_Worker","Eglise les Semeurs","All_modes","42"
"2020-05-20","Lemba","Kingabwa","3h","Origin_Zone_Resident","Study_Zone_Worker","Institut National des arts","All_modes","26"
"2020-05-20","Lemba","Kingabwa","3h","Origin_Zone_Resident","Study_Zone_Worker","Rond point super lemba","All_modes","26"
"2020-05-20","Lemba","Kingabwa","3h","Origin_Zone_Resident","Study_Zone_Worker","Saint Augustin de Lemba","All_modes","26"
"2020-05-20","Lemba","Kingabwa","3h","Origin_Zone_Resident","Study_Zone_Worker","ZoneGlobale","All_modes","189"
"2020-05-20","Lemba","Kingabwa","3h","Origin_Zone_Resident","Origin_Zone_Worker","Baruti Tabernacle","All_modes","129"
"2020-05-20","Lemba","Kingabwa","3h","Origin_Zone_Resident","Origin_Zone_Worker","CREFM Eglise La Compassion","All_modes","77"
"2020-05-20","Lemba","Kingabwa","3h","Origin_Zone_Resident","Origin_Zone_Worker","Centre Evangélique LA TRINITE","All_modes","33"
"2020-05-20","Lemba","Kingabwa","3h","Origin_Zone_Resident","Origin_Zone_Worker","Centre Evangélique la Résurrection","All_modes","146"
"2020-05-20","Lemba","Kingabwa","3h","Origin_Zone_Resident","Origin_Zone_Worker","Centre Missionnaire Evangélique au Congo","All_modes","111"
"2020-05-20","Lemba","Kingabwa","3h","Origin_Zone_Resident","Origin_Zone_Worker","Croissement Kianza et Université","All_modes","86"
"2020-05-20","Lemba","Kingabwa","3h","Origin_Zone_Resident","Origin_Zone_Worker","Eglise FEPACO Nzambe Malamu","All_modes","52"
"2020-05-20","Lemba","Kingabwa","3h","Origin_Zone_Resident","Origin_Zone_Worker","Eglise Francophone Ecole de Tyrannus","All_modes","196"
"2020-05-20","Lemba","Kingabwa","3h","Origin_Zone_Resident","Origin_Zone_Worker","Eglise Kimbanguiste","All_modes","76"
"2020-05-20","Lemba","Kingabwa","3h","Origin_Zone_Resident","Origin_Zone_Worker","Eglise La Semence Seeds Church","All_modes","103"
"2020-05-20","Lemba","Kingabwa","3h","Origin_Zone_Resident","Origin_Zone_Worker","Eglise Mission Evangelique Réconciliation Spirituel International MERSI","All_modes","171"
"2020-05-20","Lemba","Kingabwa","3h","Origin_Zone_Resident","Origin_Zone_Worker","Eglise de Jesus-Christ des saints des derniers jours","All_modes","42"
"2020-05-20","Lemba","Kingabwa","3h","Origin_Zone_Resident","Origin_Zone_Worker","Eglise les Semeurs","All_modes","204"
"2020-05-20","Lemba","Kingabwa","3h","Origin_Zone_Resident","Origin_Zone_Worker","Lemba Terminus","All_modes","342"
"2020-05-20","Lemba","Kingabwa","3h","Origin_Zone_Resident","Origin_Zone_Worker","MED CITE DES PRIERES","All_modes","34"
"2020-05-20","Lemba","Kingabwa","3h","Origin_Zone_Resident","Origin_Zone_Worker","Maché De Kadi","All_modes","26"
"2020-05-20","Lemba","Kingabwa","3h","Origin_Zone_Resident","Origin_Zone_Worker","Marché de super lemba","All_modes","155"
"2020-05-20","Lemba","Kingabwa","3h","Origin_Zone_Resident","Origin_Zone_Worker","Ministere combat spirituel","All_modes","42"
"2020-05-20","Lemba","Kingabwa","3h","Origin_Zone_Resident","Origin_Zone_Worker","Paroisse Notre-Dame d'Afrique","All_modes","85"
"2020-05-20","Lemba","Kingabwa","3h","Origin_Zone_Resident","Origin_Zone_Worker","Paroisse Saint Benoît","All_modes","186"
"2020-05-20","Lemba","Kingabwa","3h","Origin_Zone_Resident","Origin_Zone_Worker","Pont Matete","All_modes","59"
"2020-05-20","Lemba","Kingabwa","3h","Origin_Zone_Resident","Origin_Zone_Worker","Religieuses de l'Assomption","All_modes","181"
"2020-05-20","Lemba","Kingabwa","3h","Origin_Zone_Resident","Origin_Zone_Worker","Rond Point Ngaba","All_modes","34"
"2020-05-20","Lemba","Kingabwa","3h","Origin_Zone_Resident","Origin_Zone_Worker","Rond point super lemba","All_modes","180"
"2020-05-20","Lemba","Kingabwa","3h","Origin_Zone_Resident","Origin_Zone_Worker","Saint Augustin de Lemba","All_modes","240"
"2020-05-20","Lemba","Kingabwa","3h","Origin_Zone_Resident","Origin_Zone_Worker","St.Christine","All_modes","34"
"2020-05-20","Lemba","Kingabwa","3h","Origin_Zone_Resident","Origin_Zone_Worker","ZoneGlobale","All_modes","920"
"2020-05-20","Lemba","Kingabwa","3h","Origin_Zone_Resident","Origin_Zone_Worker","eglise protestante de lemba","All_modes","163"
"2020-05-20","Lemba","Kinshasa","1h","Outside_Resident","Outside_Worker","Croissement Kianza et Université","All_modes","33"
"2020-05-20","Lemba","Kinshasa","1h","Outside_Resident","Outside_Worker","Eglise des assemblées de dieu","All_modes","26"
"2020-05-20","Lemba","Kinshasa","1h","Outside_Resident","Outside_Worker","Huillerie","All_modes","42"
"2020-05-20","Lemba","Kinshasa","1h","Outside_Resident","Outside_Worker","Mosque Centrale Usoke","All_modes","25"
"2020-05-20","Lemba","Kinshasa","1h","Outside_Resident","Outside_Worker","ZoneGlobale","All_modes","102"
"2020-05-20","Lemba","Kinshasa","1h","Outside_Resident","Origin_Zone_Worker","ZoneGlobale","All_modes","59"
"2020-05-20","Lemba","Kinshasa","1h","Destination_Zone_Resident","Destination_Zone_Worker","Croissement Kianza et Université","All_modes","42"
"2020-05-20","Lemba","Kinshasa","1h","Destination_Zone_Resident","Destination_Zone_Worker","Eglise Mission Evangelique Réconciliation Spirituel International MERSI","All_modes","34"
"2020-05-20","Lemba","Kinshasa","1h","Destination_Zone_Resident","Destination_Zone_Worker","Eglise les Semeurs","All_modes","25"
"2020-05-20","Lemba","Kinshasa","1h","Destination_Zone_Resident","Destination_Zone_Worker","Huillerie","All_modes","77"
"2020-05-20","Lemba","Kinshasa","1h","Destination_Zone_Resident","Destination_Zone_Worker","Intendance (UNIKIN)","All_modes","37"
"2020-05-20","Lemba","Kinshasa","1h","Destination_Zone_Resident","Destination_Zone_Worker","MED CITE DES PRIERES","All_modes","42"
"2020-05-20","Lemba","Kinshasa","1h","Destination_Zone_Resident","Destination_Zone_Worker","Marché de Mbanza Lemba","All_modes","46"
"2020-05-20","Lemba","Kinshasa","1h","Destination_Zone_Resident","Destination_Zone_Worker","Marché de super lemba","All_modes","34"
"2020-05-20","Lemba","Kinshasa","1h","Destination_Zone_Resident","Destination_Zone_Worker","Mosque Centrale Usoke","All_modes","34"
"2020-05-20","Lemba","Kinshasa","1h","Destination_Zone_Resident","Destination_Zone_Worker","Place Commercial de limete (7 rue)","All_modes","46"
"2020-05-20","Lemba","Kinshasa","1h","Destination_Zone_Resident","Destination_Zone_Worker","Religieuses de l'Assomption","All_modes","25"
"2020-05-20","Lemba","Kinshasa","1h","Destination_Zone_Resident","Destination_Zone_Worker","Rond Point Ngaba","All_modes","42"
"2020-05-20","Lemba","Kinshasa","1h","Destination_Zone_Resident","Destination_Zone_Worker","Rond point super lemba","All_modes","34"
"2020-05-20","Lemba","Kinshasa","1h","Destination_Zone_Resident","Destination_Zone_Worker","Saint Augustin de Lemba","All_modes","51"
"2020-05-20","Lemba","Kinshasa","1h","Destination_Zone_Resident","Destination_Zone_Worker","St.Christine","All_modes","42"
"2020-05-20","Lemba","Kinshasa","1h","Destination_Zone_Resident","Destination_Zone_Worker","Stade des Martyrs","All_modes","35"
"2020-05-20","Lemba","Kinshasa","1h","Destination_Zone_Resident","Destination_Zone_Worker","ZoneGlobale","All_modes","200"
"2020-05-20","Lemba","Kinshasa","1h","Destination_Zone_Resident","Destination_Zone_Worker","eglise protestante de lemba","All_modes","43"
"2020-05-20","Lemba","Kinshasa","1h","Destination_Zone_Resident","Study_Zone_Worker","ZoneGlobale","All_modes","25"
"2020-05-20","Lemba","Kinshasa","1h","Study_Zone_Resident","Destination_Zone_Worker","ZoneGlobale","All_modes","59"
"2020-05-20","Lemba","Kinshasa","1h","Study_Zone_Resident","Study_Zone_Worker","Baruti Tabernacle","All_modes","43"
"2020-05-20","Lemba","Kinshasa","1h","Study_Zone_Resident","Study_Zone_Worker","CREFM Eglise La Compassion","All_modes","33"
"2020-05-20","Lemba","Kinshasa","1h","Study_Zone_Resident","Study_Zone_Worker","Centre Evangélique la Résurrection","All_modes","33"
"2020-05-20","Lemba","Kinshasa","1h","Study_Zone_Resident","Study_Zone_Worker","Clinique Universitaire Kinshasa","All_modes","32"
"2020-05-20","Lemba","Kinshasa","1h","Study_Zone_Resident","Study_Zone_Worker","Croissement Kianza et Université","All_modes","43"
"2020-05-20","Lemba","Kinshasa","1h","Study_Zone_Resident","Study_Zone_Worker","Eglise Francophone Ecole de Tyrannus","All_modes","33"
"2020-05-20","Lemba","Kinshasa","1h","Study_Zone_Resident","Study_Zone_Worker","Eglise Mission Evangelique Réconciliation Spirituel International MERSI","All_modes","26"
"2020-05-20","Lemba","Kinshasa","1h","Study_Zone_Resident","Study_Zone_Worker","Eglise des assemblées de dieu","All_modes","26"
"2020-05-20","Lemba","Kinshasa","1h","Study_Zone_Resident","Study_Zone_Worker","Eglise les Semeurs","All_modes","51"
"2020-05-20","Lemba","Kinshasa","1h","Study_Zone_Resident","Study_Zone_Worker","Eglise locale Cbfc Itaga","All_modes","34"
"2020-05-20","Lemba","Kinshasa","1h","Study_Zone_Resident","Study_Zone_Worker","Huillerie","All_modes","34"
"2020-05-20","Lemba","Kinshasa","1h","Study_Zone_Resident","Study_Zone_Worker","Lemba Terminus","All_modes","48"
"2020-05-20","Lemba","Kinshasa","1h","Study_Zone_Resident","Study_Zone_Worker","MED CITE DES PRIERES","All_modes","34"
"2020-05-20","Lemba","Kinshasa","1h","Study_Zone_Resident","Study_Zone_Worker","Marché de super lemba","All_modes","43"
"2020-05-20","Lemba","Kinshasa","1h","Study_Zone_Resident","Study_Zone_Worker","Mosque Centrale Usoke","All_modes","51"
"2020-05-20","Lemba","Kinshasa","1h","Study_Zone_Resident","Study_Zone_Worker","Paroisse Saint Benoît","All_modes","42"
"2020-05-20","Lemba","Kinshasa","1h","Study_Zone_Resident","Study_Zone_Worker","Pont Matete","All_modes","25"
"2020-05-20","Lemba","Kinshasa","1h","Study_Zone_Resident","Study_Zone_Worker","Religieuses de l'Assomption","All_modes","34"
"2020-05-20","Lemba","Kinshasa","1h","Study_Zone_Resident","Study_Zone_Worker","Rond Point Ngaba","All_modes","42"
"2020-05-20","Lemba","Kinshasa","1h","Study_Zone_Resident","Study_Zone_Worker","Rond point super lemba","All_modes","43"
"2020-05-20","Lemba","Kinshasa","1h","Study_Zone_Resident","Study_Zone_Worker","Saint Augustin de Lemba","All_modes","51"
"2020-05-20","Lemba","Kinshasa","1h","Study_Zone_Resident","Study_Zone_Worker","St.Christine","All_modes","34"
"2020-05-20","Lemba","Kinshasa","1h","Study_Zone_Resident","Study_Zone_Worker","ZoneGlobale","All_modes","189"
"2020-05-20","Lemba","Kinshasa","1h","Study_Zone_Resident","Study_Zone_Worker","eglise protestante de lemba","All_modes","43"
"2020-05-20","Lemba","Kinshasa","1h","Study_Zone_Resident","Origin_Zone_Worker","ZoneGlobale","All_modes","25"
"2020-05-20","Lemba","Kinshasa","1h","Origin_Zone_Resident","Outside_Worker","Croissement Kianza et Université","All_modes","25"
"2020-05-20","Lemba","Kinshasa","1h","Origin_Zone_Resident","Outside_Worker","ZoneGlobale","All_modes","34"
"2020-05-20","Lemba","Kinshasa","1h","Origin_Zone_Resident","Destination_Zone_Worker","Baruti Tabernacle","All_modes","43"
"2020-05-20","Lemba","Kinshasa","1h","Origin_Zone_Resident","Destination_Zone_Worker","Centre Evangélique la Résurrection","All_modes","25"
"2020-05-20","Lemba","Kinshasa","1h","Origin_Zone_Resident","Destination_Zone_Worker","Croissement Kianza et Université","All_modes","44"
"2020-05-20","Lemba","Kinshasa","1h","Origin_Zone_Resident","Destination_Zone_Worker","Eglise Francophone Ecole de Tyrannus","All_modes","43"
"2020-05-20","Lemba","Kinshasa","1h","Origin_Zone_Resident","Destination_Zone_Worker","Eglise des assemblées de dieu","All_modes","43"
"2020-05-20","Lemba","Kinshasa","1h","Origin_Zone_Resident","Destination_Zone_Worker","Eglise les Semeurs","All_modes","34"
"2020-05-20","Lemba","Kinshasa","1h","Origin_Zone_Resident","Destination_Zone_Worker","Eglise locale Cbfc Itaga","All_modes","43"
"2020-05-20","Lemba","Kinshasa","1h","Origin_Zone_Resident","Destination_Zone_Worker","Huillerie","All_modes","52"
"2020-05-20","Lemba","Kinshasa","1h","Origin_Zone_Resident","Destination_Zone_Worker","Mosque Centrale Usoke","All_modes","70"
"2020-05-20","Lemba","Kinshasa","1h","Origin_Zone_Resident","Destination_Zone_Worker","Paroisse Saint Benoît","All_modes","34"
"2020-05-20","Lemba","Kinshasa","1h","Origin_Zone_Resident","Destination_Zone_Worker","St Joseph de Kinshasa","All_modes","25"
"2020-05-20","Lemba","Kinshasa","1h","Origin_Zone_Resident","Destination_Zone_Worker","Stade des Martyrs","All_modes","33"
"2020-05-20","Lemba","Kinshasa","1h","Origin_Zone_Resident","Destination_Zone_Worker","ZoneGlobale","All_modes","242"
"2020-05-20","Lemba","Kinshasa","1h","Origin_Zone_Resident","Study_Zone_Worker","Croissement Kianza et Université","All_modes","26"
"2020-05-20","Lemba","Kinshasa","1h","Origin_Zone_Resident","Study_Zone_Worker","Mosque Centrale Usoke","All_modes","26"
"2020-05-20","Lemba","Kinshasa","1h","Origin_Zone_Resident","Study_Zone_Worker","ZoneGlobale","All_modes","95"
"2020-05-20","Lemba","Kinshasa","1h","Origin_Zone_Resident","Origin_Zone_Worker","Baruti Tabernacle","All_modes","42"
"2020-05-20","Lemba","Kinshasa","1h","Origin_Zone_Resident","Origin_Zone_Worker","Centre Evangélique la Résurrection","All_modes","25"
"2020-05-20","Lemba","Kinshasa","1h","Origin_Zone_Resident","Origin_Zone_Worker","Centre Missionnaire Evangélique au Congo","All_modes","26"
"2020-05-20","Lemba","Kinshasa","1h","Origin_Zone_Resident","Origin_Zone_Worker","Croissement Kianza et Université","All_modes","121"
"2020-05-20","Lemba","Kinshasa","1h","Origin_Zone_Resident","Origin_Zone_Worker","Eglise Francophone Ecole de Tyrannus","All_modes","138"
"2020-05-20","Lemba","Kinshasa","1h","Origin_Zone_Resident","Origin_Zone_Worker","Eglise Kimbanguiste","All_modes","60"
"2020-05-20","Lemba","Kinshasa","1h","Origin_Zone_Resident","Origin_Zone_Worker","Eglise Mission Evangelique Réconciliation Spirituel International MERSI","All_modes","42"
"2020-05-20","Lemba","Kinshasa","1h","Origin_Zone_Resident","Origin_Zone_Worker","Eglise des assemblées de dieu","All_modes","44"
"2020-05-20","Lemba","Kinshasa","1h","Origin_Zone_Resident","Origin_Zone_Worker","Eglise les Semeurs","All_modes","145"
"2020-05-20","Lemba","Kinshasa","1h","Origin_Zone_Resident","Origin_Zone_Worker","Eglise locale Cbfc Itaga","All_modes","102"
"2020-05-20","Lemba","Kinshasa","1h","Origin_Zone_Resident","Origin_Zone_Worker","Huillerie","All_modes","145"
"2020-05-20","Lemba","Kinshasa","1h","Origin_Zone_Resident","Origin_Zone_Worker","Lemba Terminus","All_modes","106"
"2020-05-20","Lemba","Kinshasa","1h","Origin_Zone_Resident","Origin_Zone_Worker","Marché central","All_modes","34"
"2020-05-20","Lemba","Kinshasa","1h","Origin_Zone_Resident","Origin_Zone_Worker","Marché de super lemba","All_modes","60"
"2020-05-20","Lemba","Kinshasa","1h","Origin_Zone_Resident","Origin_Zone_Worker","Mosque Centrale Usoke","All_modes","95"
"2020-05-20","Lemba","Kinshasa","1h","Origin_Zone_Resident","Origin_Zone_Worker","Paroisse Saint Benoît","All_modes","129"
"2020-05-20","Lemba","Kinshasa","1h","Origin_Zone_Resident","Origin_Zone_Worker","Place Commercial de limete (7 rue)","All_modes","34"
"2020-05-20","Lemba","Kinshasa","1h","Origin_Zone_Resident","Origin_Zone_Worker","Religieuses de l'Assomption","All_modes","111"
"2020-05-20","Lemba","Kinshasa","1h","Origin_Zone_Resident","Origin_Zone_Worker","Rond Point Ngaba","All_modes","25"
"2020-05-20","Lemba","Kinshasa","1h","Origin_Zone_Resident","Origin_Zone_Worker","Rond point super lemba","All_modes","86"
"2020-05-20","Lemba","Kinshasa","1h","Origin_Zone_Resident","Origin_Zone_Worker","Saint Augustin de Lemba","All_modes","146"
"2020-05-20","Lemba","Kinshasa","1h","Origin_Zone_Resident","Origin_Zone_Worker","Stade des Martyrs","All_modes","119"
"2020-05-20","Lemba","Kinshasa","1h","Origin_Zone_Resident","Origin_Zone_Worker","ZoneGlobale","All_modes","550"
"2020-05-20","Lemba","Kinshasa","1h","Origin_Zone_Resident","Origin_Zone_Worker","eglise protestante de lemba","All_modes","102"
"2020-05-20","Lemba","Kinshasa","3h","Outside_Resident","Outside_Worker","Croissement Kianza et Université","All_modes","61"
"2020-05-20","Lemba","Kinshasa","3h","Outside_Resident","Outside_Worker","Eglise Francophone Ecole de Tyrannus","All_modes","25"
"2020-05-20","Lemba","Kinshasa","3h","Outside_Resident","Outside_Worker","Eglise Kimbanguiste","All_modes","25"
"2020-05-20","Lemba","Kinshasa","3h","Outside_Resident","Outside_Worker","Eglise Mission Evangelique Réconciliation Spirituel International MERSI","All_modes","26"
"2020-05-20","Lemba","Kinshasa","3h","Outside_Resident","Outside_Worker","Eglise les Semeurs","All_modes","25"
"2020-05-20","Lemba","Kinshasa","3h","Outside_Resident","Outside_Worker","Lemba Terminus","All_modes","50"
"2020-05-20","Lemba","Kinshasa","3h","Outside_Resident","Outside_Worker","Religieuses de l'Assomption","All_modes","43"
"2020-05-20","Lemba","Kinshasa","3h","Outside_Resident","Outside_Worker","Saint Augustin de Lemba","All_modes","26"
"2020-05-20","Lemba","Kinshasa","3h","Outside_Resident","Outside_Worker","ZoneGlobale","All_modes","242"
"2020-05-20","Lemba","Kinshasa","3h","Outside_Resident","Outside_Worker","eglise protestante de lemba","All_modes","26"
"2020-05-20","Lemba","Kinshasa","3h","Outside_Resident","Destination_Zone_Worker","ZoneGlobale","All_modes","43"
"2020-05-20","Lemba","Kinshasa","3h","Outside_Resident","Study_Zone_Worker","ZoneGlobale","All_modes","26"
"2020-05-20","Lemba","Kinshasa","3h","Outside_Resident","Origin_Zone_Worker","ZoneGlobale","All_modes","67"
"2020-05-20","Lemba","Kinshasa","3h","Destination_Zone_Resident","Destination_Zone_Worker","Croissement Kianza et Université","All_modes","50"
"2020-05-20","Lemba","Kinshasa","3h","Destination_Zone_Resident","Destination_Zone_Worker","Eglise Mission Evangelique Réconciliation Spirituel International MERSI","All_modes","26"
"2020-05-20","Lemba","Kinshasa","3h","Destination_Zone_Resident","Destination_Zone_Worker","Intendance (UNIKIN)","All_modes","37"
"2020-05-20","Lemba","Kinshasa","3h","Destination_Zone_Resident","Destination_Zone_Worker","MED CITE DES PRIERES","All_modes","34"
"2020-05-20","Lemba","Kinshasa","3h","Destination_Zone_Resident","Destination_Zone_Worker","Marché de Mbanza Lemba","All_modes","46"
"2020-05-20","Lemba","Kinshasa","3h","Destination_Zone_Resident","Destination_Zone_Worker","Marché de super lemba","All_modes","26"
"2020-05-20","Lemba","Kinshasa","3h","Destination_Zone_Resident","Destination_Zone_Worker","Mosque Centrale Usoke","All_modes","25"
"2020-05-20","Lemba","Kinshasa","3h","Destination_Zone_Resident","Destination_Zone_Worker","Place Commercial de limete (7 rue)","All_modes","38"
"2020-05-20","Lemba","Kinshasa","3h","Destination_Zone_Resident","Destination_Zone_Worker","Rond Point Ngaba","All_modes","34"
"2020-05-20","Lemba","Kinshasa","3h","Destination_Zone_Resident","Destination_Zone_Worker","Rond point super lemba","All_modes","25"
"2020-05-20","Lemba","Kinshasa","3h","Destination_Zone_Resident","Destination_Zone_Worker","Saint Augustin de Lemba","All_modes","35"
"2020-05-20","Lemba","Kinshasa","3h","Destination_Zone_Resident","Destination_Zone_Worker","St.Christine","All_modes","34"
"2020-05-20","Lemba","Kinshasa","3h","Destination_Zone_Resident","Destination_Zone_Worker","ZoneGlobale","All_modes","165"
"2020-05-20","Lemba","Kinshasa","3h","Destination_Zone_Resident","Destination_Zone_Worker","eglise protestante de lemba","All_modes","26"
"2020-05-20","Lemba","Kinshasa","3h","Study_Zone_Resident","Destination_Zone_Worker","Croissement Kianza et Université","All_modes","25"
"2020-05-20","Lemba","Kinshasa","3h","Study_Zone_Resident","Destination_Zone_Worker","Saint Augustin de Lemba","All_modes","26"
"2020-05-20","Lemba","Kinshasa","3h","Study_Zone_Resident","Destination_Zone_Worker","ZoneGlobale","All_modes","77"
"2020-05-20","Lemba","Kinshasa","3h","Study_Zone_Resident","Destination_Zone_Worker","eglise protestante de lemba","All_modes","26"
"2020-05-20","Lemba","Kinshasa","3h","Study_Zone_Resident","Study_Zone_Worker","Clinique Universitaire Kinshasa","All_modes","26"
"2020-05-20","Lemba","Kinshasa","3h","Study_Zone_Resident","Study_Zone_Worker","Saint Augustin de Lemba","All_modes","25"
"2020-05-20","Lemba","Kinshasa","3h","Study_Zone_Resident","Study_Zone_Worker","ZoneGlobale","All_modes","136"
"2020-05-20","Lemba","Kinshasa","3h","Origin_Zone_Resident","Outside_Worker","Croissement Kianza et Université","All_modes","25"
"2020-05-20","Lemba","Kinshasa","3h","Origin_Zone_Resident","Outside_Worker","Eglise Francophone Ecole de Tyrannus","All_modes","36"
"2020-05-20","Lemba","Kinshasa","3h","Origin_Zone_Resident","Outside_Worker","Eglise les Semeurs","All_modes","27"
"2020-05-20","Lemba","Kinshasa","3h","Origin_Zone_Resident","Outside_Worker","ZoneGlobale","All_modes","86"
"2020-05-20","Lemba","Kinshasa","3h","Origin_Zone_Resident","Destination_Zone_Worker","Baruti Tabernacle","All_modes","34"
"2020-05-20","Lemba","Kinshasa","3h","Origin_Zone_Resident","Destination_Zone_Worker","Centre Evangélique la Résurrection","All_modes","25"
"2020-05-20","Lemba","Kinshasa","3h","Origin_Zone_Resident","Destination_Zone_Worker","Croissement Kianza et Université","All_modes","52"
"2020-05-20","Lemba","Kinshasa","3h","Origin_Zone_Resident","Destination_Zone_Worker","Eglise les Semeurs","All_modes","25"
"2020-05-20","Lemba","Kinshasa","3h","Origin_Zone_Resident","Destination_Zone_Worker","Huillerie","All_modes","25"
"2020-05-20","Lemba","Kinshasa","3h","Origin_Zone_Resident","Destination_Zone_Worker","Marché de super lemba","All_modes","43"
"2020-05-20","Lemba","Kinshasa","3h","Origin_Zone_Resident","Destination_Zone_Worker","Religieuses de l'Assomption","All_modes","34"
"2020-05-20","Lemba","Kinshasa","3h","Origin_Zone_Resident","Destination_Zone_Worker","Rond point super lemba","All_modes","25"
"2020-05-20","Lemba","Kinshasa","3h","Origin_Zone_Resident","Destination_Zone_Worker","Saint Augustin de Lemba","All_modes","51"
"2020-05-20","Lemba","Kinshasa","3h","Origin_Zone_Resident","Destination_Zone_Worker","ZoneGlobale","All_modes","258"
"2020-05-20","Lemba","Kinshasa","3h","Origin_Zone_Resident","Destination_Zone_Worker","eglise protestante de lemba","All_modes","43"
"2020-05-20","Lemba","Kinshasa","3h","Origin_Zone_Resident","Study_Zone_Worker","CREFM Eglise La Compassion","All_modes","25"
"2020-05-20","Lemba","Kinshasa","3h","Origin_Zone_Resident","Study_Zone_Worker","Centre Missionnaire Evangélique au Congo","All_modes","26"
"2020-05-20","Lemba","Kinshasa","3h","Origin_Zone_Resident","Study_Zone_Worker","Croissement Kianza et Université","All_modes","43"
"2020-05-20","Lemba","Kinshasa","3h","Origin_Zone_Resident","Study_Zone_Worker","Eglise Francophone Ecole de Tyrannus","All_modes","26"
"2020-05-20","Lemba","Kinshasa","3h","Origin_Zone_Resident","Study_Zone_Worker","Pont Matete","All_modes","25"
"2020-05-20","Lemba","Kinshasa","3h","Origin_Zone_Resident","Study_Zone_Worker","Saint Augustin de Lemba","All_modes","34"
"2020-05-20","Lemba","Kinshasa","3h","Origin_Zone_Resident","Study_Zone_Worker","ZoneGlobale","All_modes","129"
"2020-05-20","Lemba","Kinshasa","3h","Origin_Zone_Resident","Study_Zone_Worker","eglise protestante de lemba","All_modes","25"
"2020-05-20","Lemba","Kinshasa","3h","Origin_Zone_Resident","Origin_Zone_Worker","Baruti Tabernacle","All_modes","51"
"2020-05-20","Lemba","Kinshasa","3h","Origin_Zone_Resident","Origin_Zone_Worker","CREFM Eglise La Compassion","All_modes","26"
"2020-05-20","Lemba","Kinshasa","3h","Origin_Zone_Resident","Origin_Zone_Worker","Centre Evangélique la Résurrection","All_modes","42"
"2020-05-20","Lemba","Kinshasa","3h","Origin_Zone_Resident","Origin_Zone_Worker","Centre Missionnaire Evangélique au Congo","All_modes","43"
"2020-05-20","Lemba","Kinshasa","3h","Origin_Zone_Resident","Origin_Zone_Worker","Croissement Kianza et Université","All_modes","457"
"2020-05-20","Lemba","Kinshasa","3h","Origin_Zone_Resident","Origin_Zone_Worker","Eglise Francophone Ecole de Tyrannus","All_modes","153"
"2020-05-20","Lemba","Kinshasa","3h","Origin_Zone_Resident","Origin_Zone_Worker","Eglise Kimbanguiste","All_modes","34"
"2020-05-20","Lemba","Kinshasa","3h","Origin_Zone_Resident","Origin_Zone_Worker","Eglise La Semence Seeds Church","All_modes","42"
"2020-05-20","Lemba","Kinshasa","3h","Origin_Zone_Resident","Origin_Zone_Worker","Eglise Mission Evangelique Réconciliation Spirituel International MERSI","All_modes","60"
"2020-05-20","Lemba","Kinshasa","3h","Origin_Zone_Resident","Origin_Zone_Worker","Eglise les Semeurs","All_modes","170"
"2020-05-20","Lemba","Kinshasa","3h","Origin_Zone_Resident","Origin_Zone_Worker","Eglise locale Cbfc Itaga","All_modes","34"
"2020-05-20","Lemba","Kinshasa","3h","Origin_Zone_Resident","Origin_Zone_Worker","Lemba Terminus","All_modes","152"
"2020-05-20","Lemba","Kinshasa","3h","Origin_Zone_Resident","Origin_Zone_Worker","MED CITE DES PRIERES","All_modes","354"
"2020-05-20","Lemba","Kinshasa","3h","Origin_Zone_Resident","Origin_Zone_Worker","Marché de super lemba","All_modes","77"
"2020-05-20","Lemba","Kinshasa","3h","Origin_Zone_Resident","Origin_Zone_Worker","Mosque Centrale Usoke","All_modes","34"
"2020-05-20","Lemba","Kinshasa","3h","Origin_Zone_Resident","Origin_Zone_Worker","Paroisse Notre-Dame d'Afrique","All_modes","42"
"2020-05-20","Lemba","Kinshasa","3h","Origin_Zone_Resident","Origin_Zone_Worker","Paroisse Saint Benoît","All_modes","144"
"2020-05-20","Lemba","Kinshasa","3h","Origin_Zone_Resident","Origin_Zone_Worker","Pont Matete","All_modes","34"
"2020-05-20","Lemba","Kinshasa","3h","Origin_Zone_Resident","Origin_Zone_Worker","Religieuses de l'Assomption","All_modes","93"
"2020-05-20","Lemba","Kinshasa","3h","Origin_Zone_Resident","Origin_Zone_Worker","Rond Point Ngaba","All_modes","338"
"2020-05-20","Lemba","Kinshasa","3h","Origin_Zone_Resident","Origin_Zone_Worker","Rond point super lemba","All_modes","68"
"2020-05-20","Lemba","Kinshasa","3h","Origin_Zone_Resident","Origin_Zone_Worker","Saint Augustin de Lemba","All_modes","128"
"2020-05-20","Lemba","Kinshasa","3h","Origin_Zone_Resident","Origin_Zone_Worker","St.Christine","All_modes","354"
"2020-05-20","Lemba","Kinshasa","3h","Origin_Zone_Resident","Origin_Zone_Worker","Stade des Martyrs","All_modes","26"
"2020-05-20","Lemba","Kinshasa","3h","Origin_Zone_Resident","Origin_Zone_Worker","ZoneGlobale","All_modes","1031"
"2020-05-20","Lemba","Kinshasa","3h","Origin_Zone_Resident","Origin_Zone_Worker","eglise protestante de lemba","All_modes","76"
"2020-05-20","Lemba","Kintambo","1h","Outside_Resident","Outside_Worker","Arret Centre hospitalier de Kintambo","All_modes","25"
"2020-05-20","Lemba","Kintambo","1h","Outside_Resident","Outside_Worker","Arret Stade velodrome","All_modes","25"
"2020-05-20","Lemba","Kintambo","1h","Outside_Resident","Outside_Worker","Bar et Flat ABC","All_modes","25"
"2020-05-20","Lemba","Kintambo","1h","Outside_Resident","Outside_Worker","Rond point Kwado","All_modes","25"
"2020-05-20","Lemba","Kintambo","1h","Outside_Resident","Outside_Worker","Stade Vélodrome","All_modes","25"
"2020-05-20","Lemba","Kintambo","1h","Outside_Resident","Outside_Worker","Waz Chicken","All_modes","25"
"2020-05-20","Lemba","Kintambo","1h","Outside_Resident","Outside_Worker","ZoneGlobale","All_modes","50"
"2020-05-20","Lemba","Kintambo","1h","Destination_Zone_Resident","Destination_Zone_Worker","ZoneGlobale","All_modes","34"
"2020-05-20","Lemba","Kintambo","1h","Study_Zone_Resident","Study_Zone_Worker","Bar et Flat ABC","All_modes","25"
"2020-05-20","Lemba","Kintambo","1h","Study_Zone_Resident","Study_Zone_Worker","Le Balcon","All_modes","25"
"2020-05-20","Lemba","Kintambo","1h","Study_Zone_Resident","Study_Zone_Worker","Saint Augustin de Lemba","All_modes","26"
"2020-05-20","Lemba","Kintambo","1h","Study_Zone_Resident","Study_Zone_Worker","Stade Vélodrome","All_modes","26"
"2020-05-20","Lemba","Kintambo","1h","Study_Zone_Resident","Study_Zone_Worker","ZoneGlobale","All_modes","51"
"2020-05-20","Lemba","Kintambo","1h","Origin_Zone_Resident","Study_Zone_Worker","ZoneGlobale","All_modes","25"
"2020-05-20","Lemba","Kintambo","1h","Origin_Zone_Resident","Origin_Zone_Worker","Arret Stade velodrome","All_modes","42"
"2020-05-20","Lemba","Kintambo","1h","Origin_Zone_Resident","Origin_Zone_Worker","Arret Telecel Alingwa","All_modes","52"
"2020-05-20","Lemba","Kintambo","1h","Origin_Zone_Resident","Origin_Zone_Worker","Bar et Flat ABC","All_modes","34"
"2020-05-20","Lemba","Kintambo","1h","Origin_Zone_Resident","Origin_Zone_Worker","Baruti Tabernacle","All_modes","25"
"2020-05-20","Lemba","Kintambo","1h","Origin_Zone_Resident","Origin_Zone_Worker","CREFM Eglise La Compassion","All_modes","25"
"2020-05-20","Lemba","Kintambo","1h","Origin_Zone_Resident","Origin_Zone_Worker","Centre Evangélique la Résurrection","All_modes","25"
"2020-05-20","Lemba","Kintambo","1h","Origin_Zone_Resident","Origin_Zone_Worker","Eglise Mission Evangelique Réconciliation Spirituel International MERSI","All_modes","25"
"2020-05-20","Lemba","Kintambo","1h","Origin_Zone_Resident","Origin_Zone_Worker","Eglise les Semeurs","All_modes","26"
"2020-05-20","Lemba","Kintambo","1h","Origin_Zone_Resident","Origin_Zone_Worker","Marché de super lemba","All_modes","25"
"2020-05-20","Lemba","Kintambo","1h","Origin_Zone_Resident","Origin_Zone_Worker","Moni-Shop","All_modes","43"
"2020-05-20","Lemba","Kintambo","1h","Origin_Zone_Resident","Origin_Zone_Worker","Rond point Kwado","All_modes","25"
"2020-05-20","Lemba","Kintambo","1h","Origin_Zone_Resident","Origin_Zone_Worker","Rond point super lemba","All_modes","25"
"2020-05-20","Lemba","Kintambo","1h","Origin_Zone_Resident","Origin_Zone_Worker","Saint Augustin de Lemba","All_modes","34"
"2020-05-20","Lemba","Kintambo","1h","Origin_Zone_Resident","Origin_Zone_Worker","Stade Vélodrome","All_modes","69"
"2020-05-20","Lemba","Kintambo","1h","Origin_Zone_Resident","Origin_Zone_Worker","Waz Chicken","All_modes","25"
"2020-05-20","Lemba","Kintambo","1h","Origin_Zone_Resident","Origin_Zone_Worker","Western Union CFC","All_modes","26"
"2020-05-20","Lemba","Kintambo","1h","Origin_Zone_Resident","Origin_Zone_Worker","ZoneGlobale","All_modes","112"
"2020-05-20","Lemba","Kintambo","1h","Origin_Zone_Resident","Origin_Zone_Worker","eglise protestante de lemba","All_modes","25"
"2020-05-20","Lemba","Kintambo","3h","Outside_Resident","Outside_Worker","ZoneGlobale","All_modes","60"
"2020-05-20","Lemba","Kintambo","3h","Destination_Zone_Resident","Destination_Zone_Worker","ZoneGlobale","All_modes","24"
"2020-05-20","Lemba","Kintambo","3h","Study_Zone_Resident","Study_Zone_Worker","ZoneGlobale","All_modes","34"
"2020-05-20","Lemba","Kintambo","3h","Origin_Zone_Resident","Destination_Zone_Worker","ZoneGlobale","All_modes","25"
"2020-05-20","Lemba","Kintambo","3h","Origin_Zone_Resident","Study_Zone_Worker","ZoneGlobale","All_modes","25"
"2020-05-20","Lemba","Kintambo","3h","Origin_Zone_Resident","Origin_Zone_Worker","Baruti Tabernacle","All_modes","25"
"2020-05-20","Lemba","Kintambo","3h","Origin_Zone_Resident","Origin_Zone_Worker","CREFM Eglise La Compassion","All_modes","34"
"2020-05-20","Lemba","Kintambo","3h","Origin_Zone_Resident","Origin_Zone_Worker","Centre Evangélique la Résurrection","All_modes","34"
"2020-05-20","Lemba","Kintambo","3h","Origin_Zone_Resident","Origin_Zone_Worker","Croissement Kianza et Université","All_modes","25"
"2020-05-20","Lemba","Kintambo","3h","Origin_Zone_Resident","Origin_Zone_Worker","Eglise Francophone Ecole de Tyrannus","All_modes","25"
"2020-05-20","Lemba","Kintambo","3h","Origin_Zone_Resident","Origin_Zone_Worker","Eglise Kimbanguiste","All_modes","24"
"2020-05-20","Lemba","Kintambo","3h","Origin_Zone_Resident","Origin_Zone_Worker","Eglise La Semence Seeds Church","All_modes","25"
"2020-05-20","Lemba","Kintambo","3h","Origin_Zone_Resident","Origin_Zone_Worker","Eglise Mission Evangelique Réconciliation Spirituel International MERSI","All_modes","50"
"2020-05-20","Lemba","Kintambo","3h","Origin_Zone_Resident","Origin_Zone_Worker","Eglise les Semeurs","All_modes","41"
"2020-05-20","Lemba","Kintambo","3h","Origin_Zone_Resident","Origin_Zone_Worker","Lemba Terminus","All_modes","50"
"2020-05-20","Lemba","Kintambo","3h","Origin_Zone_Resident","Origin_Zone_Worker","Marché de super lemba","All_modes","34"
"2020-05-20","Lemba","Kintambo","3h","Origin_Zone_Resident","Origin_Zone_Worker","Paroisse Saint Benoît","All_modes","33"
"2020-05-20","Lemba","Kintambo","3h","Origin_Zone_Resident","Origin_Zone_Worker","Religieuses de l'Assomption","All_modes","33"
"2020-05-20","Lemba","Kintambo","3h","Origin_Zone_Resident","Origin_Zone_Worker","Rond point super lemba","All_modes","42"
"2020-05-20","Lemba","Kintambo","3h","Origin_Zone_Resident","Origin_Zone_Worker","Saint Augustin de Lemba","All_modes","50"
"2020-05-20","Lemba","Kintambo","3h","Origin_Zone_Resident","Origin_Zone_Worker","ZoneGlobale","All_modes","205"
"2020-05-20","Lemba","Kintambo","3h","Origin_Zone_Resident","Origin_Zone_Worker","eglise protestante de lemba","All_modes","34"
"2020-05-20","Lemba","Kisenso","1h","Outside_Resident","Outside_Worker","Baruti Tabernacle","All_modes","95"
"2020-05-20","Lemba","Kisenso","1h","Outside_Resident","Outside_Worker","Clinique Universitaire Kinshasa","All_modes","26"
"2020-05-20","Lemba","Kisenso","1h","Outside_Resident","Outside_Worker","Croissement Kianza et Université","All_modes","26"
"2020-05-20","Lemba","Kisenso","1h","Outside_Resident","Outside_Worker","Eglise Francophone Ecole de Tyrannus","All_modes","69"
"2020-05-20","Lemba","Kisenso","1h","Outside_Resident","Outside_Worker","Eglise Mission Evangelique Réconciliation Spirituel International MERSI","All_modes","24"
"2020-05-20","Lemba","Kisenso","1h","Outside_Resident","Outside_Worker","Eglise les Semeurs","All_modes","240"
"2020-05-20","Lemba","Kisenso","1h","Outside_Resident","Outside_Worker","Hôpital général de référence","All_modes","33"
"2020-05-20","Lemba","Kisenso","1h","Outside_Resident","Outside_Worker","Maché De Kadi","All_modes","88"
"2020-05-20","Lemba","Kisenso","1h","Outside_Resident","Outside_Worker","Marché Bumbu","All_modes","174"
"2020-05-20","Lemba","Kisenso","1h","Outside_Resident","Outside_Worker","Marché de Mbanza Lemba","All_modes","140"
"2020-05-20","Lemba","Kisenso","1h","Outside_Resident","Outside_Worker","Paroisse Saint Benoît","All_modes","154"
"2020-05-20","Lemba","Kisenso","1h","Outside_Resident","Outside_Worker","Religieuses de l'Assomption","All_modes","95"
"2020-05-20","Lemba","Kisenso","1h","Outside_Resident","Outside_Worker","Rond point super lemba","All_modes","34"
"2020-05-20","Lemba","Kisenso","1h","Outside_Resident","Outside_Worker","Saint Augustin de Lemba","All_modes","103"
"2020-05-20","Lemba","Kisenso","1h","Outside_Resident","Outside_Worker","ZoneGlobale","All_modes","845"
"2020-05-20","Lemba","Kisenso","1h","Outside_Resident","Outside_Worker","eglise protestante de lemba","All_modes","103"
"2020-05-20","Lemba","Kisenso","1h","Outside_Resident","Destination_Zone_Worker","Baruti Tabernacle","All_modes","25"
"2020-05-20","Lemba","Kisenso","1h","Outside_Resident","Destination_Zone_Worker","Marché de Mbanza Lemba","All_modes","42"
"2020-05-20","Lemba","Kisenso","1h","Outside_Resident","Destination_Zone_Worker","ZoneGlobale","All_modes","162"
"2020-05-20","Lemba","Kisenso","1h","Outside_Resident","Study_Zone_Worker","ZoneGlobale","All_modes","59"
"2020-05-20","Lemba","Kisenso","1h","Outside_Resident","Origin_Zone_Worker","Baruti Tabernacle","All_modes","25"
"2020-05-20","Lemba","Kisenso","1h","Outside_Resident","Origin_Zone_Worker","Eglise Mission Evangelique Réconciliation Spirituel International MERSI","All_modes","25"
"2020-05-20","Lemba","Kisenso","1h","Outside_Resident","Origin_Zone_Worker","Eglise les Semeurs","All_modes","34"
"2020-05-20","Lemba","Kisenso","1h","Outside_Resident","Origin_Zone_Worker","Maché De Kadi","All_modes","25"
"2020-05-20","Lemba","Kisenso","1h","Outside_Resident","Origin_Zone_Worker","Marché Bumbu","All_modes","54"
"2020-05-20","Lemba","Kisenso","1h","Outside_Resident","Origin_Zone_Worker","Marché de Mbanza Lemba","All_modes","43"
"2020-05-20","Lemba","Kisenso","1h","Outside_Resident","Origin_Zone_Worker","ZoneGlobale","All_modes","182"
"2020-05-20","Lemba","Kisenso","1h","Destination_Zone_Resident","Outside_Worker","Eglise les Semeurs","All_modes","52"
"2020-05-20","Lemba","Kisenso","1h","Destination_Zone_Resident","Outside_Worker","Maché De Kadi","All_modes","25"
"2020-05-20","Lemba","Kisenso","1h","Destination_Zone_Resident","Outside_Worker","Marché Bumbu","All_modes","50"
"2020-05-20","Lemba","Kisenso","1h","Destination_Zone_Resident","Outside_Worker","ZoneGlobale","All_modes","145"
"2020-05-20","Lemba","Kisenso","1h","Destination_Zone_Resident","Destination_Zone_Worker","Baruti Tabernacle","All_modes","494"
"2020-05-20","Lemba","Kisenso","1h","Destination_Zone_Resident","Destination_Zone_Worker","CREFM Eglise La Compassion","All_modes","66"
"2020-05-20","Lemba","Kisenso","1h","Destination_Zone_Resident","Destination_Zone_Worker","Centre Evangélique LA TRINITE","All_modes","25"
"2020-05-20","Lemba","Kisenso","1h","Destination_Zone_Resident","Destination_Zone_Worker","Centre Evangélique la Résurrection","All_modes","85"
"2020-05-20","Lemba","Kisenso","1h","Destination_Zone_Resident","Destination_Zone_Worker","Centre Missionnaire Evangélique au Congo","All_modes","59"
"2020-05-20","Lemba","Kisenso","1h","Destination_Zone_Resident","Destination_Zone_Worker","Clinique Universitaire Kinshasa","All_modes","103"
"2020-05-20","Lemba","Kisenso","1h","Destination_Zone_Resident","Destination_Zone_Worker","Croissement Kianza et Université","All_modes","85"
"2020-05-20","Lemba","Kisenso","1h","Destination_Zone_Resident","Destination_Zone_Worker","Eglise Francophone Ecole de Tyrannus","All_modes","159"
"2020-05-20","Lemba","Kisenso","1h","Destination_Zone_Resident","Destination_Zone_Worker","Eglise Kimbanguiste","All_modes","42"
"2020-05-20","Lemba","Kisenso","1h","Destination_Zone_Resident","Destination_Zone_Worker","Eglise La Semence Seeds Church","All_modes","60"
"2020-05-20","Lemba","Kisenso","1h","Destination_Zone_Resident","Destination_Zone_Worker","Eglise Mission Evangelique Réconciliation Spirituel International MERSI","All_modes","76"
"2020-05-20","Lemba","Kisenso","1h","Destination_Zone_Resident","Destination_Zone_Worker","Eglise les Semeurs","All_modes","652"
"2020-05-20","Lemba","Kisenso","1h","Destination_Zone_Resident","Destination_Zone_Worker","Hôpital général de référence","All_modes","68"
"2020-05-20","Lemba","Kisenso","1h","Destination_Zone_Resident","Destination_Zone_Worker","Intendance (UNIKIN)","All_modes","26"
"2020-05-20","Lemba","Kisenso","1h","Destination_Zone_Resident","Destination_Zone_Worker","Lemba Terminus","All_modes","152"
"2020-05-20","Lemba","Kisenso","1h","Destination_Zone_Resident","Destination_Zone_Worker","MED CITE DES PRIERES","All_modes","51"
"2020-05-20","Lemba","Kisenso","1h","Destination_Zone_Resident","Destination_Zone_Worker","Maché De Kadi","All_modes","196"
"2020-05-20","Lemba","Kisenso","1h","Destination_Zone_Resident","Destination_Zone_Worker","Marché Bumbu","All_modes","410"
"2020-05-20","Lemba","Kisenso","1h","Destination_Zone_Resident","Destination_Zone_Worker","Marché Matete","All_modes","51"
"2020-05-20","Lemba","Kisenso","1h","Destination_Zone_Resident","Destination_Zone_Worker","Marché de Mbanza Lemba","All_modes","216"
"2020-05-20","Lemba","Kisenso","1h","Destination_Zone_Resident","Destination_Zone_Worker","Marché de super lemba","All_modes","42"
"2020-05-20","Lemba","Kisenso","1h","Destination_Zone_Resident","Destination_Zone_Worker","Ministere combat spirituel","All_modes","41"
"2020-05-20","Lemba","Kisenso","1h","Destination_Zone_Resident","Destination_Zone_Worker","Paroisse Notre-Dame d'Afrique","All_modes","43"
"2020-05-20","Lemba","Kisenso","1h","Destination_Zone_Resident","Destination_Zone_Worker","Paroisse Saint Benoît","All_modes","323"
"2020-05-20","Lemba","Kisenso","1h","Destination_Zone_Resident","Destination_Zone_Worker","Pont Matete","All_modes","58"
"2020-05-20","Lemba","Kisenso","1h","Destination_Zone_Resident","Destination_Zone_Worker","Religieuses de l'Assomption","All_modes","317"
"2020-05-20","Lemba","Kisenso","1h","Destination_Zone_Resident","Destination_Zone_Worker","Rond Point Ngaba","All_modes","51"
"2020-05-20","Lemba","Kisenso","1h","Destination_Zone_Resident","Destination_Zone_Worker","Rond point super lemba","All_modes","59"
"2020-05-20","Lemba","Kisenso","1h","Destination_Zone_Resident","Destination_Zone_Worker","Saint Augustin de Lemba","All_modes","368"
"2020-05-20","Lemba","Kisenso","1h","Destination_Zone_Resident","Destination_Zone_Worker","St Joseph de Kinshasa","All_modes","25"
"2020-05-20","Lemba","Kisenso","1h","Destination_Zone_Resident","Destination_Zone_Worker","St.Christine","All_modes","51"
"2020-05-20","Lemba","Kisenso","1h","Destination_Zone_Resident","Destination_Zone_Worker","ZoneGlobale","All_modes","2688"
"2020-05-20","Lemba","Kisenso","1h","Destination_Zone_Resident","Destination_Zone_Worker","eglise protestante de lemba","All_modes","317"
"2020-05-20","Lemba","Kisenso","1h","Destination_Zone_Resident","Study_Zone_Worker","Clinique Universitaire Kinshasa","All_modes","25"
"2020-05-20","Lemba","Kisenso","1h","Destination_Zone_Resident","Study_Zone_Worker","Eglise les Semeurs","All_modes","34"
"2020-05-20","Lemba","Kisenso","1h","Destination_Zone_Resident","Study_Zone_Worker","Maché De Kadi","All_modes","26"
"2020-05-20","Lemba","Kisenso","1h","Destination_Zone_Resident","Study_Zone_Worker","Marché de Mbanza Lemba","All_modes","25"
"2020-05-20","Lemba","Kisenso","1h","Destination_Zone_Resident","Study_Zone_Worker","Religieuses de l'Assomption","All_modes","25"
"2020-05-20","Lemba","Kisenso","1h","Destination_Zone_Resident","Study_Zone_Worker","Saint Augustin de Lemba","All_modes","34"
"2020-05-20","Lemba","Kisenso","1h","Destination_Zone_Resident","Study_Zone_Worker","ZoneGlobale","All_modes","119"
"2020-05-20","Lemba","Kisenso","1h","Destination_Zone_Resident","Study_Zone_Worker","eglise protestante de lemba","All_modes","34"
"2020-05-20","Lemba","Kisenso","1h","Destination_Zone_Resident","Origin_Zone_Worker","Baruti Tabernacle","All_modes","84"
"2020-05-20","Lemba","Kisenso","1h","Destination_Zone_Resident","Origin_Zone_Worker","CREFM Eglise La Compassion","All_modes","42"
"2020-05-20","Lemba","Kisenso","1h","Destination_Zone_Resident","Origin_Zone_Worker","Centre Evangélique la Résurrection","All_modes","76"
"2020-05-20","Lemba","Kisenso","1h","Destination_Zone_Resident","Origin_Zone_Worker","Clinique Universitaire Kinshasa","All_modes","25"
"2020-05-20","Lemba","Kisenso","1h","Destination_Zone_Resident","Origin_Zone_Worker","Croissement Kianza et Université","All_modes","33"
"2020-05-20","Lemba","Kisenso","1h","Destination_Zone_Resident","Origin_Zone_Worker","Eglise Francophone Ecole de Tyrannus","All_modes","42"
"2020-05-20","Lemba","Kisenso","1h","Destination_Zone_Resident","Origin_Zone_Worker","Eglise Kimbanguiste","All_modes","408"
"2020-05-20","Lemba","Kisenso","1h","Destination_Zone_Resident","Origin_Zone_Worker","Eglise La Semence Seeds Church","All_modes","67"
"2020-05-20","Lemba","Kisenso","1h","Destination_Zone_Resident","Origin_Zone_Worker","Eglise Mission Evangelique Réconciliation Spirituel International MERSI","All_modes","59"
"2020-05-20","Lemba","Kisenso","1h","Destination_Zone_Resident","Origin_Zone_Worker","Eglise les Semeurs","All_modes","184"
"2020-05-20","Lemba","Kisenso","1h","Destination_Zone_Resident","Origin_Zone_Worker","Lemba Terminus","All_modes","102"
"2020-05-20","Lemba","Kisenso","1h","Destination_Zone_Resident","Origin_Zone_Worker","MED CITE DES PRIERES","All_modes","33"
"2020-05-20","Lemba","Kisenso","1h","Destination_Zone_Resident","Origin_Zone_Worker","Maché De Kadi","All_modes","50"
"2020-05-20","Lemba","Kisenso","1h","Destination_Zone_Resident","Origin_Zone_Worker","Marché Bumbu","All_modes","86"
"2020-05-20","Lemba","Kisenso","1h","Destination_Zone_Resident","Origin_Zone_Worker","Marché Matete","All_modes","25"
"2020-05-20","Lemba","Kisenso","1h","Destination_Zone_Resident","Origin_Zone_Worker","Marché de Mbanza Lemba","All_modes","51"
"2020-05-20","Lemba","Kisenso","1h","Destination_Zone_Resident","Origin_Zone_Worker","Marché de super lemba","All_modes","43"
"2020-05-20","Lemba","Kisenso","1h","Destination_Zone_Resident","Origin_Zone_Worker","Ministere combat spirituel","All_modes","25"
"2020-05-20","Lemba","Kisenso","1h","Destination_Zone_Resident","Origin_Zone_Worker","Paroisse Notre-Dame d'Afrique","All_modes","67"
"2020-05-20","Lemba","Kisenso","1h","Destination_Zone_Resident","Origin_Zone_Worker","Paroisse Saint Benoît","All_modes","121"
"2020-05-20","Lemba","Kisenso","1h","Destination_Zone_Resident","Origin_Zone_Worker","Pont Matete","All_modes","25"
"2020-05-20","Lemba","Kisenso","1h","Destination_Zone_Resident","Origin_Zone_Worker","Religieuses de l'Assomption","All_modes","77"
"2020-05-20","Lemba","Kisenso","1h","Destination_Zone_Resident","Origin_Zone_Worker","Rond Point Ngaba","All_modes","42"
"2020-05-20","Lemba","Kisenso","1h","Destination_Zone_Resident","Origin_Zone_Worker","Rond point super lemba","All_modes","42"
"2020-05-20","Lemba","Kisenso","1h","Destination_Zone_Resident","Origin_Zone_Worker","Saint Augustin de Lemba","All_modes","85"
"2020-05-20","Lemba","Kisenso","1h","Destination_Zone_Resident","Origin_Zone_Worker","St.Christine","All_modes","33"
"2020-05-20","Lemba","Kisenso","1h","Destination_Zone_Resident","Origin_Zone_Worker","ZoneGlobale","All_modes","954"
"2020-05-20","Lemba","Kisenso","1h","Destination_Zone_Resident","Origin_Zone_Worker","eglise protestante de lemba","All_modes","60"
"2020-05-20","Lemba","Kisenso","1h","Study_Zone_Resident","Outside_Worker","ZoneGlobale","All_modes","72"
"2020-05-20","Lemba","Kisenso","1h","Study_Zone_Resident","Destination_Zone_Worker","Baruti Tabernacle","All_modes","25"
"2020-05-20","Lemba","Kisenso","1h","Study_Zone_Resident","Destination_Zone_Worker","Eglise les Semeurs","All_modes","25"
"2020-05-20","Lemba","Kisenso","1h","Study_Zone_Resident","Destination_Zone_Worker","Hôpital général de référence","All_modes","24"
"2020-05-20","Lemba","Kisenso","1h","Study_Zone_Resident","Destination_Zone_Worker","Religieuses de l'Assomption","All_modes","24"
"2020-05-20","Lemba","Kisenso","1h","Study_Zone_Resident","Destination_Zone_Worker","Saint Augustin de Lemba","All_modes","33"
"2020-05-20","Lemba","Kisenso","1h","Study_Zone_Resident","Destination_Zone_Worker","ZoneGlobale","All_modes","161"
"2020-05-20","Lemba","Kisenso","1h","Study_Zone_Resident","Destination_Zone_Worker","eglise protestante de lemba","All_modes","33"
"2020-05-20","Lemba","Kisenso","1h","Study_Zone_Resident","Study_Zone_Worker","Baruti Tabernacle","All_modes","102"
"2020-05-20","Lemba","Kisenso","1h","Study_Zone_Resident","Study_Zone_Worker","CREFM Eglise La Compassion","All_modes","25"
"2020-05-20","Lemba","Kisenso","1h","Study_Zone_Resident","Study_Zone_Worker","Centre Evangélique la Résurrection","All_modes","33"
"2020-05-20","Lemba","Kisenso","1h","Study_Zone_Resident","Study_Zone_Worker","Clinique Universitaire Kinshasa","All_modes","68"
"2020-05-20","Lemba","Kisenso","1h","Study_Zone_Resident","Study_Zone_Worker","Croissement Kianza et Université","All_modes","67"
"2020-05-20","Lemba","Kisenso","1h","Study_Zone_Resident","Study_Zone_Worker","Eglise Mission Evangelique Réconciliation Spirituel International MERSI","All_modes","25"
"2020-05-20","Lemba","Kisenso","1h","Study_Zone_Resident","Study_Zone_Worker","Eglise les Semeurs","All_modes","119"
"2020-05-20","Lemba","Kisenso","1h","Study_Zone_Resident","Study_Zone_Worker","MED CITE DES PRIERES","All_modes","66"
"2020-05-20","Lemba","Kisenso","1h","Study_Zone_Resident","Study_Zone_Worker","Maché De Kadi","All_modes","127"
"2020-05-20","Lemba","Kisenso","1h","Study_Zone_Resident","Study_Zone_Worker","Marché Bumbu","All_modes","204"
"2020-05-20","Lemba","Kisenso","1h","Study_Zone_Resident","Study_Zone_Worker","Marché de Mbanza Lemba","All_modes","68"
"2020-05-20","Lemba","Kisenso","1h","Study_Zone_Resident","Study_Zone_Worker","Paroisse Saint Benoît","All_modes","60"
"2020-05-20","Lemba","Kisenso","1h","Study_Zone_Resident","Study_Zone_Worker","Pont Matete","All_modes","50"
"2020-05-20","Lemba","Kisenso","1h","Study_Zone_Resident","Study_Zone_Worker","Religieuses de l'Assomption","All_modes","50"
"2020-05-20","Lemba","Kisenso","1h","Study_Zone_Resident","Study_Zone_Worker","Rond Point Ngaba","All_modes","49"
"2020-05-20","Lemba","Kisenso","1h","Study_Zone_Resident","Study_Zone_Worker","Saint Augustin de Lemba","All_modes","50"
"2020-05-20","Lemba","Kisenso","1h","Study_Zone_Resident","Study_Zone_Worker","St.Christine","All_modes","58"
"2020-05-20","Lemba","Kisenso","1h","Study_Zone_Resident","Study_Zone_Worker","ZoneGlobale","All_modes","505"
"2020-05-20","Lemba","Kisenso","1h","Study_Zone_Resident","Study_Zone_Worker","eglise protestante de lemba","All_modes","50"
"2020-05-20","Lemba","Kisenso","1h","Study_Zone_Resident","Origin_Zone_Worker","Eglise les Semeurs","All_modes","33"
"2020-05-20","Lemba","Kisenso","1h","Study_Zone_Resident","Origin_Zone_Worker","Paroisse Saint Benoît","All_modes","24"
"2020-05-20","Lemba","Kisenso","1h","Study_Zone_Resident","Origin_Zone_Worker","Saint Augustin de Lemba","All_modes","25"
"2020-05-20","Lemba","Kisenso","1h","Study_Zone_Resident","Origin_Zone_Worker","ZoneGlobale","All_modes","77"
"2020-05-20","Lemba","Kisenso","1h","Origin_Zone_Resident","Outside_Worker","Clinique Universitaire Kinshasa","All_modes","39"
"2020-05-20","Lemba","Kisenso","1h","Origin_Zone_Resident","Outside_Worker","Maché De Kadi","All_modes","56"
"2020-05-20","Lemba","Kisenso","1h","Origin_Zone_Resident","Outside_Worker","Marché de Mbanza Lemba","All_modes","37"
"2020-05-20","Lemba","Kisenso","1h","Origin_Zone_Resident","Outside_Worker","ZoneGlobale","All_modes","134"
"2020-05-20","Lemba","Kisenso","1h","Origin_Zone_Resident","Destination_Zone_Worker","Baruti Tabernacle","All_modes","117"
"2020-05-20","Lemba","Kisenso","1h","Origin_Zone_Resident","Destination_Zone_Worker","Clinique Universitaire Kinshasa","All_modes","69"
"2020-05-20","Lemba","Kisenso","1h","Origin_Zone_Resident","Destination_Zone_Worker","Eglise Francophone Ecole de Tyrannus","All_modes","25"
"2020-05-20","Lemba","Kisenso","1h","Origin_Zone_Resident","Destination_Zone_Worker","Eglise les Semeurs","All_modes","60"
"2020-05-20","Lemba","Kisenso","1h","Origin_Zone_Resident","Destination_Zone_Worker","Maché De Kadi","All_modes","52"
"2020-05-20","Lemba","Kisenso","1h","Origin_Zone_Resident","Destination_Zone_Worker","Marché Bumbu","All_modes","120"
"2020-05-20","Lemba","Kisenso","1h","Origin_Zone_Resident","Destination_Zone_Worker","Marché de Mbanza Lemba","All_modes","42"
"2020-05-20","Lemba","Kisenso","1h","Origin_Zone_Resident","Destination_Zone_Worker","Paroisse Saint Benoît","All_modes","25"
"2020-05-20","Lemba","Kisenso","1h","Origin_Zone_Resident","Destination_Zone_Worker","Religieuses de l'Assomption","All_modes","51"
"2020-05-20","Lemba","Kisenso","1h","Origin_Zone_Resident","Destination_Zone_Worker","Saint Augustin de Lemba","All_modes","59"
"2020-05-20","Lemba","Kisenso","1h","Origin_Zone_Resident","Destination_Zone_Worker","ZoneGlobale","All_modes","458"
"2020-05-20","Lemba","Kisenso","1h","Origin_Zone_Resident","Destination_Zone_Worker","eglise protestante de lemba","All_modes","51"
"2020-05-20","Lemba","Kisenso","1h","Origin_Zone_Resident","Study_Zone_Worker","Baruti Tabernacle","All_modes","43"
"2020-05-20","Lemba","Kisenso","1h","Origin_Zone_Resident","Study_Zone_Worker","Eglise les Semeurs","All_modes","33"
"2020-05-20","Lemba","Kisenso","1h","Origin_Zone_Resident","Study_Zone_Worker","MED CITE DES PRIERES","All_modes","25"
"2020-05-20","Lemba","Kisenso","1h","Origin_Zone_Resident","Study_Zone_Worker","Religieuses de l'Assomption","All_modes","25"
"2020-05-20","Lemba","Kisenso","1h","Origin_Zone_Resident","Study_Zone_Worker","Rond Point Ngaba","All_modes","25"
"2020-05-20","Lemba","Kisenso","1h","Origin_Zone_Resident","Study_Zone_Worker","Saint Augustin de Lemba","All_modes","25"
"2020-05-20","Lemba","Kisenso","1h","Origin_Zone_Resident","Study_Zone_Worker","St.Christine","All_modes","25"
"2020-05-20","Lemba","Kisenso","1h","Origin_Zone_Resident","Study_Zone_Worker","ZoneGlobale","All_modes","112"
"2020-05-20","Lemba","Kisenso","1h","Origin_Zone_Resident","Study_Zone_Worker","eglise protestante de lemba","All_modes","25"
"2020-05-20","Lemba","Kisenso","1h","Origin_Zone_Resident","Origin_Zone_Worker","Baruti Tabernacle","All_modes","372"
"2020-05-20","Lemba","Kisenso","1h","Origin_Zone_Resident","Origin_Zone_Worker","CREFM Eglise La Compassion","All_modes","41"
"2020-05-20","Lemba","Kisenso","1h","Origin_Zone_Resident","Origin_Zone_Worker","Centre Evangélique LA TRINITE","All_modes","68"
"2020-05-20","Lemba","Kisenso","1h","Origin_Zone_Resident","Origin_Zone_Worker","Centre Evangélique la Résurrection","All_modes","58"
"2020-05-20","Lemba","Kisenso","1h","Origin_Zone_Resident","Origin_Zone_Worker","Centre Missionnaire Evangélique au Congo","All_modes","111"
"2020-05-20","Lemba","Kisenso","1h","Origin_Zone_Resident","Origin_Zone_Worker","Clinique Universitaire Kinshasa","All_modes","159"
"2020-05-20","Lemba","Kisenso","1h","Origin_Zone_Resident","Origin_Zone_Worker","Croissement Kianza et Université","All_modes","84"
"2020-05-20","Lemba","Kisenso","1h","Origin_Zone_Resident","Origin_Zone_Worker","Eglise FEPACO Nzambe Malamu","All_modes","26"
"2020-05-20","Lemba","Kisenso","1h","Origin_Zone_Resident","Origin_Zone_Worker","Eglise Francophone Ecole de Tyrannus","All_modes","189"
"2020-05-20","Lemba","Kisenso","1h","Origin_Zone_Resident","Origin_Zone_Worker","Eglise Kimbanguiste","All_modes","43"
"2020-05-20","Lemba","Kisenso","1h","Origin_Zone_Resident","Origin_Zone_Worker","Eglise La Semence Seeds Church","All_modes","58"
"2020-05-20","Lemba","Kisenso","1h","Origin_Zone_Resident","Origin_Zone_Worker","Eglise Mission Evangelique Réconciliation Spirituel International MERSI","All_modes","77"
"2020-05-20","Lemba","Kisenso","1h","Origin_Zone_Resident","Origin_Zone_Worker","Eglise les Semeurs","All_modes","622"
"2020-05-20","Lemba","Kisenso","1h","Origin_Zone_Resident","Origin_Zone_Worker","Hôpital général de référence","All_modes","57"
"2020-05-20","Lemba","Kisenso","1h","Origin_Zone_Resident","Origin_Zone_Worker","Intendance (UNIKIN)","All_modes","52"
"2020-05-20","Lemba","Kisenso","1h","Origin_Zone_Resident","Origin_Zone_Worker","Lemba Terminus","All_modes","276"
"2020-05-20","Lemba","Kisenso","1h","Origin_Zone_Resident","Origin_Zone_Worker","MED CITE DES PRIERES","All_modes","41"
"2020-05-20","Lemba","Kisenso","1h","Origin_Zone_Resident","Origin_Zone_Worker","Maché De Kadi","All_modes","205"
"2020-05-20","Lemba","Kisenso","1h","Origin_Zone_Resident","Origin_Zone_Worker","Marché Bumbu","All_modes","294"
"2020-05-20","Lemba","Kisenso","1h","Origin_Zone_Resident","Origin_Zone_Worker","Marché de Mbanza Lemba","All_modes","277"
"2020-05-20","Lemba","Kisenso","1h","Origin_Zone_Resident","Origin_Zone_Worker","Marché de super lemba","All_modes","51"
"2020-05-20","Lemba","Kisenso","1h","Origin_Zone_Resident","Origin_Zone_Worker","Paroisse Notre-Dame d'Afrique","All_modes","41"
"2020-05-20","Lemba","Kisenso","1h","Origin_Zone_Resident","Origin_Zone_Worker","Paroisse Saint Benoît","All_modes","333"
"2020-05-20","Lemba","Kisenso","1h","Origin_Zone_Resident","Origin_Zone_Worker","Reine des Apôtres","All_modes","59"
"2020-05-20","Lemba","Kisenso","1h","Origin_Zone_Resident","Origin_Zone_Worker","Religieuses de l'Assomption","All_modes","153"
"2020-05-20","Lemba","Kisenso","1h","Origin_Zone_Resident","Origin_Zone_Worker","Rond Point Ngaba","All_modes","41"
"2020-05-20","Lemba","Kisenso","1h","Origin_Zone_Resident","Origin_Zone_Worker","Rond point super lemba","All_modes","52"
"2020-05-20","Lemba","Kisenso","1h","Origin_Zone_Resident","Origin_Zone_Worker","Saint Augustin de Lemba","All_modes","205"
"2020-05-20","Lemba","Kisenso","1h","Origin_Zone_Resident","Origin_Zone_Worker","St.Christine","All_modes","33"
"2020-05-20","Lemba","Kisenso","1h","Origin_Zone_Resident","Origin_Zone_Worker","ZoneGlobale","All_modes","1853"
"2020-05-20","Lemba","Kisenso","1h","Origin_Zone_Resident","Origin_Zone_Worker","eglise protestante de lemba","All_modes","170"
"2020-05-20","Lemba","Kisenso","3h","Outside_Resident","Outside_Worker","Baruti Tabernacle","All_modes","119"
"2020-05-20","Lemba","Kisenso","3h","Outside_Resident","Outside_Worker","CREFM Eglise La Compassion","All_modes","26"
"2020-05-20","Lemba","Kisenso","3h","Outside_Resident","Outside_Worker","Centre Evangélique la Résurrection","All_modes","34"
"2020-05-20","Lemba","Kisenso","3h","Outside_Resident","Outside_Worker","Clinique Universitaire Kinshasa","All_modes","51"
"2020-05-20","Lemba","Kisenso","3h","Outside_Resident","Outside_Worker","Eglise Francophone Ecole de Tyrannus","All_modes","51"
"2020-05-20","Lemba","Kisenso","3h","Outside_Resident","Outside_Worker","Eglise La Semence Seeds Church","All_modes","34"
"2020-05-20","Lemba","Kisenso","3h","Outside_Resident","Outside_Worker","Eglise Mission Evangelique Réconciliation Spirituel International MERSI","All_modes","43"
"2020-05-20","Lemba","Kisenso","3h","Outside_Resident","Outside_Worker","Eglise les Semeurs","All_modes","227"
"2020-05-20","Lemba","Kisenso","3h","Outside_Resident","Outside_Worker","Intendance (UNIKIN)","All_modes","375"
"2020-05-20","Lemba","Kisenso","3h","Outside_Resident","Outside_Worker","Lemba Terminus","All_modes","50"
"2020-05-20","Lemba","Kisenso","3h","Outside_Resident","Outside_Worker","Maché De Kadi","All_modes","428"
"2020-05-20","Lemba","Kisenso","3h","Outside_Resident","Outside_Worker","Marché Bumbu","All_modes","84"
"2020-05-20","Lemba","Kisenso","3h","Outside_Resident","Outside_Worker","Marché de Mbanza Lemba","All_modes","488"
"2020-05-20","Lemba","Kisenso","3h","Outside_Resident","Outside_Worker","Marché de super lemba","All_modes","25"
"2020-05-20","Lemba","Kisenso","3h","Outside_Resident","Outside_Worker","Paroisse Saint Benoît","All_modes","145"
"2020-05-20","Lemba","Kisenso","3h","Outside_Resident","Outside_Worker","Religieuses de l'Assomption","All_modes","85"
"2020-05-20","Lemba","Kisenso","3h","Outside_Resident","Outside_Worker","Rond point super lemba","All_modes","35"
"2020-05-20","Lemba","Kisenso","3h","Outside_Resident","Outside_Worker","Saint Augustin de Lemba","All_modes","93"
"2020-05-20","Lemba","Kisenso","3h","Outside_Resident","Outside_Worker","ZoneGlobale","All_modes","1674"
"2020-05-20","Lemba","Kisenso","3h","Outside_Resident","Outside_Worker","eglise protestante de lemba","All_modes","85"
"2020-05-20","Lemba","Kisenso","3h","Outside_Resident","Destination_Zone_Worker","Baruti Tabernacle","All_modes","34"
"2020-05-20","Lemba","Kisenso","3h","Outside_Resident","Destination_Zone_Worker","Clinique Universitaire Kinshasa","All_modes","25"
"2020-05-20","Lemba","Kisenso","3h","Outside_Resident","Destination_Zone_Worker","Eglise Kimbanguiste","All_modes","24"
"2020-05-20","Lemba","Kisenso","3h","Outside_Resident","Destination_Zone_Worker","Eglise les Semeurs","All_modes","34"
"2020-05-20","Lemba","Kisenso","3h","Outside_Resident","Destination_Zone_Worker","Paroisse Saint Benoît","All_modes","26"
"2020-05-20","Lemba","Kisenso","3h","Outside_Resident","Destination_Zone_Worker","ZoneGlobale","All_modes","203"
"2020-05-20","Lemba","Kisenso","3h","Outside_Resident","Study_Zone_Worker","Eglise les Semeurs","All_modes","34"
"2020-05-20","Lemba","Kisenso","3h","Outside_Resident","Study_Zone_Worker","ZoneGlobale","All_modes","59"
"2020-05-20","Lemba","Kisenso","3h","Outside_Resident","Origin_Zone_Worker","Baruti Tabernacle","All_modes","42"
"2020-05-20","Lemba","Kisenso","3h","Outside_Resident","Origin_Zone_Worker","Centre Evangélique la Résurrection","All_modes","33"
"2020-05-20","Lemba","Kisenso","3h","Outside_Resident","Origin_Zone_Worker","Eglise La Semence Seeds Church","All_modes","33"
"2020-05-20","Lemba","Kisenso","3h","Outside_Resident","Origin_Zone_Worker","Eglise Mission Evangelique Réconciliation Spirituel International MERSI","All_modes","24"
"2020-05-20","Lemba","Kisenso","3h","Outside_Resident","Origin_Zone_Worker","Eglise les Semeurs","All_modes","34"
"2020-05-20","Lemba","Kisenso","3h","Outside_Resident","Origin_Zone_Worker","Marché de Mbanza Lemba","All_modes","59"
"2020-05-20","Lemba","Kisenso","3h","Outside_Resident","Origin_Zone_Worker","Marché de super lemba","All_modes","24"
"2020-05-20","Lemba","Kisenso","3h","Outside_Resident","Origin_Zone_Worker","Paroisse Saint Benoît","All_modes","26"
"2020-05-20","Lemba","Kisenso","3h","Outside_Resident","Origin_Zone_Worker","Religieuses de l'Assomption","All_modes","42"
"2020-05-20","Lemba","Kisenso","3h","Outside_Resident","Origin_Zone_Worker","Rond point super lemba","All_modes","24"
"2020-05-20","Lemba","Kisenso","3h","Outside_Resident","Origin_Zone_Worker","Saint Augustin de Lemba","All_modes","42"
"2020-05-20","Lemba","Kisenso","3h","Outside_Resident","Origin_Zone_Worker","ZoneGlobale","All_modes","316"
"2020-05-20","Lemba","Kisenso","3h","Outside_Resident","Origin_Zone_Worker","eglise protestante de lemba","All_modes","42"
"2020-05-20","Lemba","Kisenso","3h","Destination_Zone_Resident","Outside_Worker","Eglise les Semeurs","All_modes","33"
"2020-05-20","Lemba","Kisenso","3h","Destination_Zone_Resident","Outside_Worker","Maché De Kadi","All_modes","34"
"2020-05-20","Lemba","Kisenso","3h","Destination_Zone_Resident","Outside_Worker","Reine des Apôtres","All_modes","25"
"2020-05-20","Lemba","Kisenso","3h","Destination_Zone_Resident","Outside_Worker","ZoneGlobale","All_modes","187"
"2020-05-20","Lemba","Kisenso","3h","Destination_Zone_Resident","Destination_Zone_Worker","Baruti Tabernacle","All_modes","233"
"2020-05-20","Lemba","Kisenso","3h","Destination_Zone_Resident","Destination_Zone_Worker","CREFM Eglise La Compassion","All_modes","69"
"2020-05-20","Lemba","Kisenso","3h","Destination_Zone_Resident","Destination_Zone_Worker","Centre Evangélique LA TRINITE","All_modes","25"
"2020-05-20","Lemba","Kisenso","3h","Destination_Zone_Resident","Destination_Zone_Worker","Centre Evangélique la Résurrection","All_modes","130"
"2020-05-20","Lemba","Kisenso","3h","Destination_Zone_Resident","Destination_Zone_Worker","Centre Missionnaire Evangélique au Congo","All_modes","42"
"2020-05-20","Lemba","Kisenso","3h","Destination_Zone_Resident","Destination_Zone_Worker","Clinique Universitaire Kinshasa","All_modes","103"
"2020-05-20","Lemba","Kisenso","3h","Destination_Zone_Resident","Destination_Zone_Worker","Croissement Kianza et Université","All_modes","79"
"2020-05-20","Lemba","Kisenso","3h","Destination_Zone_Resident","Destination_Zone_Worker","Eglise Francophone Ecole de Tyrannus","All_modes","120"
"2020-05-20","Lemba","Kisenso","3h","Destination_Zone_Resident","Destination_Zone_Worker","Eglise Kimbanguiste","All_modes","50"
"2020-05-20","Lemba","Kisenso","3h","Destination_Zone_Resident","Destination_Zone_Worker","Eglise La Semence Seeds Church","All_modes","59"
"2020-05-20","Lemba","Kisenso","3h","Destination_Zone_Resident","Destination_Zone_Worker","Eglise Mission Evangelique Réconciliation Spirituel International MERSI","All_modes","61"
"2020-05-20","Lemba","Kisenso","3h","Destination_Zone_Resident","Destination_Zone_Worker","Eglise de Jesus-Christ des saints des derniers jours","All_modes","43"
"2020-05-20","Lemba","Kisenso","3h","Destination_Zone_Resident","Destination_Zone_Worker","Eglise les Semeurs","All_modes","423"
"2020-05-20","Lemba","Kisenso","3h","Destination_Zone_Resident","Destination_Zone_Worker","Intendance (UNIKIN)","All_modes","59"
"2020-05-20","Lemba","Kisenso","3h","Destination_Zone_Resident","Destination_Zone_Worker","Lemba Terminus","All_modes","106"
"2020-05-20","Lemba","Kisenso","3h","Destination_Zone_Resident","Destination_Zone_Worker","MED CITE DES PRIERES","All_modes","46"
"2020-05-20","Lemba","Kisenso","3h","Destination_Zone_Resident","Destination_Zone_Worker","Maché De Kadi","All_modes","121"
"2020-05-20","Lemba","Kisenso","3h","Destination_Zone_Resident","Destination_Zone_Worker","Marché Bumbu","All_modes","172"
"2020-05-20","Lemba","Kisenso","3h","Destination_Zone_Resident","Destination_Zone_Worker","Marché de Mbanza Lemba","All_modes","197"
"2020-05-20","Lemba","Kisenso","3h","Destination_Zone_Resident","Destination_Zone_Worker","Marché de super lemba","All_modes","36"
"2020-05-20","Lemba","Kisenso","3h","Destination_Zone_Resident","Destination_Zone_Worker","Ministere combat spirituel","All_modes","69"
"2020-05-20","Lemba","Kisenso","3h","Destination_Zone_Resident","Destination_Zone_Worker","Paroisse Notre-Dame d'Afrique","All_modes","51"
"2020-05-20","Lemba","Kisenso","3h","Destination_Zone_Resident","Destination_Zone_Worker","Paroisse Saint Benoît","All_modes","191"
"2020-05-20","Lemba","Kisenso","3h","Destination_Zone_Resident","Destination_Zone_Worker","Pont Matete","All_modes","60"
"2020-05-20","Lemba","Kisenso","3h","Destination_Zone_Resident","Destination_Zone_Worker","Religieuses de l'Assomption","All_modes","219"
"2020-05-20","Lemba","Kisenso","3h","Destination_Zone_Resident","Destination_Zone_Worker","Rond Point Ngaba","All_modes","46"
"2020-05-20","Lemba","Kisenso","3h","Destination_Zone_Resident","Destination_Zone_Worker","Rond point super lemba","All_modes","78"
"2020-05-20","Lemba","Kisenso","3h","Destination_Zone_Resident","Destination_Zone_Worker","Saint Augustin de Lemba","All_modes","265"
"2020-05-20","Lemba","Kisenso","3h","Destination_Zone_Resident","Destination_Zone_Worker","St.Christine","All_modes","46"
"2020-05-20","Lemba","Kisenso","3h","Destination_Zone_Resident","Destination_Zone_Worker","ZoneGlobale","All_modes","1918"
"2020-05-20","Lemba","Kisenso","3h","Destination_Zone_Resident","Destination_Zone_Worker","eglise protestante de lemba","All_modes","239"
"2020-05-20","Lemba","Kisenso","3h","Destination_Zone_Resident","Study_Zone_Worker","Centre Evangélique la Résurrection","All_modes","25"
"2020-05-20","Lemba","Kisenso","3h","Destination_Zone_Resident","Study_Zone_Worker","Eglise Francophone Ecole de Tyrannus","All_modes","26"
"2020-05-20","Lemba","Kisenso","3h","Destination_Zone_Resident","Study_Zone_Worker","Eglise les Semeurs","All_modes","42"
"2020-05-20","Lemba","Kisenso","3h","Destination_Zone_Resident","Study_Zone_Worker","Lemba Terminus","All_modes","50"
"2020-05-20","Lemba","Kisenso","3h","Destination_Zone_Resident","Study_Zone_Worker","Maché De Kadi","All_modes","26"
"2020-05-20","Lemba","Kisenso","3h","Destination_Zone_Resident","Study_Zone_Worker","Marché de Mbanza Lemba","All_modes","25"
"2020-05-20","Lemba","Kisenso","3h","Destination_Zone_Resident","Study_Zone_Worker","Paroisse Saint Benoît","All_modes","34"
"2020-05-20","Lemba","Kisenso","3h","Destination_Zone_Resident","Study_Zone_Worker","Pont Matete","All_modes","25"
"2020-05-20","Lemba","Kisenso","3h","Destination_Zone_Resident","Study_Zone_Worker","Religieuses de l'Assomption","All_modes","51"
"2020-05-20","Lemba","Kisenso","3h","Destination_Zone_Resident","Study_Zone_Worker","Saint Augustin de Lemba","All_modes","60"
"2020-05-20","Lemba","Kisenso","3h","Destination_Zone_Resident","Study_Zone_Worker","ZoneGlobale","All_modes","237"
"2020-05-20","Lemba","Kisenso","3h","Destination_Zone_Resident","Study_Zone_Worker","eglise protestante de lemba","All_modes","51"
"2020-05-20","Lemba","Kisenso","3h","Destination_Zone_Resident","Origin_Zone_Worker","Baruti Tabernacle","All_modes","94"
"2020-05-20","Lemba","Kisenso","3h","Destination_Zone_Resident","Origin_Zone_Worker","CREFM Eglise La Compassion","All_modes","43"
"2020-05-20","Lemba","Kisenso","3h","Destination_Zone_Resident","Origin_Zone_Worker","Centre Evangélique LA TRINITE","All_modes","25"
"2020-05-20","Lemba","Kisenso","3h","Destination_Zone_Resident","Origin_Zone_Worker","Centre Evangélique la Résurrection","All_modes","77"
"2020-05-20","Lemba","Kisenso","3h","Destination_Zone_Resident","Origin_Zone_Worker","Clinique Universitaire Kinshasa","All_modes","33"
"2020-05-20","Lemba","Kisenso","3h","Destination_Zone_Resident","Origin_Zone_Worker","Croissement Kianza et Université","All_modes","42"
"2020-05-20","Lemba","Kisenso","3h","Destination_Zone_Resident","Origin_Zone_Worker","Eglise Francophone Ecole de Tyrannus","All_modes","59"
"2020-05-20","Lemba","Kisenso","3h","Destination_Zone_Resident","Origin_Zone_Worker","Eglise Kimbanguiste","All_modes","408"
"2020-05-20","Lemba","Kisenso","3h","Destination_Zone_Resident","Origin_Zone_Worker","Eglise La Semence Seeds Church","All_modes","50"
"2020-05-20","Lemba","Kisenso","3h","Destination_Zone_Resident","Origin_Zone_Worker","Eglise Mission Evangelique Réconciliation Spirituel International MERSI","All_modes","59"
"2020-05-20","Lemba","Kisenso","3h","Destination_Zone_Resident","Origin_Zone_Worker","Eglise les Semeurs","All_modes","191"
"2020-05-20","Lemba","Kisenso","3h","Destination_Zone_Resident","Origin_Zone_Worker","Intendance (UNIKIN)","All_modes","24"
"2020-05-20","Lemba","Kisenso","3h","Destination_Zone_Resident","Origin_Zone_Worker","Lemba Terminus","All_modes","104"
"2020-05-20","Lemba","Kisenso","3h","Destination_Zone_Resident","Origin_Zone_Worker","MED CITE DES PRIERES","All_modes","42"
"2020-05-20","Lemba","Kisenso","3h","Destination_Zone_Resident","Origin_Zone_Worker","Maché De Kadi","All_modes","68"
"2020-05-20","Lemba","Kisenso","3h","Destination_Zone_Resident","Origin_Zone_Worker","Marché Bumbu","All_modes","50"
"2020-05-20","Lemba","Kisenso","3h","Destination_Zone_Resident","Origin_Zone_Worker","Marché Matete","All_modes","25"
"2020-05-20","Lemba","Kisenso","3h","Destination_Zone_Resident","Origin_Zone_Worker","Marché de Mbanza Lemba","All_modes","68"
"2020-05-20","Lemba","Kisenso","3h","Destination_Zone_Resident","Origin_Zone_Worker","Ministere combat spirituel","All_modes","35"
"2020-05-20","Lemba","Kisenso","3h","Destination_Zone_Resident","Origin_Zone_Worker","Paroisse Notre-Dame d'Afrique","All_modes","42"
"2020-05-20","Lemba","Kisenso","3h","Destination_Zone_Resident","Origin_Zone_Worker","Paroisse Saint Benoît","All_modes","136"
"2020-05-20","Lemba","Kisenso","3h","Destination_Zone_Resident","Origin_Zone_Worker","Pont Matete","All_modes","44"
"2020-05-20","Lemba","Kisenso","3h","Destination_Zone_Resident","Origin_Zone_Worker","Reine des Apôtres","All_modes","42"
"2020-05-20","Lemba","Kisenso","3h","Destination_Zone_Resident","Origin_Zone_Worker","Religieuses de l'Assomption","All_modes","42"
"2020-05-20","Lemba","Kisenso","3h","Destination_Zone_Resident","Origin_Zone_Worker","Rond Point Ngaba","All_modes","42"
"2020-05-20","Lemba","Kisenso","3h","Destination_Zone_Resident","Origin_Zone_Worker","Rond point super lemba","All_modes","33"
"2020-05-20","Lemba","Kisenso","3h","Destination_Zone_Resident","Origin_Zone_Worker","Saint Augustin de Lemba","All_modes","67"
"2020-05-20","Lemba","Kisenso","3h","Destination_Zone_Resident","Origin_Zone_Worker","St.Christine","All_modes","42"
"2020-05-20","Lemba","Kisenso","3h","Destination_Zone_Resident","Origin_Zone_Worker","ZoneGlobale","All_modes","1078"
"2020-05-20","Lemba","Kisenso","3h","Destination_Zone_Resident","Origin_Zone_Worker","eglise protestante de lemba","All_modes","51"
"2020-05-20","Lemba","Kisenso","3h","Study_Zone_Resident","Outside_Worker","ZoneGlobale","All_modes","25"
"2020-05-20","Lemba","Kisenso","3h","Study_Zone_Resident","Destination_Zone_Worker","Eglise les Semeurs","All_modes","25"
"2020-05-20","Lemba","Kisenso","3h","Study_Zone_Resident","Destination_Zone_Worker","Religieuses de l'Assomption","All_modes","26"
"2020-05-20","Lemba","Kisenso","3h","Study_Zone_Resident","Destination_Zone_Worker","Saint Augustin de Lemba","All_modes","26"
"2020-05-20","Lemba","Kisenso","3h","Study_Zone_Resident","Destination_Zone_Worker","ZoneGlobale","All_modes","136"
"2020-05-20","Lemba","Kisenso","3h","Study_Zone_Resident","Destination_Zone_Worker","eglise protestante de lemba","All_modes","26"
"2020-05-20","Lemba","Kisenso","3h","Study_Zone_Resident","Study_Zone_Worker","Baruti Tabernacle","All_modes","61"
"2020-05-20","Lemba","Kisenso","3h","Study_Zone_Resident","Study_Zone_Worker","Clinique Universitaire Kinshasa","All_modes","26"
"2020-05-20","Lemba","Kisenso","3h","Study_Zone_Resident","Study_Zone_Worker","Croissement Kianza et Université","All_modes","43"
"2020-05-20","Lemba","Kisenso","3h","Study_Zone_Resident","Study_Zone_Worker","Eglise Francophone Ecole de Tyrannus","All_modes","27"
"2020-05-20","Lemba","Kisenso","3h","Study_Zone_Resident","Study_Zone_Worker","Eglise les Semeurs","All_modes","52"
"2020-05-20","Lemba","Kisenso","3h","Study_Zone_Resident","Study_Zone_Worker","MED CITE DES PRIERES","All_modes","25"
"2020-05-20","Lemba","Kisenso","3h","Study_Zone_Resident","Study_Zone_Worker","Maché De Kadi","All_modes","44"
"2020-05-20","Lemba","Kisenso","3h","Study_Zone_Resident","Study_Zone_Worker","Marché Bumbu","All_modes","52"
"2020-05-20","Lemba","Kisenso","3h","Study_Zone_Resident","Study_Zone_Worker","Marché de Mbanza Lemba","All_modes","61"
"2020-05-20","Lemba","Kisenso","3h","Study_Zone_Resident","Study_Zone_Worker","Paroisse Saint Benoît","All_modes","35"
"2020-05-20","Lemba","Kisenso","3h","Study_Zone_Resident","Study_Zone_Worker","Religieuses de l'Assomption","All_modes","60"
"2020-05-20","Lemba","Kisenso","3h","Study_Zone_Resident","Study_Zone_Worker","Saint Augustin de Lemba","All_modes","78"
"2020-05-20","Lemba","Kisenso","3h","Study_Zone_Resident","Study_Zone_Worker","St.Christine","All_modes","25"
"2020-05-20","Lemba","Kisenso","3h","Study_Zone_Resident","Study_Zone_Worker","ZoneGlobale","All_modes","418"
"2020-05-20","Lemba","Kisenso","3h","Study_Zone_Resident","Study_Zone_Worker","eglise protestante de lemba","All_modes","69"
"2020-05-20","Lemba","Kisenso","3h","Study_Zone_Resident","Origin_Zone_Worker","Eglise les Semeurs","All_modes","41"
"2020-05-20","Lemba","Kisenso","3h","Study_Zone_Resident","Origin_Zone_Worker","Lemba Terminus","All_modes","48"
"2020-05-20","Lemba","Kisenso","3h","Study_Zone_Resident","Origin_Zone_Worker","Paroisse Saint Benoît","All_modes","41"
"2020-05-20","Lemba","Kisenso","3h","Study_Zone_Resident","Origin_Zone_Worker","Saint Augustin de Lemba","All_modes","25"
"2020-05-20","Lemba","Kisenso","3h","Study_Zone_Resident","Origin_Zone_Worker","ZoneGlobale","All_modes","93"
"2020-05-20","Lemba","Kisenso","3h","Origin_Zone_Resident","Outside_Worker","Baruti Tabernacle","All_modes","27"
"2020-05-20","Lemba","Kisenso","3h","Origin_Zone_Resident","Outside_Worker","Marché de Mbanza Lemba","All_modes","28"
"2020-05-20","Lemba","Kisenso","3h","Origin_Zone_Resident","Outside_Worker","ZoneGlobale","All_modes","116"
"2020-05-20","Lemba","Kisenso","3h","Origin_Zone_Resident","Destination_Zone_Worker","Baruti Tabernacle","All_modes","84"
"2020-05-20","Lemba","Kisenso","3h","Origin_Zone_Resident","Destination_Zone_Worker","Clinique Universitaire Kinshasa","All_modes","71"
"2020-05-20","Lemba","Kisenso","3h","Origin_Zone_Resident","Destination_Zone_Worker","Eglise Francophone Ecole de Tyrannus","All_modes","42"
"2020-05-20","Lemba","Kisenso","3h","Origin_Zone_Resident","Destination_Zone_Worker","Eglise les Semeurs","All_modes","68"
"2020-05-20","Lemba","Kisenso","3h","Origin_Zone_Resident","Destination_Zone_Worker","Lemba Terminus","All_modes","66"
"2020-05-20","Lemba","Kisenso","3h","Origin_Zone_Resident","Destination_Zone_Worker","Maché De Kadi","All_modes","53"
"2020-05-20","Lemba","Kisenso","3h","Origin_Zone_Resident","Destination_Zone_Worker","Marché Bumbu","All_modes","56"
"2020-05-20","Lemba","Kisenso","3h","Origin_Zone_Resident","Destination_Zone_Worker","Paroisse Saint Benoît","All_modes","42"
"2020-05-20","Lemba","Kisenso","3h","Origin_Zone_Resident","Destination_Zone_Worker","Religieuses de l'Assomption","All_modes","25"
"2020-05-20","Lemba","Kisenso","3h","Origin_Zone_Resident","Destination_Zone_Worker","Saint Augustin de Lemba","All_modes","50"
"2020-05-20","Lemba","Kisenso","3h","Origin_Zone_Resident","Destination_Zone_Worker","ZoneGlobale","All_modes","459"
"2020-05-20","Lemba","Kisenso","3h","Origin_Zone_Resident","Destination_Zone_Worker","eglise protestante de lemba","All_modes","33"
"2020-05-20","Lemba","Kisenso","3h","Origin_Zone_Resident","Study_Zone_Worker","Religieuses de l'Assomption","All_modes","25"
"2020-05-20","Lemba","Kisenso","3h","Origin_Zone_Resident","Study_Zone_Worker","Saint Augustin de Lemba","All_modes","25"
"2020-05-20","Lemba","Kisenso","3h","Origin_Zone_Resident","Study_Zone_Worker","ZoneGlobale","All_modes","77"
"2020-05-20","Lemba","Kisenso","3h","Origin_Zone_Resident","Study_Zone_Worker","eglise protestante de lemba","All_modes","25"
"2020-05-20","Lemba","Kisenso","3h","Origin_Zone_Resident","Origin_Zone_Worker","Baruti Tabernacle","All_modes","306"
"2020-05-20","Lemba","Kisenso","3h","Origin_Zone_Resident","Origin_Zone_Worker","CREFM Eglise La Compassion","All_modes","41"
"2020-05-20","Lemba","Kisenso","3h","Origin_Zone_Resident","Origin_Zone_Worker","Centre Evangélique LA TRINITE","All_modes","25"
"2020-05-20","Lemba","Kisenso","3h","Origin_Zone_Resident","Origin_Zone_Worker","Centre Evangélique la Résurrection","All_modes","58"
"2020-05-20","Lemba","Kisenso","3h","Origin_Zone_Resident","Origin_Zone_Worker","Centre Missionnaire Evangélique au Congo","All_modes","75"
"2020-05-20","Lemba","Kisenso","3h","Origin_Zone_Resident","Origin_Zone_Worker","Clinique Universitaire Kinshasa","All_modes","76"
"2020-05-20","Lemba","Kisenso","3h","Origin_Zone_Resident","Origin_Zone_Worker","Croissement Kianza et Université","All_modes","83"
"2020-05-20","Lemba","Kisenso","3h","Origin_Zone_Resident","Origin_Zone_Worker","Eglise FEPACO Nzambe Malamu","All_modes","24"
"2020-05-20","Lemba","Kisenso","3h","Origin_Zone_Resident","Origin_Zone_Worker","Eglise Francophone Ecole de Tyrannus","All_modes","135"
"2020-05-20","Lemba","Kisenso","3h","Origin_Zone_Resident","Origin_Zone_Worker","Eglise Kimbanguiste","All_modes","43"
"2020-05-20","Lemba","Kisenso","3h","Origin_Zone_Resident","Origin_Zone_Worker","Eglise La Semence Seeds Church","All_modes","50"
"2020-05-20","Lemba","Kisenso","3h","Origin_Zone_Resident","Origin_Zone_Worker","Eglise Mission Evangelique Réconciliation Spirituel International MERSI","All_modes","58"
"2020-05-20","Lemba","Kisenso","3h","Origin_Zone_Resident","Origin_Zone_Worker","Eglise les Semeurs","All_modes","570"
"2020-05-20","Lemba","Kisenso","3h","Origin_Zone_Resident","Origin_Zone_Worker","Hôpital général de référence","All_modes","34"
"2020-05-20","Lemba","Kisenso","3h","Origin_Zone_Resident","Origin_Zone_Worker","Intendance (UNIKIN)","All_modes","44"
"2020-05-20","Lemba","Kisenso","3h","Origin_Zone_Resident","Origin_Zone_Worker","Lemba Terminus","All_modes","186"
"2020-05-20","Lemba","Kisenso","3h","Origin_Zone_Resident","Origin_Zone_Worker","MED CITE DES PRIERES","All_modes","41"
"2020-05-20","Lemba","Kisenso","3h","Origin_Zone_Resident","Origin_Zone_Worker","Maché De Kadi","All_modes","101"
"2020-05-20","Lemba","Kisenso","3h","Origin_Zone_Resident","Origin_Zone_Worker","Marché Bumbu","All_modes","50"
"2020-05-20","Lemba","Kisenso","3h","Origin_Zone_Resident","Origin_Zone_Worker","Marché Matete","All_modes","34"
"2020-05-20","Lemba","Kisenso","3h","Origin_Zone_Resident","Origin_Zone_Worker","Marché de Mbanza Lemba","All_modes","181"
"2020-05-20","Lemba","Kisenso","3h","Origin_Zone_Resident","Origin_Zone_Worker","Marché de super lemba","All_modes","59"
"2020-05-20","Lemba","Kisenso","3h","Origin_Zone_Resident","Origin_Zone_Worker","Paroisse Saint Benoît","All_modes","262"
"2020-05-20","Lemba","Kisenso","3h","Origin_Zone_Resident","Origin_Zone_Worker","Reine des Apôtres","All_modes","77"
"2020-05-20","Lemba","Kisenso","3h","Origin_Zone_Resident","Origin_Zone_Worker","Religieuses de l'Assomption","All_modes","93"
"2020-05-20","Lemba","Kisenso","3h","Origin_Zone_Resident","Origin_Zone_Worker","Rond Point Ngaba","All_modes","24"
"2020-05-20","Lemba","Kisenso","3h","Origin_Zone_Resident","Origin_Zone_Worker","Rond point super lemba","All_modes","42"
"2020-05-20","Lemba","Kisenso","3h","Origin_Zone_Resident","Origin_Zone_Worker","Saint Augustin de Lemba","All_modes","177"
"2020-05-20","Lemba","Kisenso","3h","Origin_Zone_Resident","Origin_Zone_Worker","St.Christine","All_modes","33"
"2020-05-20","Lemba","Kisenso","3h","Origin_Zone_Resident","Origin_Zone_Worker","ZoneGlobale","All_modes","2193"
"2020-05-20","Lemba","Kisenso","3h","Origin_Zone_Resident","Origin_Zone_Worker","eglise protestante de lemba","All_modes","110"
"2020-05-20","Lemba","Kokolo","1h","Outside_Resident","Outside_Worker","ZoneGlobale","All_modes","93"
"2020-05-20","Lemba","Kokolo","1h","Outside_Resident","Destination_Zone_Worker","ZoneGlobale","All_modes","25"
"2020-05-20","Lemba","Kokolo","1h","Destination_Zone_Resident","Destination_Zone_Worker","Arret Bakayaou","All_modes","34"
"2020-05-20","Lemba","Kokolo","1h","Destination_Zone_Resident","Destination_Zone_Worker","Arret moulard","All_modes","25"
"2020-05-20","Lemba","Kokolo","1h","Destination_Zone_Resident","Destination_Zone_Worker","Avenue Kimbondo et Pierre Mulele","All_modes","34"
"2020-05-20","Lemba","Kokolo","1h","Destination_Zone_Resident","Destination_Zone_Worker","CREFM Eglise La Compassion","All_modes","25"
"2020-05-20","Lemba","Kokolo","1h","Destination_Zone_Resident","Destination_Zone_Worker","Centre Evangélique la Résurrection","All_modes","59"
"2020-05-20","Lemba","Kokolo","1h","Destination_Zone_Resident","Destination_Zone_Worker","Cinquantenaire","All_modes","68"
"2020-05-20","Lemba","Kokolo","1h","Destination_Zone_Resident","Destination_Zone_Worker","Eglise Francophone Ecole de Tyrannus","All_modes","60"
"2020-05-20","Lemba","Kokolo","1h","Destination_Zone_Resident","Destination_Zone_Worker","Eglise La Semence Seeds Church","All_modes","26"
"2020-05-20","Lemba","Kokolo","1h","Destination_Zone_Resident","Destination_Zone_Worker","Eglise Mission Evangelique Réconciliation Spirituel International MERSI","All_modes","52"
"2020-05-20","Lemba","Kokolo","1h","Destination_Zone_Resident","Destination_Zone_Worker","Eglise les Semeurs","All_modes","76"
"2020-05-20","Lemba","Kokolo","1h","Destination_Zone_Resident","Destination_Zone_Worker","Inga","All_modes","59"
"2020-05-20","Lemba","Kokolo","1h","Destination_Zone_Resident","Destination_Zone_Worker","Lemba Terminus","All_modes","136"
"2020-05-20","Lemba","Kokolo","1h","Destination_Zone_Resident","Destination_Zone_Worker","Marché Moulaert ou Marché Lumumba","All_modes","34"
"2020-05-20","Lemba","Kokolo","1h","Destination_Zone_Resident","Destination_Zone_Worker","Marché de super lemba","All_modes","25"
"2020-05-20","Lemba","Kokolo","1h","Destination_Zone_Resident","Destination_Zone_Worker","Ministere combat spirituel","All_modes","25"
"2020-05-20","Lemba","Kokolo","1h","Destination_Zone_Resident","Destination_Zone_Worker","Paroisse Notre-Dame d'Afrique","All_modes","26"
"2020-05-20","Lemba","Kokolo","1h","Destination_Zone_Resident","Destination_Zone_Worker","Paroisse Saint Benoît","All_modes","76"
"2020-05-20","Lemba","Kokolo","1h","Destination_Zone_Resident","Destination_Zone_Worker","Religieuses de l'Assomption","All_modes","43"
"2020-05-20","Lemba","Kokolo","1h","Destination_Zone_Resident","Destination_Zone_Worker","Rond point super lemba","All_modes","34"
"2020-05-20","Lemba","Kokolo","1h","Destination_Zone_Resident","Destination_Zone_Worker","Saint Augustin de Lemba","All_modes","42"
"2020-05-20","Lemba","Kokolo","1h","Destination_Zone_Resident","Destination_Zone_Worker","St Joseph de Kinshasa","All_modes","43"
"2020-05-20","Lemba","Kokolo","1h","Destination_Zone_Resident","Destination_Zone_Worker","ZoneGlobale","All_modes","180"
"2020-05-20","Lemba","Kokolo","1h","Destination_Zone_Resident","Destination_Zone_Worker","eglise protestante de lemba","All_modes","25"
"2020-05-20","Lemba","Kokolo","1h","Study_Zone_Resident","Destination_Zone_Worker","Arret Bakayaou","All_modes","25"
"2020-05-20","Lemba","Kokolo","1h","Study_Zone_Resident","Destination_Zone_Worker","BAYAKA","All_modes","25"
"2020-05-20","Lemba","Kokolo","1h","Study_Zone_Resident","Destination_Zone_Worker","ZoneGlobale","All_modes","42"
"2020-05-20","Lemba","Kokolo","1h","Study_Zone_Resident","Study_Zone_Worker","Arret Bakayaou","All_modes","75"
"2020-05-20","Lemba","Kokolo","1h","Study_Zone_Resident","Study_Zone_Worker","Arret moulard","All_modes","41"
"2020-05-20","Lemba","Kokolo","1h","Study_Zone_Resident","Study_Zone_Worker","Avenue Kimbondo et Pierre Mulele","All_modes","60"
"2020-05-20","Lemba","Kokolo","1h","Study_Zone_Resident","Study_Zone_Worker","CREFM Eglise La Compassion","All_modes","25"
"2020-05-20","Lemba","Kokolo","1h","Study_Zone_Resident","Study_Zone_Worker","Centre Evangélique la Résurrection","All_modes","43"
"2020-05-20","Lemba","Kokolo","1h","Study_Zone_Resident","Study_Zone_Worker","Centre Missionnaire Evangélique au Congo","All_modes","25"
"2020-05-20","Lemba","Kokolo","1h","Study_Zone_Resident","Study_Zone_Worker","Cinquantenaire","All_modes","68"
"2020-05-20","Lemba","Kokolo","1h","Study_Zone_Resident","Study_Zone_Worker","Croissement Kianza et Université","All_modes","94"
"2020-05-20","Lemba","Kokolo","1h","Study_Zone_Resident","Study_Zone_Worker","Eglise Francophone Ecole de Tyrannus","All_modes","51"
"2020-05-20","Lemba","Kokolo","1h","Study_Zone_Resident","Study_Zone_Worker","Eglise Kimbanguiste","All_modes","24"
"2020-05-20","Lemba","Kokolo","1h","Study_Zone_Resident","Study_Zone_Worker","Eglise La Semence Seeds Church","All_modes","26"
"2020-05-20","Lemba","Kokolo","1h","Study_Zone_Resident","Study_Zone_Worker","Eglise Mission Evangelique Réconciliation Spirituel International MERSI","All_modes","33"
"2020-05-20","Lemba","Kokolo","1h","Study_Zone_Resident","Study_Zone_Worker","Eglise les Semeurs","All_modes","59"
"2020-05-20","Lemba","Kokolo","1h","Study_Zone_Resident","Study_Zone_Worker","Inga","All_modes","67"
"2020-05-20","Lemba","Kokolo","1h","Study_Zone_Resident","Study_Zone_Worker","Lemba Terminus","All_modes","84"
"2020-05-20","Lemba","Kokolo","1h","Study_Zone_Resident","Study_Zone_Worker","MED CITE DES PRIERES","All_modes","51"
"2020-05-20","Lemba","Kokolo","1h","Study_Zone_Resident","Study_Zone_Worker","Marché Moulaert ou Marché Lumumba","All_modes","59"
"2020-05-20","Lemba","Kokolo","1h","Study_Zone_Resident","Study_Zone_Worker","Marché de super lemba","All_modes","24"
"2020-05-20","Lemba","Kokolo","1h","Study_Zone_Resident","Study_Zone_Worker","Paroisse Saint Benoît","All_modes","51"
"2020-05-20","Lemba","Kokolo","1h","Study_Zone_Resident","Study_Zone_Worker","Pont Matete","All_modes","26"
"2020-05-20","Lemba","Kokolo","1h","Study_Zone_Resident","Study_Zone_Worker","Religieuses de l'Assomption","All_modes","51"
"2020-05-20","Lemba","Kokolo","1h","Study_Zone_Resident","Study_Zone_Worker","Rond Point Ngaba","All_modes","42"
"2020-05-20","Lemba","Kokolo","1h","Study_Zone_Resident","Study_Zone_Worker","Rond point super lemba","All_modes","33"
"2020-05-20","Lemba","Kokolo","1h","Study_Zone_Resident","Study_Zone_Worker","Saint Augustin de Lemba","All_modes","51"
"2020-05-20","Lemba","Kokolo","1h","Study_Zone_Resident","Study_Zone_Worker","St.Christine","All_modes","51"
"2020-05-20","Lemba","Kokolo","1h","Study_Zone_Resident","Study_Zone_Worker","ZoneGlobale","All_modes","229"
"2020-05-20","Lemba","Kokolo","1h","Study_Zone_Resident","Study_Zone_Worker","eglise protestante de lemba","All_modes","33"
"2020-05-20","Lemba","Kokolo","1h","Study_Zone_Resident","Origin_Zone_Worker","Centre Evangélique la Résurrection","All_modes","33"
"2020-05-20","Lemba","Kokolo","1h","Study_Zone_Resident","Origin_Zone_Worker","Eglise Francophone Ecole de Tyrannus","All_modes","33"
"2020-05-20","Lemba","Kokolo","1h","Study_Zone_Resident","Origin_Zone_Worker","Eglise les Semeurs","All_modes","25"
"2020-05-20","Lemba","Kokolo","1h","Study_Zone_Resident","Origin_Zone_Worker","Paroisse Saint Benoît","All_modes","25"
"2020-05-20","Lemba","Kokolo","1h","Study_Zone_Resident","Origin_Zone_Worker","ZoneGlobale","All_modes","50"
"2020-05-20","Lemba","Kokolo","1h","Origin_Zone_Resident","Destination_Zone_Worker","Arret Bakayaou","All_modes","42"
"2020-05-20","Lemba","Kokolo","1h","Origin_Zone_Resident","Destination_Zone_Worker","Avenue Kimbondo et Pierre Mulele","All_modes","25"
"2020-05-20","Lemba","Kokolo","1h","Origin_Zone_Resident","Destination_Zone_Worker","Cinquantenaire","All_modes","26"
"2020-05-20","Lemba","Kokolo","1h","Origin_Zone_Resident","Destination_Zone_Worker","Eglise les Semeurs","All_modes","25"
"2020-05-20","Lemba","Kokolo","1h","Origin_Zone_Resident","Destination_Zone_Worker","Inga","All_modes","34"
"2020-05-20","Lemba","Kokolo","1h","Origin_Zone_Resident","Destination_Zone_Worker","Marché Moulaert ou Marché Lumumba","All_modes","25"
"2020-05-20","Lemba","Kokolo","1h","Origin_Zone_Resident","Destination_Zone_Worker","ZoneGlobale","All_modes","85"
"2020-05-20","Lemba","Kokolo","1h","Origin_Zone_Resident","Study_Zone_Worker","Avenue Kimbondo et Pierre Mulele","All_modes","25"
"2020-05-20","Lemba","Kokolo","1h","Origin_Zone_Resident","Study_Zone_Worker","Cinquantenaire","All_modes","26"
"2020-05-20","Lemba","Kokolo","1h","Origin_Zone_Resident","Study_Zone_Worker","Inga","All_modes","25"
"2020-05-20","Lemba","Kokolo","1h","Origin_Zone_Resident","Study_Zone_Worker","ZoneGlobale","All_modes","86"
"2020-05-20","Lemba","Kokolo","1h","Origin_Zone_Resident","Origin_Zone_Worker","Arret Bakayaou","All_modes","154"
"2020-05-20","Lemba","Kokolo","1h","Origin_Zone_Resident","Origin_Zone_Worker","Arret moulard","All_modes","51"
"2020-05-20","Lemba","Kokolo","1h","Origin_Zone_Resident","Origin_Zone_Worker","Avenue Kimbondo et Pierre Mulele","All_modes","120"
"2020-05-20","Lemba","Kokolo","1h","Origin_Zone_Resident","Origin_Zone_Worker","Baruti Tabernacle","All_modes","86"
"2020-05-20","Lemba","Kokolo","1h","Origin_Zone_Resident","Origin_Zone_Worker","CREFM Eglise La Compassion","All_modes","43"
"2020-05-20","Lemba","Kokolo","1h","Origin_Zone_Resident","Origin_Zone_Worker","Centre Evangélique LA TRINITE","All_modes","34"
"2020-05-20","Lemba","Kokolo","1h","Origin_Zone_Resident","Origin_Zone_Worker","Centre Evangélique la Résurrection","All_modes","52"
"2020-05-20","Lemba","Kokolo","1h","Origin_Zone_Resident","Origin_Zone_Worker","Centre Missionnaire Evangélique au Congo","All_modes","59"
"2020-05-20","Lemba","Kokolo","1h","Origin_Zone_Resident","Origin_Zone_Worker","Chez Cactus","All_modes","25"
"2020-05-20","Lemba","Kokolo","1h","Origin_Zone_Resident","Origin_Zone_Worker","Cinquantenaire","All_modes","471"
"2020-05-20","Lemba","Kokolo","1h","Origin_Zone_Resident","Origin_Zone_Worker","Croissement Kianza et Université","All_modes","51"
"2020-05-20","Lemba","Kokolo","1h","Origin_Zone_Resident","Origin_Zone_Worker","Eglise Francophone Ecole de Tyrannus","All_modes","137"
"2020-05-20","Lemba","Kokolo","1h","Origin_Zone_Resident","Origin_Zone_Worker","Eglise Kimbanguiste","All_modes","34"
"2020-05-20","Lemba","Kokolo","1h","Origin_Zone_Resident","Origin_Zone_Worker","Eglise Mission Evangelique Réconciliation Spirituel International MERSI","All_modes","43"
"2020-05-20","Lemba","Kokolo","1h","Origin_Zone_Resident","Origin_Zone_Worker","Eglise les Semeurs","All_modes","592"
"2020-05-20","Lemba","Kokolo","1h","Origin_Zone_Resident","Origin_Zone_Worker","Hopital général de Kintambo","All_modes","42"
"2020-05-20","Lemba","Kokolo","1h","Origin_Zone_Resident","Origin_Zone_Worker","Inga","All_modes","130"
"2020-05-20","Lemba","Kokolo","1h","Origin_Zone_Resident","Origin_Zone_Worker","Lemba Terminus","All_modes","994"
"2020-05-20","Lemba","Kokolo","1h","Origin_Zone_Resident","Origin_Zone_Worker","MED CITE DES PRIERES","All_modes","42"
"2020-05-20","Lemba","Kokolo","1h","Origin_Zone_Resident","Origin_Zone_Worker","Marché Moulaert ou Marché Lumumba","All_modes","85"
"2020-05-20","Lemba","Kokolo","1h","Origin_Zone_Resident","Origin_Zone_Worker","Marché de super lemba","All_modes","68"
"2020-05-20","Lemba","Kokolo","1h","Origin_Zone_Resident","Origin_Zone_Worker","Ministere combat spirituel","All_modes","43"
"2020-05-20","Lemba","Kokolo","1h","Origin_Zone_Resident","Origin_Zone_Worker","Paroisse Saint Benoît","All_modes","584"
"2020-05-20","Lemba","Kokolo","1h","Origin_Zone_Resident","Origin_Zone_Worker","Pont Matete","All_modes","52"
"2020-05-20","Lemba","Kokolo","1h","Origin_Zone_Resident","Origin_Zone_Worker","Religieuses de l'Assomption","All_modes","77"
"2020-05-20","Lemba","Kokolo","1h","Origin_Zone_Resident","Origin_Zone_Worker","Rond Point Ngaba","All_modes","34"
"2020-05-20","Lemba","Kokolo","1h","Origin_Zone_Resident","Origin_Zone_Worker","Rond point super lemba","All_modes","94"
"2020-05-20","Lemba","Kokolo","1h","Origin_Zone_Resident","Origin_Zone_Worker","Saint Augustin de Lemba","All_modes","523"
"2020-05-20","Lemba","Kokolo","1h","Origin_Zone_Resident","Origin_Zone_Worker","St Joseph de Kinshasa","All_modes","42"
"2020-05-20","Lemba","Kokolo","1h","Origin_Zone_Resident","Origin_Zone_Worker","St.Christine","All_modes","42"
"2020-05-20","Lemba","Kokolo","1h","Origin_Zone_Resident","Origin_Zone_Worker","ZoneGlobale","All_modes","911"
"2020-05-20","Lemba","Kokolo","1h","Origin_Zone_Resident","Origin_Zone_Worker","eglise protestante de lemba","All_modes","77"
"2020-05-20","Lemba","Kokolo","3h","Outside_Resident","Outside_Worker","CREFM Eglise La Compassion","All_modes","25"
"2020-05-20","Lemba","Kokolo","3h","Outside_Resident","Outside_Worker","Centre Evangélique la Résurrection","All_modes","33"
"2020-05-20","Lemba","Kokolo","3h","Outside_Resident","Outside_Worker","Eglise les Semeurs","All_modes","33"
"2020-05-20","Lemba","Kokolo","3h","Outside_Resident","Outside_Worker","Ministere combat spirituel","All_modes","25"
"2020-05-20","Lemba","Kokolo","3h","Outside_Resident","Outside_Worker","Paroisse Saint Benoît","All_modes","25"
"2020-05-20","Lemba","Kokolo","3h","Outside_Resident","Outside_Worker","Saint Augustin de Lemba","All_modes","25"
"2020-05-20","Lemba","Kokolo","3h","Outside_Resident","Outside_Worker","St Joseph de Kinshasa","All_modes","25"
"2020-05-20","Lemba","Kokolo","3h","Outside_Resident","Outside_Worker","ZoneGlobale","All_modes","137"
"2020-05-20","Lemba","Kokolo","3h","Outside_Resident","Outside_Worker","eglise protestante de lemba","All_modes","25"
"2020-05-20","Lemba","Kokolo","3h","Outside_Resident","Destination_Zone_Worker","ZoneGlobale","All_modes","33"
"2020-05-20","Lemba","Kokolo","3h","Outside_Resident","Study_Zone_Worker","Croissement Kianza et Université","All_modes","33"
"2020-05-20","Lemba","Kokolo","3h","Outside_Resident","Study_Zone_Worker","ZoneGlobale","All_modes","51"
"2020-05-20","Lemba","Kokolo","3h","Outside_Resident","Origin_Zone_Worker","ZoneGlobale","All_modes","34"
"2020-05-20","Lemba","Kokolo","3h","Destination_Zone_Resident","Destination_Zone_Worker","Centre Evangélique la Résurrection","All_modes","41"
"2020-05-20","Lemba","Kokolo","3h","Destination_Zone_Resident","Destination_Zone_Worker","Eglise Francophone Ecole de Tyrannus","All_modes","34"
"2020-05-20","Lemba","Kokolo","3h","Destination_Zone_Resident","Destination_Zone_Worker","Eglise La Semence Seeds Church","All_modes","33"
"2020-05-20","Lemba","Kokolo","3h","Destination_Zone_Resident","Destination_Zone_Worker","Eglise Mission Evangelique Réconciliation Spirituel International MERSI","All_modes","33"
"2020-05-20","Lemba","Kokolo","3h","Destination_Zone_Resident","Destination_Zone_Worker","Eglise les Semeurs","All_modes","34"
"2020-05-20","Lemba","Kokolo","3h","Destination_Zone_Resident","Destination_Zone_Worker","Inga","All_modes","34"
"2020-05-20","Lemba","Kokolo","3h","Destination_Zone_Resident","Destination_Zone_Worker","Lemba Terminus","All_modes","68"
"2020-05-20","Lemba","Kokolo","3h","Destination_Zone_Resident","Destination_Zone_Worker","Paroisse Notre-Dame d'Afrique","All_modes","33"
"2020-05-20","Lemba","Kokolo","3h","Destination_Zone_Resident","Destination_Zone_Worker","Paroisse Saint Benoît","All_modes","34"
"2020-05-20","Lemba","Kokolo","3h","Destination_Zone_Resident","Destination_Zone_Worker","Religieuses de l'Assomption","All_modes","25"
"2020-05-20","Lemba","Kokolo","3h","Destination_Zone_Resident","Destination_Zone_Worker","Rond point super lemba","All_modes","24"
"2020-05-20","Lemba","Kokolo","3h","Destination_Zone_Resident","Destination_Zone_Worker","Saint Augustin de Lemba","All_modes","33"
"2020-05-20","Lemba","Kokolo","3h","Destination_Zone_Resident","Destination_Zone_Worker","St Joseph de Kinshasa","All_modes","26"
"2020-05-20","Lemba","Kokolo","3h","Destination_Zone_Resident","Destination_Zone_Worker","ZoneGlobale","All_modes","170"
"2020-05-20","Lemba","Kokolo","3h","Study_Zone_Resident","Outside_Worker","ZoneGlobale","All_modes","26"
"2020-05-20","Lemba","Kokolo","3h","Study_Zone_Resident","Destination_Zone_Worker","ZoneGlobale","All_modes","33"
"2020-05-20","Lemba","Kokolo","3h","Study_Zone_Resident","Study_Zone_Worker","Centre Evangélique la Résurrection","All_modes","34"
"2020-05-20","Lemba","Kokolo","3h","Study_Zone_Resident","Study_Zone_Worker","Croissement Kianza et Université","All_modes","357"
"2020-05-20","Lemba","Kokolo","3h","Study_Zone_Resident","Study_Zone_Worker","Eglise La Semence Seeds Church","All_modes","34"
"2020-05-20","Lemba","Kokolo","3h","Study_Zone_Resident","Study_Zone_Worker","Inga","All_modes","25"
"2020-05-20","Lemba","Kokolo","3h","Study_Zone_Resident","Study_Zone_Worker","Marché de super lemba","All_modes","26"
"2020-05-20","Lemba","Kokolo","3h","Study_Zone_Resident","Study_Zone_Worker","Paroisse Notre-Dame d'Afrique","All_modes","25"
"2020-05-20","Lemba","Kokolo","3h","Study_Zone_Resident","Study_Zone_Worker","Religieuses de l'Assomption","All_modes","26"
"2020-05-20","Lemba","Kokolo","3h","Study_Zone_Resident","Study_Zone_Worker","Rond point super lemba","All_modes","34"
"2020-05-20","Lemba","Kokolo","3h","Study_Zone_Resident","Study_Zone_Worker","Saint Augustin de Lemba","All_modes","52"
"2020-05-20","Lemba","Kokolo","3h","Study_Zone_Resident","Study_Zone_Worker","ZoneGlobale","All_modes","478"
"2020-05-20","Lemba","Kokolo","3h","Study_Zone_Resident","Study_Zone_Worker","eglise protestante de lemba","All_modes","43"
"2020-05-20","Lemba","Kokolo","3h","Study_Zone_Resident","Origin_Zone_Worker","ZoneGlobale","All_modes","34"
"2020-05-20","Lemba","Kokolo","3h","Origin_Zone_Resident","Outside_Worker","Baruti Tabernacle","All_modes","25"
"2020-05-20","Lemba","Kokolo","3h","Origin_Zone_Resident","Outside_Worker","ZoneGlobale","All_modes","43"
"2020-05-20","Lemba","Kokolo","3h","Origin_Zone_Resident","Destination_Zone_Worker","Eglise les Semeurs","All_modes","25"
"2020-05-20","Lemba","Kokolo","3h","Origin_Zone_Resident","Destination_Zone_Worker","Saint Augustin de Lemba","All_modes","25"
"2020-05-20","Lemba","Kokolo","3h","Origin_Zone_Resident","Destination_Zone_Worker","ZoneGlobale","All_modes","120"
"2020-05-20","Lemba","Kokolo","3h","Origin_Zone_Resident","Study_Zone_Worker","Centre Evangélique la Résurrection","All_modes","25"
"2020-05-20","Lemba","Kokolo","3h","Origin_Zone_Resident","Study_Zone_Worker","ZoneGlobale","All_modes","67"
"2020-05-20","Lemba","Kokolo","3h","Origin_Zone_Resident","Origin_Zone_Worker","Arret Bakayaou","All_modes","25"
"2020-05-20","Lemba","Kokolo","3h","Origin_Zone_Resident","Origin_Zone_Worker","Arret Telecel Alingwa","All_modes","25"
"2020-05-20","Lemba","Kokolo","3h","Origin_Zone_Resident","Origin_Zone_Worker","Avenue Kimbondo et Pierre Mulele","All_modes","34"
"2020-05-20","Lemba","Kokolo","3h","Origin_Zone_Resident","Origin_Zone_Worker","Baruti Tabernacle","All_modes","137"
"2020-05-20","Lemba","Kokolo","3h","Origin_Zone_Resident","Origin_Zone_Worker","CREFM Eglise La Compassion","All_modes","42"
"2020-05-20","Lemba","Kokolo","3h","Origin_Zone_Resident","Origin_Zone_Worker","Centre Evangélique LA TRINITE","All_modes","42"
"2020-05-20","Lemba","Kokolo","3h","Origin_Zone_Resident","Origin_Zone_Worker","Centre Evangélique la Résurrection","All_modes","34"
"2020-05-20","Lemba","Kokolo","3h","Origin_Zone_Resident","Origin_Zone_Worker","Centre Missionnaire Evangélique au Congo","All_modes","67"
"2020-05-20","Lemba","Kokolo","3h","Origin_Zone_Resident","Origin_Zone_Worker","Cinquantenaire","All_modes","24"
"2020-05-20","Lemba","Kokolo","3h","Origin_Zone_Resident","Origin_Zone_Worker","Croissement Kianza et Université","All_modes","110"
"2020-05-20","Lemba","Kokolo","3h","Origin_Zone_Resident","Origin_Zone_Worker","Eglise Francophone Ecole de Tyrannus","All_modes","101"
"2020-05-20","Lemba","Kokolo","3h","Origin_Zone_Resident","Origin_Zone_Worker","Eglise Kimbanguiste","All_modes","33"
"2020-05-20","Lemba","Kokolo","3h","Origin_Zone_Resident","Origin_Zone_Worker","Eglise Mission Evangelique Réconciliation Spirituel International MERSI","All_modes","42"
"2020-05-20","Lemba","Kokolo","3h","Origin_Zone_Resident","Origin_Zone_Worker","Eglise les Semeurs","All_modes","162"
"2020-05-20","Lemba","Kokolo","3h","Origin_Zone_Resident","Origin_Zone_Worker","Inga","All_modes","51"
"2020-05-20","Lemba","Kokolo","3h","Origin_Zone_Resident","Origin_Zone_Worker","Lemba Terminus","All_modes","238"
"2020-05-20","Lemba","Kokolo","3h","Origin_Zone_Resident","Origin_Zone_Worker","MED CITE DES PRIERES","All_modes","58"
"2020-05-20","Lemba","Kokolo","3h","Origin_Zone_Resident","Origin_Zone_Worker","Marché Matete","All_modes","25"
"2020-05-20","Lemba","Kokolo","3h","Origin_Zone_Resident","Origin_Zone_Worker","Marché Moulaert ou Marché Lumumba","All_modes","33"
"2020-05-20","Lemba","Kokolo","3h","Origin_Zone_Resident","Origin_Zone_Worker","Marché de super lemba","All_modes","67"
"2020-05-20","Lemba","Kokolo","3h","Origin_Zone_Resident","Origin_Zone_Worker","Ministere combat spirituel","All_modes","33"
"2020-05-20","Lemba","Kokolo","3h","Origin_Zone_Resident","Origin_Zone_Worker","Paroisse Saint Benoît","All_modes","137"
"2020-05-20","Lemba","Kokolo","3h","Origin_Zone_Resident","Origin_Zone_Worker","Pont Matete","All_modes","42"
"2020-05-20","Lemba","Kokolo","3h","Origin_Zone_Resident","Origin_Zone_Worker","Reine des Apôtres","All_modes","51"
"2020-05-20","Lemba","Kokolo","3h","Origin_Zone_Resident","Origin_Zone_Worker","Religieuses de l'Assomption","All_modes","93"
"2020-05-20","Lemba","Kokolo","3h","Origin_Zone_Resident","Origin_Zone_Worker","Rond Point Ngaba","All_modes","33"
"2020-05-20","Lemba","Kokolo","3h","Origin_Zone_Resident","Origin_Zone_Worker","Rond point super lemba","All_modes","76"
"2020-05-20","Lemba","Kokolo","3h","Origin_Zone_Resident","Origin_Zone_Worker","Saint Augustin de Lemba","All_modes","145"
"2020-05-20","Lemba","Kokolo","3h","Origin_Zone_Resident","Origin_Zone_Worker","St Joseph de Kinshasa","All_modes","25"
"2020-05-20","Lemba","Kokolo","3h","Origin_Zone_Resident","Origin_Zone_Worker","St.Christine","All_modes","42"
"2020-05-20","Lemba","Kokolo","3h","Origin_Zone_Resident","Origin_Zone_Worker","ZoneGlobale","All_modes","1087"
"2020-05-20","Lemba","Kokolo","3h","Origin_Zone_Resident","Origin_Zone_Worker","eglise protestante de lemba","All_modes","93"
"2020-05-20","Lemba","Limete","1h","Outside_Resident","Outside_Worker","Baruti Tabernacle","All_modes","33"
"2020-05-20","Lemba","Limete","1h","Outside_Resident","Outside_Worker","CREFM Eglise La Compassion","All_modes","85"
"2020-05-20","Lemba","Limete","1h","Outside_Resident","Outside_Worker","Centre Evangélique la Résurrection","All_modes","161"
"2020-05-20","Lemba","Limete","1h","Outside_Resident","Outside_Worker","Centre Missionnaire Evangélique au Congo","All_modes","25"
"2020-05-20","Lemba","Limete","1h","Outside_Resident","Outside_Worker","Croissement Kianza et Université","All_modes","266"
"2020-05-20","Lemba","Limete","1h","Outside_Resident","Outside_Worker","Eglise Francophone Ecole de Tyrannus","All_modes","86"
"2020-05-20","Lemba","Limete","1h","Outside_Resident","Outside_Worker","Eglise Kimbanguiste","All_modes","178"
"2020-05-20","Lemba","Limete","1h","Outside_Resident","Outside_Worker","Eglise La Semence Seeds Church","All_modes","93"
"2020-05-20","Lemba","Limete","1h","Outside_Resident","Outside_Worker","Eglise Mission Evangelique Réconciliation Spirituel International MERSI","All_modes","92"
"2020-05-20","Lemba","Limete","1h","Outside_Resident","Outside_Worker","Eglise de Jesus-Christ des saints des derniers jours","All_modes","43"
"2020-05-20","Lemba","Limete","1h","Outside_Resident","Outside_Worker","Eglise les Semeurs","All_modes","101"
"2020-05-20","Lemba","Limete","1h","Outside_Resident","Outside_Worker","FIKIN","All_modes","75"
"2020-05-20","Lemba","Limete","1h","Outside_Resident","Outside_Worker","Hj Hospitals","All_modes","34"
"2020-05-20","Lemba","Limete","1h","Outside_Resident","Outside_Worker","Lemba Terminus","All_modes","120"
"2020-05-20","Lemba","Limete","1h","Outside_Resident","Outside_Worker","MED CITE DES PRIERES","All_modes","33"
"2020-05-20","Lemba","Limete","1h","Outside_Resident","Outside_Worker","Marché de super lemba","All_modes","58"
"2020-05-20","Lemba","Limete","1h","Outside_Resident","Outside_Worker","Ministere combat spirituel","All_modes","93"
"2020-05-20","Lemba","Limete","1h","Outside_Resident","Outside_Worker","Paroisse Notre-Dame d'Afrique","All_modes","93"
"2020-05-20","Lemba","Limete","1h","Outside_Resident","Outside_Worker","Paroisse Saint Benoît","All_modes","76"
"2020-05-20","Lemba","Limete","1h","Outside_Resident","Outside_Worker","Place Commercial de limete (7 rue)","All_modes","239"
"2020-05-20","Lemba","Limete","1h","Outside_Resident","Outside_Worker","Pont Matete","All_modes","85"
"2020-05-20","Lemba","Limete","1h","Outside_Resident","Outside_Worker","Religieuses de l'Assomption","All_modes","85"
"2020-05-20","Lemba","Limete","1h","Outside_Resident","Outside_Worker","Rond Point Ngaba","All_modes","33"
"2020-05-20","Lemba","Limete","1h","Outside_Resident","Outside_Worker","Rond point super lemba","All_modes","93"
"2020-05-20","Lemba","Limete","1h","Outside_Resident","Outside_Worker","Saint Augustin de Lemba","All_modes","127"
"2020-05-20","Lemba","Limete","1h","Outside_Resident","Outside_Worker","St Joseph de Kinshasa","All_modes","168"
"2020-05-20","Lemba","Limete","1h","Outside_Resident","Outside_Worker","St.Christine","All_modes","33"
"2020-05-20","Lemba","Limete","1h","Outside_Resident","Outside_Worker","ZoneGlobale","All_modes","1233"
"2020-05-20","Lemba","Limete","1h","Outside_Resident","Outside_Worker","eglise protestante de lemba","All_modes","110"
"2020-05-20","Lemba","Limete","1h","Outside_Resident","Destination_Zone_Worker","CREFM Eglise La Compassion","All_modes","42"
"2020-05-20","Lemba","Limete","1h","Outside_Resident","Destination_Zone_Worker","Centre Evangélique la Résurrection","All_modes","76"
"2020-05-20","Lemba","Limete","1h","Outside_Resident","Destination_Zone_Worker","Croissement Kianza et Université","All_modes","60"
"2020-05-20","Lemba","Limete","1h","Outside_Resident","Destination_Zone_Worker","Eglise Francophone Ecole de Tyrannus","All_modes","33"
"2020-05-20","Lemba","Limete","1h","Outside_Resident","Destination_Zone_Worker","Eglise Kimbanguiste","All_modes","34"
"2020-05-20","Lemba","Limete","1h","Outside_Resident","Destination_Zone_Worker","Eglise La Semence Seeds Church","All_modes","42"
"2020-05-20","Lemba","Limete","1h","Outside_Resident","Destination_Zone_Worker","Eglise de Jesus-Christ des saints des derniers jours","All_modes","33"
"2020-05-20","Lemba","Limete","1h","Outside_Resident","Destination_Zone_Worker","Eglise les Semeurs","All_modes","58"
"2020-05-20","Lemba","Limete","1h","Outside_Resident","Destination_Zone_Worker","FIKIN","All_modes","94"
"2020-05-20","Lemba","Limete","1h","Outside_Resident","Destination_Zone_Worker","Lemba Terminus","All_modes","68"
"2020-05-20","Lemba","Limete","1h","Outside_Resident","Destination_Zone_Worker","Marché de super lemba","All_modes","25"
"2020-05-20","Lemba","Limete","1h","Outside_Resident","Destination_Zone_Worker","Ministere combat spirituel","All_modes","42"
"2020-05-20","Lemba","Limete","1h","Outside_Resident","Destination_Zone_Worker","Paroisse Notre-Dame d'Afrique","All_modes","42"
"2020-05-20","Lemba","Limete","1h","Outside_Resident","Destination_Zone_Worker","Paroisse Saint Benoît","All_modes","34"
"2020-05-20","Lemba","Limete","1h","Outside_Resident","Destination_Zone_Worker","Place Commercial de limete (7 rue)","All_modes","51"
"2020-05-20","Lemba","Limete","1h","Outside_Resident","Destination_Zone_Worker","Pont Matete","All_modes","34"
"2020-05-20","Lemba","Limete","1h","Outside_Resident","Destination_Zone_Worker","Religieuses de l'Assomption","All_modes","25"
"2020-05-20","Lemba","Limete","1h","Outside_Resident","Destination_Zone_Worker","Saint Augustin de Lemba","All_modes","61"
"2020-05-20","Lemba","Limete","1h","Outside_Resident","Destination_Zone_Worker","St Joseph de Kinshasa","All_modes","34"
"2020-05-20","Lemba","Limete","1h","Outside_Resident","Destination_Zone_Worker","ZoneGlobale","All_modes","376"
"2020-05-20","Lemba","Limete","1h","Outside_Resident","Destination_Zone_Worker","eglise protestante de lemba","All_modes","25"
"2020-05-20","Lemba","Limete","1h","Outside_Resident","Study_Zone_Worker","CREFM Eglise La Compassion","All_modes","43"
"2020-05-20","Lemba","Limete","1h","Outside_Resident","Study_Zone_Worker","Centre Evangélique la Résurrection","All_modes","43"
"2020-05-20","Lemba","Limete","1h","Outside_Resident","Study_Zone_Worker","Clinique Universitaire Kinshasa","All_modes","34"
"2020-05-20","Lemba","Limete","1h","Outside_Resident","Study_Zone_Worker","Croissement Kianza et Université","All_modes","52"
"2020-05-20","Lemba","Limete","1h","Outside_Resident","Study_Zone_Worker","Eglise La Semence Seeds Church","All_modes","25"
"2020-05-20","Lemba","Limete","1h","Outside_Resident","Study_Zone_Worker","Eglise Mission Evangelique Réconciliation Spirituel International MERSI","All_modes","25"
"2020-05-20","Lemba","Limete","1h","Outside_Resident","Study_Zone_Worker","Hj Hospitals","All_modes","26"
"2020-05-20","Lemba","Limete","1h","Outside_Resident","Study_Zone_Worker","Ministere combat spirituel","All_modes","25"
"2020-05-20","Lemba","Limete","1h","Outside_Resident","Study_Zone_Worker","Place Commercial de limete (7 rue)","All_modes","70"
"2020-05-20","Lemba","Limete","1h","Outside_Resident","Study_Zone_Worker","Pont Matete","All_modes","34"
"2020-05-20","Lemba","Limete","1h","Outside_Resident","Study_Zone_Worker","St Joseph de Kinshasa","All_modes","41"
"2020-05-20","Lemba","Limete","1h","Outside_Resident","Study_Zone_Worker","ZoneGlobale","All_modes","173"
"2020-05-20","Lemba","Limete","1h","Outside_Resident","Origin_Zone_Worker","Centre Evangélique la Résurrection","All_modes","43"
"2020-05-20","Lemba","Limete","1h","Outside_Resident","Origin_Zone_Worker","Croissement Kianza et Université","All_modes","130"
"2020-05-20","Lemba","Limete","1h","Outside_Resident","Origin_Zone_Worker","Eglise Kimbanguiste","All_modes","87"
"2020-05-20","Lemba","Limete","1h","Outside_Resident","Origin_Zone_Worker","Eglise Mission Evangelique Réconciliation Spirituel International MERSI","All_modes","61"
"2020-05-20","Lemba","Limete","1h","Outside_Resident","Origin_Zone_Worker","FIKIN","All_modes","34"
"2020-05-20","Lemba","Limete","1h","Outside_Resident","Origin_Zone_Worker","Hj Hospitals","All_modes","25"
"2020-05-20","Lemba","Limete","1h","Outside_Resident","Origin_Zone_Worker","MED CITE DES PRIERES","All_modes","26"
"2020-05-20","Lemba","Limete","1h","Outside_Resident","Origin_Zone_Worker","Marché de super lemba","All_modes","34"
"2020-05-20","Lemba","Limete","1h","Outside_Resident","Origin_Zone_Worker","Place Commercial de limete (7 rue)","All_modes","363"
"2020-05-20","Lemba","Limete","1h","Outside_Resident","Origin_Zone_Worker","Religieuses de l'Assomption","All_modes","25"
"2020-05-20","Lemba","Limete","1h","Outside_Resident","Origin_Zone_Worker","Rond point super lemba","All_modes","52"
"2020-05-20","Lemba","Limete","1h","Outside_Resident","Origin_Zone_Worker","Saint Augustin de Lemba","All_modes","52"
"2020-05-20","Lemba","Limete","1h","Outside_Resident","Origin_Zone_Worker","St Joseph de Kinshasa","All_modes","42"
"2020-05-20","Lemba","Limete","1h","Outside_Resident","Origin_Zone_Worker","St.Christine","All_modes","26"
"2020-05-20","Lemba","Limete","1h","Outside_Resident","Origin_Zone_Worker","ZoneGlobale","All_modes","650"
"2020-05-20","Lemba","Limete","1h","Outside_Resident","Origin_Zone_Worker","eglise protestante de lemba","All_modes","52"
"2020-05-20","Lemba","Limete","1h","Destination_Zone_Resident","Outside_Worker","ZoneGlobale","All_modes","25"
"2020-05-20","Lemba","Limete","1h","Destination_Zone_Resident","Destination_Zone_Worker","Baruti Tabernacle","All_modes","127"
"2020-05-20","Lemba","Limete","1h","Destination_Zone_Resident","Destination_Zone_Worker","CREFM Eglise La Compassion","All_modes","274"
"2020-05-20","Lemba","Limete","1h","Destination_Zone_Resident","Destination_Zone_Worker","Centre Evangélique LA TRINITE","All_modes","84"
"2020-05-20","Lemba","Limete","1h","Destination_Zone_Resident","Destination_Zone_Worker","Centre Evangélique la Résurrection","All_modes","521"
"2020-05-20","Lemba","Limete","1h","Destination_Zone_Resident","Destination_Zone_Worker","Centre Missionnaire Evangélique au Congo","All_modes","67"
"2020-05-20","Lemba","Limete","1h","Destination_Zone_Resident","Destination_Zone_Worker","Cimetière sans fil","All_modes","25"
"2020-05-20","Lemba","Limete","1h","Destination_Zone_Resident","Destination_Zone_Worker","Clinique Universitaire Kinshasa","All_modes","50"
"2020-05-20","Lemba","Limete","1h","Destination_Zone_Resident","Destination_Zone_Worker","Croissement Kianza et Université","All_modes","1248"
"2020-05-20","Lemba","Limete","1h","Destination_Zone_Resident","Destination_Zone_Worker","Eglise Francophone Ecole de Tyrannus","All_modes","169"
"2020-05-20","Lemba","Limete","1h","Destination_Zone_Resident","Destination_Zone_Worker","Eglise Kimbanguiste","All_modes","544"
"2020-05-20","Lemba","Limete","1h","Destination_Zone_Resident","Destination_Zone_Worker","Eglise La Semence Seeds Church","All_modes","282"
"2020-05-20","Lemba","Limete","1h","Destination_Zone_Resident","Destination_Zone_Worker","Eglise Mission Evangelique Réconciliation Spirituel International MERSI","All_modes","345"
"2020-05-20","Lemba","Limete","1h","Destination_Zone_Resident","Destination_Zone_Worker","Eglise Néo Apostolique RDC Ouest","All_modes","35"
"2020-05-20","Lemba","Limete","1h","Destination_Zone_Resident","Destination_Zone_Worker","Eglise de Jesus-Christ des saints des derniers jours","All_modes","101"
"2020-05-20","Lemba","Limete","1h","Destination_Zone_Resident","Destination_Zone_Worker","Eglise les Semeurs","All_modes","340"
"2020-05-20","Lemba","Limete","1h","Destination_Zone_Resident","Destination_Zone_Worker","FIKIN","All_modes","376"
"2020-05-20","Lemba","Limete","1h","Destination_Zone_Resident","Destination_Zone_Worker","Hj Hospitals","All_modes","101"
"2020-05-20","Lemba","Limete","1h","Destination_Zone_Resident","Destination_Zone_Worker","Intendance (UNIKIN)","All_modes","34"
"2020-05-20","Lemba","Limete","1h","Destination_Zone_Resident","Destination_Zone_Worker","Lemba Terminus","All_modes","250"
"2020-05-20","Lemba","Limete","1h","Destination_Zone_Resident","Destination_Zone_Worker","MED CITE DES PRIERES","All_modes","119"
"2020-05-20","Lemba","Limete","1h","Destination_Zone_Resident","Destination_Zone_Worker","Marché Matete","All_modes","33"
"2020-05-20","Lemba","Limete","1h","Destination_Zone_Resident","Destination_Zone_Worker","Marché de Mbanza Lemba","All_modes","51"
"2020-05-20","Lemba","Limete","1h","Destination_Zone_Resident","Destination_Zone_Worker","Marché de super lemba","All_modes","197"
"2020-05-20","Lemba","Limete","1h","Destination_Zone_Resident","Destination_Zone_Worker","Ministere combat spirituel","All_modes","265"
"2020-05-20","Lemba","Limete","1h","Destination_Zone_Resident","Destination_Zone_Worker","Paroisse Notre-Dame d'Afrique","All_modes","256"
"2020-05-20","Lemba","Limete","1h","Destination_Zone_Resident","Destination_Zone_Worker","Paroisse Saint Benoît","All_modes","220"
"2020-05-20","Lemba","Limete","1h","Destination_Zone_Resident","Destination_Zone_Worker","Place Commercial de limete (7 rue)","All_modes","393"
"2020-05-20","Lemba","Limete","1h","Destination_Zone_Resident","Destination_Zone_Worker","Pont Matete","All_modes","317"
"2020-05-20","Lemba","Limete","1h","Destination_Zone_Resident","Destination_Zone_Worker","Reine des Apôtres","All_modes","50"
"2020-05-20","Lemba","Limete","1h","Destination_Zone_Resident","Destination_Zone_Worker","Religieuses de l'Assomption","All_modes","214"
"2020-05-20","Lemba","Limete","1h","Destination_Zone_Resident","Destination_Zone_Worker","Rond Point Ngaba","All_modes","119"
"2020-05-20","Lemba","Limete","1h","Destination_Zone_Resident","Destination_Zone_Worker","Rond point super lemba","All_modes","393"
"2020-05-20","Lemba","Limete","1h","Destination_Zone_Resident","Destination_Zone_Worker","Saint Augustin de Lemba","All_modes","344"
"2020-05-20","Lemba","Limete","1h","Destination_Zone_Resident","Destination_Zone_Worker","St Joseph de Kinshasa","All_modes","563"
"2020-05-20","Lemba","Limete","1h","Destination_Zone_Resident","Destination_Zone_Worker","St.Christine","All_modes","119"
"2020-05-20","Lemba","Limete","1h","Destination_Zone_Resident","Destination_Zone_Worker","ZoneGlobale","All_modes","3556"
"2020-05-20","Lemba","Limete","1h","Destination_Zone_Resident","Destination_Zone_Worker","eglise protestante de lemba","All_modes","276"
"2020-05-20","Lemba","Limete","1h","Destination_Zone_Resident","Study_Zone_Worker","CREFM Eglise La Compassion","All_modes","42"
"2020-05-20","Lemba","Limete","1h","Destination_Zone_Resident","Study_Zone_Worker","Centre Evangélique la Résurrection","All_modes","51"
"2020-05-20","Lemba","Limete","1h","Destination_Zone_Resident","Study_Zone_Worker","Croissement Kianza et Université","All_modes","72"
"2020-05-20","Lemba","Limete","1h","Destination_Zone_Resident","Study_Zone_Worker","Eglise Mission Evangelique Réconciliation Spirituel International MERSI","All_modes","25"
"2020-05-20","Lemba","Limete","1h","Destination_Zone_Resident","Study_Zone_Worker","Eglise de Jesus-Christ des saints des derniers jours","All_modes","25"
"2020-05-20","Lemba","Limete","1h","Destination_Zone_Resident","Study_Zone_Worker","Marché de super lemba","All_modes","25"
"2020-05-20","Lemba","Limete","1h","Destination_Zone_Resident","Study_Zone_Worker","Ministere combat spirituel","All_modes","42"
"2020-05-20","Lemba","Limete","1h","Destination_Zone_Resident","Study_Zone_Worker","Place Commercial de limete (7 rue)","All_modes","45"
"2020-05-20","Lemba","Limete","1h","Destination_Zone_Resident","Study_Zone_Worker","Pont Matete","All_modes","43"
"2020-05-20","Lemba","Limete","1h","Destination_Zone_Resident","Study_Zone_Worker","Religieuses de l'Assomption","All_modes","25"
"2020-05-20","Lemba","Limete","1h","Destination_Zone_Resident","Study_Zone_Worker","Rond point super lemba","All_modes","25"
"2020-05-20","Lemba","Limete","1h","Destination_Zone_Resident","Study_Zone_Worker","Saint Augustin de Lemba","All_modes","25"
"2020-05-20","Lemba","Limete","1h","Destination_Zone_Resident","Study_Zone_Worker","ZoneGlobale","All_modes","141"
"2020-05-20","Lemba","Limete","1h","Destination_Zone_Resident","Study_Zone_Worker","eglise protestante de lemba","All_modes","25"
"2020-05-20","Lemba","Limete","1h","Destination_Zone_Resident","Origin_Zone_Worker","Centre Evangélique la Résurrection","All_modes","52"
"2020-05-20","Lemba","Limete","1h","Destination_Zone_Resident","Origin_Zone_Worker","Croissement Kianza et Université","All_modes","495"
"2020-05-20","Lemba","Limete","1h","Destination_Zone_Resident","Origin_Zone_Worker","Eglise Francophone Ecole de Tyrannus","All_modes","25"
"2020-05-20","Lemba","Limete","1h","Destination_Zone_Resident","Origin_Zone_Worker","Eglise Kimbanguiste","All_modes","42"
"2020-05-20","Lemba","Limete","1h","Destination_Zone_Resident","Origin_Zone_Worker","Eglise La Semence Seeds Church","All_modes","43"
"2020-05-20","Lemba","Limete","1h","Destination_Zone_Resident","Origin_Zone_Worker","Eglise Mission Evangelique Réconciliation Spirituel International MERSI","All_modes","43"
"2020-05-20","Lemba","Limete","1h","Destination_Zone_Resident","Origin_Zone_Worker","Eglise les Semeurs","All_modes","25"
"2020-05-20","Lemba","Limete","1h","Destination_Zone_Resident","Origin_Zone_Worker","FIKIN","All_modes","35"
"2020-05-20","Lemba","Limete","1h","Destination_Zone_Resident","Origin_Zone_Worker","Lemba Terminus","All_modes","50"
"2020-05-20","Lemba","Limete","1h","Destination_Zone_Resident","Origin_Zone_Worker","MED CITE DES PRIERES","All_modes","42"
"2020-05-20","Lemba","Limete","1h","Destination_Zone_Resident","Origin_Zone_Worker","Marché de super lemba","All_modes","51"
"2020-05-20","Lemba","Limete","1h","Destination_Zone_Resident","Origin_Zone_Worker","Paroisse Notre-Dame d'Afrique","All_modes","43"
"2020-05-20","Lemba","Limete","1h","Destination_Zone_Resident","Origin_Zone_Worker","Paroisse Saint Benoît","All_modes","25"
"2020-05-20","Lemba","Limete","1h","Destination_Zone_Resident","Origin_Zone_Worker","Place Commercial de limete (7 rue)","All_modes","34"
"2020-05-20","Lemba","Limete","1h","Destination_Zone_Resident","Origin_Zone_Worker","Pont Matete","All_modes","25"
"2020-05-20","Lemba","Limete","1h","Destination_Zone_Resident","Origin_Zone_Worker","Religieuses de l'Assomption","All_modes","51"
"2020-05-20","Lemba","Limete","1h","Destination_Zone_Resident","Origin_Zone_Worker","Rond Point Ngaba","All_modes","42"
"2020-05-20","Lemba","Limete","1h","Destination_Zone_Resident","Origin_Zone_Worker","Rond point super lemba","All_modes","59"
"2020-05-20","Lemba","Limete","1h","Destination_Zone_Resident","Origin_Zone_Worker","Saint Augustin de Lemba","All_modes","51"
"2020-05-20","Lemba","Limete","1h","Destination_Zone_Resident","Origin_Zone_Worker","St Joseph de Kinshasa","All_modes","61"
"2020-05-20","Lemba","Limete","1h","Destination_Zone_Resident","Origin_Zone_Worker","St.Christine","All_modes","42"
"2020-05-20","Lemba","Limete","1h","Destination_Zone_Resident","Origin_Zone_Worker","ZoneGlobale","All_modes","823"
"2020-05-20","Lemba","Limete","1h","Destination_Zone_Resident","Origin_Zone_Worker","eglise protestante de lemba","All_modes","42"
"2020-05-20","Lemba","Limete","1h","Study_Zone_Resident","Outside_Worker","Centre Evangélique la Résurrection","All_modes","42"
"2020-05-20","Lemba","Limete","1h","Study_Zone_Resident","Outside_Worker","Eglise La Semence Seeds Church","All_modes","34"
"2020-05-20","Lemba","Limete","1h","Study_Zone_Resident","Outside_Worker","Eglise les Semeurs","All_modes","34"
"2020-05-20","Lemba","Limete","1h","Study_Zone_Resident","Outside_Worker","Paroisse Notre-Dame d'Afrique","All_modes","25"
"2020-05-20","Lemba","Limete","1h","Study_Zone_Resident","Outside_Worker","Place Commercial de limete (7 rue)","All_modes","34"
"2020-05-20","Lemba","Limete","1h","Study_Zone_Resident","Outside_Worker","Pont Matete","All_modes","34"
"2020-05-20","Lemba","Limete","1h","Study_Zone_Resident","Outside_Worker","St Joseph de Kinshasa","All_modes","42"
"2020-05-20","Lemba","Limete","1h","Study_Zone_Resident","Outside_Worker","ZoneGlobale","All_modes","122"
"2020-05-20","Lemba","Limete","1h","Study_Zone_Resident","Destination_Zone_Worker","Baruti Tabernacle","All_modes","43"
"2020-05-20","Lemba","Limete","1h","Study_Zone_Resident","Destination_Zone_Worker","CREFM Eglise La Compassion","All_modes","119"
"2020-05-20","Lemba","Limete","1h","Study_Zone_Resident","Destination_Zone_Worker","Centre Evangélique la Résurrection","All_modes","144"
"2020-05-20","Lemba","Limete","1h","Study_Zone_Resident","Destination_Zone_Worker","Centre d'Evangelisation Peniel CEPE","All_modes","25"
"2020-05-20","Lemba","Limete","1h","Study_Zone_Resident","Destination_Zone_Worker","Clinique Universitaire Kinshasa","All_modes","25"
"2020-05-20","Lemba","Limete","1h","Study_Zone_Resident","Destination_Zone_Worker","Croissement Kianza et Université","All_modes","77"
"2020-05-20","Lemba","Limete","1h","Study_Zone_Resident","Destination_Zone_Worker","Eglise Kimbanguiste","All_modes","25"
"2020-05-20","Lemba","Limete","1h","Study_Zone_Resident","Destination_Zone_Worker","Eglise La Semence Seeds Church","All_modes","76"
"2020-05-20","Lemba","Limete","1h","Study_Zone_Resident","Destination_Zone_Worker","Eglise Mission Evangelique Réconciliation Spirituel International MERSI","All_modes","68"
"2020-05-20","Lemba","Limete","1h","Study_Zone_Resident","Destination_Zone_Worker","Eglise de Jesus-Christ des saints des derniers jours","All_modes","59"
"2020-05-20","Lemba","Limete","1h","Study_Zone_Resident","Destination_Zone_Worker","Eglise les Semeurs","All_modes","43"
"2020-05-20","Lemba","Limete","1h","Study_Zone_Resident","Destination_Zone_Worker","FIKIN","All_modes","25"
"2020-05-20","Lemba","Limete","1h","Study_Zone_Resident","Destination_Zone_Worker","Hj Hospitals","All_modes","33"
"2020-05-20","Lemba","Limete","1h","Study_Zone_Resident","Destination_Zone_Worker","Lemba Terminus","All_modes","68"
"2020-05-20","Lemba","Limete","1h","Study_Zone_Resident","Destination_Zone_Worker","MED CITE DES PRIERES","All_modes","60"
"2020-05-20","Lemba","Limete","1h","Study_Zone_Resident","Destination_Zone_Worker","Marché de super lemba","All_modes","51"
"2020-05-20","Lemba","Limete","1h","Study_Zone_Resident","Destination_Zone_Worker","Ministere combat spirituel","All_modes","110"
"2020-05-20","Lemba","Limete","1h","Study_Zone_Resident","Destination_Zone_Worker","Paroisse Notre-Dame d'Afrique","All_modes","67"
"2020-05-20","Lemba","Limete","1h","Study_Zone_Resident","Destination_Zone_Worker","Paroisse Saint Benoît","All_modes","34"
"2020-05-20","Lemba","Limete","1h","Study_Zone_Resident","Destination_Zone_Worker","Place Commercial de limete (7 rue)","All_modes","146"
"2020-05-20","Lemba","Limete","1h","Study_Zone_Resident","Destination_Zone_Worker","Pont Matete","All_modes","127"
"2020-05-20","Lemba","Limete","1h","Study_Zone_Resident","Destination_Zone_Worker","Reine des Apôtres","All_modes","25"
"2020-05-20","Lemba","Limete","1h","Study_Zone_Resident","Destination_Zone_Worker","Religieuses de l'Assomption","All_modes","43"
"2020-05-20","Lemba","Limete","1h","Study_Zone_Resident","Destination_Zone_Worker","Rond Point Ngaba","All_modes","26"
"2020-05-20","Lemba","Limete","1h","Study_Zone_Resident","Destination_Zone_Worker","Rond point super lemba","All_modes","42"
"2020-05-20","Lemba","Limete","1h","Study_Zone_Resident","Destination_Zone_Worker","Saint Augustin de Lemba","All_modes","78"
"2020-05-20","Lemba","Limete","1h","Study_Zone_Resident","Destination_Zone_Worker","St Joseph de Kinshasa","All_modes","93"
"2020-05-20","Lemba","Limete","1h","Study_Zone_Resident","Destination_Zone_Worker","St.Christine","All_modes","52"
"2020-05-20","Lemba","Limete","1h","Study_Zone_Resident","Destination_Zone_Worker","ZoneGlobale","All_modes","472"
"2020-05-20","Lemba","Limete","1h","Study_Zone_Resident","Destination_Zone_Worker","eglise protestante de lemba","All_modes","60"
"2020-05-20","Lemba","Limete","1h","Study_Zone_Resident","Study_Zone_Worker","Arret Telecel Alingwa","All_modes","34"
"2020-05-20","Lemba","Limete","1h","Study_Zone_Resident","Study_Zone_Worker","Arret moulard","All_modes","25"
"2020-05-20","Lemba","Limete","1h","Study_Zone_Resident","Study_Zone_Worker","Avenue kalembelembe et Pierre Mulele (ASSANEF)","All_modes","25"
"2020-05-20","Lemba","Limete","1h","Study_Zone_Resident","Study_Zone_Worker","Baruti Tabernacle","All_modes","102"
"2020-05-20","Lemba","Limete","1h","Study_Zone_Resident","Study_Zone_Worker","CREFM Eglise La Compassion","All_modes","247"
"2020-05-20","Lemba","Limete","1h","Study_Zone_Resident","Study_Zone_Worker","Centre Evangélique LA TRINITE","All_modes","35"
"2020-05-20","Lemba","Limete","1h","Study_Zone_Resident","Study_Zone_Worker","Centre Evangélique la Résurrection","All_modes","428"
"2020-05-20","Lemba","Limete","1h","Study_Zone_Resident","Study_Zone_Worker","Centre Missionnaire Evangélique au Congo","All_modes","60"
"2020-05-20","Lemba","Limete","1h","Study_Zone_Resident","Study_Zone_Worker","Centre Monkole","All_modes","25"
"2020-05-20","Lemba","Limete","1h","Study_Zone_Resident","Study_Zone_Worker","Centre d'Evangelisation Peniel CEPE","All_modes","34"
"2020-05-20","Lemba","Limete","1h","Study_Zone_Resident","Study_Zone_Worker","Cimetière sans fil","All_modes","44"
"2020-05-20","Lemba","Limete","1h","Study_Zone_Resident","Study_Zone_Worker","Cinquantenaire","All_modes","25"
"2020-05-20","Lemba","Limete","1h","Study_Zone_Resident","Study_Zone_Worker","Clinique Universitaire Kinshasa","All_modes","60"
"2020-05-20","Lemba","Limete","1h","Study_Zone_Resident","Study_Zone_Worker","Communaute Evagelique La Presence de Dieu/ MASINA","All_modes","25"
"2020-05-20","Lemba","Limete","1h","Study_Zone_Resident","Study_Zone_Worker","Croissement Kianza et Université","All_modes","754"
"2020-05-20","Lemba","Limete","1h","Study_Zone_Resident","Study_Zone_Worker","Eglise Francophone Ecole de Tyrannus","All_modes","170"
"2020-05-20","Lemba","Limete","1h","Study_Zone_Resident","Study_Zone_Worker","Eglise Kimbanguiste","All_modes","237"
"2020-05-20","Lemba","Limete","1h","Study_Zone_Resident","Study_Zone_Worker","Eglise La Semence Seeds Church","All_modes","268"
"2020-05-20","Lemba","Limete","1h","Study_Zone_Resident","Study_Zone_Worker","Eglise Mission Evangelique Réconciliation Spirituel International MERSI","All_modes","712"
"2020-05-20","Lemba","Limete","1h","Study_Zone_Resident","Study_Zone_Worker","Eglise Néo Apostolique RDC Ouest","All_modes","26"
"2020-05-20","Lemba","Limete","1h","Study_Zone_Resident","Study_Zone_Worker","Eglise de Jesus-Christ des saints des derniers jours","All_modes","119"
"2020-05-20","Lemba","Limete","1h","Study_Zone_Resident","Study_Zone_Worker","Eglise les Semeurs","All_modes","588"
"2020-05-20","Lemba","Limete","1h","Study_Zone_Resident","Study_Zone_Worker","Ejcev Nouvelle Alliance Bima","All_modes","42"
"2020-05-20","Lemba","Limete","1h","Study_Zone_Resident","Study_Zone_Worker","FIKIN","All_modes","118"
"2020-05-20","Lemba","Limete","1h","Study_Zone_Resident","Study_Zone_Worker","Hj Hospitals","All_modes","104"
"2020-05-20","Lemba","Limete","1h","Study_Zone_Resident","Study_Zone_Worker","Hopital Biamba Marie Mutombo","All_modes","332"
"2020-05-20","Lemba","Limete","1h","Study_Zone_Resident","Study_Zone_Worker","Huillerie","All_modes","26"
"2020-05-20","Lemba","Limete","1h","Study_Zone_Resident","Study_Zone_Worker","Hôpital général de référence","All_modes","85"
"2020-05-20","Lemba","Limete","1h","Study_Zone_Resident","Study_Zone_Worker","Lemba Terminus","All_modes","954"
"2020-05-20","Lemba","Limete","1h","Study_Zone_Resident","Study_Zone_Worker","MED CITE DES PRIERES","All_modes","175"
"2020-05-20","Lemba","Limete","1h","Study_Zone_Resident","Study_Zone_Worker","Marché Matete","All_modes","52"
"2020-05-20","Lemba","Limete","1h","Study_Zone_Resident","Study_Zone_Worker","Marché de super lemba","All_modes","536"
"2020-05-20","Lemba","Limete","1h","Study_Zone_Resident","Study_Zone_Worker","Ministere combat spirituel","All_modes","178"
"2020-05-20","Lemba","Limete","1h","Study_Zone_Resident","Study_Zone_Worker","Moni-Shop","All_modes","34"
"2020-05-20","Lemba","Limete","1h","Study_Zone_Resident","Study_Zone_Worker","Mosque Bon Marche","All_modes","25"
"2020-05-20","Lemba","Limete","1h","Study_Zone_Resident","Study_Zone_Worker","Paroisse Marie Auxiliatrice","All_modes","25"
"2020-05-20","Lemba","Limete","1h","Study_Zone_Resident","Study_Zone_Worker","Paroisse Notre-Dame d'Afrique","All_modes","234"
"2020-05-20","Lemba","Limete","1h","Study_Zone_Resident","Study_Zone_Worker","Paroisse Saint Benoît","All_modes","544"
"2020-05-20","Lemba","Limete","1h","Study_Zone_Resident","Study_Zone_Worker","Place Commercial de limete (7 rue)","All_modes","430"
"2020-05-20","Lemba","Limete","1h","Study_Zone_Resident","Study_Zone_Worker","Pont Matete","All_modes","231"
"2020-05-20","Lemba","Limete","1h","Study_Zone_Resident","Study_Zone_Worker","Reine des Apôtres","All_modes","60"
"2020-05-20","Lemba","Limete","1h","Study_Zone_Resident","Study_Zone_Worker","Religieuses de l'Assomption","All_modes","578"
"2020-05-20","Lemba","Limete","1h","Study_Zone_Resident","Study_Zone_Worker","Rond Point Ngaba","All_modes","157"
"2020-05-20","Lemba","Limete","1h","Study_Zone_Resident","Study_Zone_Worker","Rond point super lemba","All_modes","613"
"2020-05-20","Lemba","Limete","1h","Study_Zone_Resident","Study_Zone_Worker","Saint Augustin de Lemba","All_modes","647"
"2020-05-20","Lemba","Limete","1h","Study_Zone_Resident","Study_Zone_Worker","St Joseph de Kinshasa","All_modes","340"
"2020-05-20","Lemba","Limete","1h","Study_Zone_Resident","Study_Zone_Worker","St.Christine","All_modes","157"
"2020-05-20","Lemba","Limete","1h","Study_Zone_Resident","Study_Zone_Worker","Terrain d'Assemblée des Témoins de Jéhovah","All_modes","26"
"2020-05-20","Lemba","Limete","1h","Study_Zone_Resident","Study_Zone_Worker","Wenze Muselu/Gambela","All_modes","26"
"2020-05-20","Lemba","Limete","1h","Study_Zone_Resident","Study_Zone_Worker","ZoneGlobale","All_modes","1849"
"2020-05-20","Lemba","Limete","1h","Study_Zone_Resident","Study_Zone_Worker","eglise protestante de lemba","All_modes","605"
"2020-05-20","Lemba","Limete","1h","Study_Zone_Resident","Origin_Zone_Worker","Baruti Tabernacle","All_modes","41"
"2020-05-20","Lemba","Limete","1h","Study_Zone_Resident","Origin_Zone_Worker","CREFM Eglise La Compassion","All_modes","103"
"2020-05-20","Lemba","Limete","1h","Study_Zone_Resident","Origin_Zone_Worker","Centre Evangélique LA TRINITE","All_modes","25"
"2020-05-20","Lemba","Limete","1h","Study_Zone_Resident","Origin_Zone_Worker","Centre Evangélique la Résurrection","All_modes","112"
"2020-05-20","Lemba","Limete","1h","Study_Zone_Resident","Origin_Zone_Worker","Centre Missionnaire Evangélique au Congo","All_modes","25"
"2020-05-20","Lemba","Limete","1h","Study_Zone_Resident","Origin_Zone_Worker","Croissement Kianza et Université","All_modes","68"
