"﻿Date","Origin","Destination","Immobility","Home_Category","Activity_Category","Observation_Zone","Mode","Volume"
"2020-03-22","Kasa-Vubu","Limete","3h","Destination_Zone_Resident","Origin_Zone_Worker","ZoneGlobale","All_modes","122"
"2020-03-22","Kasa-Vubu","Limete","3h","Study_Zone_Resident","Destination_Zone_Worker","ZoneGlobale","All_modes","54"
"2020-03-22","Kasa-Vubu","Limete","3h","Study_Zone_Resident","Study_Zone_Worker","ZoneGlobale","All_modes","122"
"2020-03-22","Kasa-Vubu","Limete","3h","Study_Zone_Resident","Origin_Zone_Worker","ZoneGlobale","All_modes","122"
"2020-03-22","Kasa-Vubu","Limete","3h","Origin_Zone_Resident","Origin_Zone_Worker","ZoneGlobale","All_modes","54"
"2020-03-22","Kasa-Vubu","Makala","1h","Destination_Zone_Resident","Destination_Zone_Worker","ZoneGlobale","All_modes","68"
"2020-03-22","Kasa-Vubu","Makala","1h","Destination_Zone_Resident","Origin_Zone_Worker","ZoneGlobale","All_modes","54"
"2020-03-22","Kasa-Vubu","Makala","3h","Outside_Resident","Outside_Worker","ZoneGlobale","All_modes","109"
"2020-03-22","Kasa-Vubu","Makala","3h","Outside_Resident","Study_Zone_Worker","ZoneGlobale","All_modes","27"
"2020-03-22","Kasa-Vubu","Makala","3h","Outside_Resident","Origin_Zone_Worker","ZoneGlobale","All_modes","81"
"2020-03-22","Kasa-Vubu","Makala","3h","Destination_Zone_Resident","Outside_Worker","ZoneGlobale","All_modes","40"
"2020-03-22","Kasa-Vubu","Makala","3h","Destination_Zone_Resident","Destination_Zone_Worker","ZoneGlobale","All_modes","150"
"2020-03-22","Kasa-Vubu","Makala","3h","Destination_Zone_Resident","Study_Zone_Worker","ZoneGlobale","All_modes","54"
"2020-03-22","Kasa-Vubu","Makala","3h","Destination_Zone_Resident","Origin_Zone_Worker","ZoneGlobale","All_modes","204"
"2020-03-22","Kasa-Vubu","Makala","3h","Study_Zone_Resident","Study_Zone_Worker","ZoneGlobale","All_modes","68"
"2020-03-22","Kasa-Vubu","Makala","3h","Study_Zone_Resident","Origin_Zone_Worker","ZoneGlobale","All_modes","27"
"2020-03-22","Kasa-Vubu","Maluku I","3h","Study_Zone_Resident","Study_Zone_Worker","ZoneGlobale","All_modes","40"
"2020-03-22","Kasa-Vubu","Masina I","1h","Destination_Zone_Resident","Destination_Zone_Worker","ZoneGlobale","All_modes","27"
"2020-03-22","Kasa-Vubu","Masina I","3h","Outside_Resident","Origin_Zone_Worker","ZoneGlobale","All_modes","27"
"2020-03-22","Kasa-Vubu","Masina I","3h","Destination_Zone_Resident","Destination_Zone_Worker","ZoneGlobale","All_modes","40"
"2020-03-22","Kasa-Vubu","Masina I","3h","Study_Zone_Resident","Origin_Zone_Worker","ZoneGlobale","All_modes","27"
"2020-03-22","Kasa-Vubu","Masina II","1h","Destination_Zone_Resident","Destination_Zone_Worker","ZoneGlobale","All_modes","40"
"2020-03-22","Kasa-Vubu","Masina II","3h","Outside_Resident","Outside_Worker","ZoneGlobale","All_modes","27"
"2020-03-22","Kasa-Vubu","Masina II","3h","Outside_Resident","Study_Zone_Worker","ZoneGlobale","All_modes","27"
"2020-03-22","Kasa-Vubu","Masina II","3h","Destination_Zone_Resident","Destination_Zone_Worker","ZoneGlobale","All_modes","122"
"2020-03-22","Kasa-Vubu","Masina II","3h","Destination_Zone_Resident","Study_Zone_Worker","ZoneGlobale","All_modes","27"
"2020-03-22","Kasa-Vubu","Matete","3h","Outside_Resident","Outside_Worker","ZoneGlobale","All_modes","27"
"2020-03-22","Kasa-Vubu","Matete","3h","Destination_Zone_Resident","Destination_Zone_Worker","ZoneGlobale","All_modes","40"
"2020-03-22","Kasa-Vubu","Matete","3h","Destination_Zone_Resident","Study_Zone_Worker","ZoneGlobale","All_modes","40"
"2020-03-22","Kasa-Vubu","Matete","3h","Destination_Zone_Resident","Origin_Zone_Worker","ZoneGlobale","All_modes","27"
"2020-03-22","Kasa-Vubu","Matete","3h","Origin_Zone_Resident","Origin_Zone_Worker","ZoneGlobale","All_modes","27"
"2020-03-22","Kasa-Vubu","Mont Ngafula I","3h","Outside_Resident","Outside_Worker","ZoneGlobale","All_modes","27"
"2020-03-22","Kasa-Vubu","Mont Ngafula I","3h","Outside_Resident","Destination_Zone_Worker","ZoneGlobale","All_modes","27"
"2020-03-22","Kasa-Vubu","Mont Ngafula I","3h","Outside_Resident","Origin_Zone_Worker","ZoneGlobale","All_modes","27"
"2020-03-22","Kasa-Vubu","Mont Ngafula I","3h","Destination_Zone_Resident","Destination_Zone_Worker","ZoneGlobale","All_modes","40"
"2020-03-22","Kasa-Vubu","Mont Ngafula II","1h","Outside_Resident","Outside_Worker","ZoneGlobale","All_modes","47"
"2020-03-22","Kasa-Vubu","Mont Ngafula II","1h","Destination_Zone_Resident","Destination_Zone_Worker","ZoneGlobale","All_modes","27"
"2020-03-22","Kasa-Vubu","Mont Ngafula II","1h","Destination_Zone_Resident","Study_Zone_Worker","ZoneGlobale","All_modes","27"
"2020-03-22","Kasa-Vubu","Mont Ngafula II","3h","Destination_Zone_Resident","Destination_Zone_Worker","ZoneGlobale","All_modes","68"
"2020-03-22","Kasa-Vubu","Mont Ngafula II","3h","Destination_Zone_Resident","Study_Zone_Worker","ZoneGlobale","All_modes","40"
"2020-03-22","Kasa-Vubu","Mont Ngafula II","3h","Study_Zone_Resident","Study_Zone_Worker","ZoneGlobale","All_modes","27"
"2020-03-22","Kasa-Vubu","Ndjili","1h","Outside_Resident","Outside_Worker","ZoneGlobale","All_modes","27"
"2020-03-22","Kasa-Vubu","Ndjili","1h","Destination_Zone_Resident","Outside_Worker","ZoneGlobale","All_modes","54"
"2020-03-22","Kasa-Vubu","Ndjili","1h","Destination_Zone_Resident","Destination_Zone_Worker","ZoneGlobale","All_modes","81"
"2020-03-22","Kasa-Vubu","Ndjili","1h","Destination_Zone_Resident","Origin_Zone_Worker","ZoneGlobale","All_modes","27"
"2020-03-22","Kasa-Vubu","Ndjili","3h","Outside_Resident","Outside_Worker","ZoneGlobale","All_modes","40"
"2020-03-22","Kasa-Vubu","Ndjili","3h","Outside_Resident","Study_Zone_Worker","ZoneGlobale","All_modes","27"
"2020-03-22","Kasa-Vubu","Ndjili","3h","Destination_Zone_Resident","Outside_Worker","ZoneGlobale","All_modes","27"
"2020-03-22","Kasa-Vubu","Ndjili","3h","Destination_Zone_Resident","Destination_Zone_Worker","ZoneGlobale","All_modes","109"
"2020-03-22","Kasa-Vubu","Ndjili","3h","Destination_Zone_Resident","Origin_Zone_Worker","ZoneGlobale","All_modes","40"
"2020-03-22","Kasa-Vubu","Ndjili","3h","Study_Zone_Resident","Origin_Zone_Worker","ZoneGlobale","All_modes","27"
"2020-03-22","Kasa-Vubu","Ngiri-Ngiri","1h","Outside_Resident","Outside_Worker","ZoneGlobale","All_modes","273"
"2020-03-22","Kasa-Vubu","Ngiri-Ngiri","1h","Outside_Resident","Destination_Zone_Worker","ZoneGlobale","All_modes","54"
"2020-03-22","Kasa-Vubu","Ngiri-Ngiri","1h","Outside_Resident","Study_Zone_Worker","ZoneGlobale","All_modes","27"
"2020-03-22","Kasa-Vubu","Ngiri-Ngiri","1h","Outside_Resident","Origin_Zone_Worker","ZoneGlobale","All_modes","27"
"2020-03-22","Kasa-Vubu","Ngiri-Ngiri","1h","Destination_Zone_Resident","Outside_Worker","ZoneGlobale","All_modes","54"
"2020-03-22","Kasa-Vubu","Ngiri-Ngiri","1h","Destination_Zone_Resident","Destination_Zone_Worker","ZoneGlobale","All_modes","696"
"2020-03-22","Kasa-Vubu","Ngiri-Ngiri","1h","Destination_Zone_Resident","Study_Zone_Worker","ZoneGlobale","All_modes","95"
"2020-03-22","Kasa-Vubu","Ngiri-Ngiri","1h","Destination_Zone_Resident","Origin_Zone_Worker","ZoneGlobale","All_modes","204"
"2020-03-22","Kasa-Vubu","Ngiri-Ngiri","1h","Study_Zone_Resident","Study_Zone_Worker","ZoneGlobale","All_modes","81"
"2020-03-22","Kasa-Vubu","Ngiri-Ngiri","1h","Study_Zone_Resident","Origin_Zone_Worker","ZoneGlobale","All_modes","122"
"2020-03-22","Kasa-Vubu","Ngiri-Ngiri","1h","Origin_Zone_Resident","Destination_Zone_Worker","ZoneGlobale","All_modes","27"
"2020-03-22","Kasa-Vubu","Ngiri-Ngiri","1h","Origin_Zone_Resident","Study_Zone_Worker","ZoneGlobale","All_modes","40"
"2020-03-22","Kasa-Vubu","Ngiri-Ngiri","1h","Origin_Zone_Resident","Origin_Zone_Worker","ZoneGlobale","All_modes","232"
"2020-03-22","Kasa-Vubu","Ngiri-Ngiri","3h","Outside_Resident","Outside_Worker","ZoneGlobale","All_modes","519"
"2020-03-22","Kasa-Vubu","Ngiri-Ngiri","3h","Outside_Resident","Destination_Zone_Worker","ZoneGlobale","All_modes","109"
"2020-03-22","Kasa-Vubu","Ngiri-Ngiri","3h","Outside_Resident","Study_Zone_Worker","ZoneGlobale","All_modes","68"
"2020-03-22","Kasa-Vubu","Ngiri-Ngiri","3h","Outside_Resident","Origin_Zone_Worker","ZoneGlobale","All_modes","163"
"2020-03-22","Kasa-Vubu","Ngiri-Ngiri","3h","Destination_Zone_Resident","Outside_Worker","ZoneGlobale","All_modes","95"
"2020-03-22","Kasa-Vubu","Ngiri-Ngiri","3h","Destination_Zone_Resident","Destination_Zone_Worker","ZoneGlobale","All_modes","1024"
"2020-03-22","Kasa-Vubu","Ngiri-Ngiri","3h","Destination_Zone_Resident","Study_Zone_Worker","ZoneGlobale","All_modes","136"
"2020-03-22","Kasa-Vubu","Ngiri-Ngiri","3h","Destination_Zone_Resident","Origin_Zone_Worker","ZoneGlobale","All_modes","464"
"2020-03-22","Kasa-Vubu","Ngiri-Ngiri","3h","Study_Zone_Resident","Outside_Worker","ZoneGlobale","All_modes","122"
"2020-03-22","Kasa-Vubu","Ngiri-Ngiri","3h","Study_Zone_Resident","Destination_Zone_Worker","ZoneGlobale","All_modes","27"
"2020-03-22","Kasa-Vubu","Ngiri-Ngiri","3h","Study_Zone_Resident","Study_Zone_Worker","ZoneGlobale","All_modes","300"
"2020-03-22","Kasa-Vubu","Ngiri-Ngiri","3h","Study_Zone_Resident","Origin_Zone_Worker","ZoneGlobale","All_modes","122"
"2020-03-22","Kasa-Vubu","Ngiri-Ngiri","3h","Origin_Zone_Resident","Destination_Zone_Worker","ZoneGlobale","All_modes","40"
"2020-03-22","Kasa-Vubu","Ngiri-Ngiri","3h","Origin_Zone_Resident","Study_Zone_Worker","ZoneGlobale","All_modes","68"
"2020-03-22","Kasa-Vubu","Ngiri-Ngiri","3h","Origin_Zone_Resident","Origin_Zone_Worker","ZoneGlobale","All_modes","727"
"2020-03-22","Kasa-Vubu","Nsele","1h","Outside_Resident","Outside_Worker","ZoneGlobale","All_modes","27"
"2020-03-22","Kasa-Vubu","Nsele","1h","Destination_Zone_Resident","Study_Zone_Worker","ZoneGlobale","All_modes","27"
"2020-03-22","Kasa-Vubu","Nsele","1h","Destination_Zone_Resident","Origin_Zone_Worker","ZoneGlobale","All_modes","40"
"2020-03-22","Kasa-Vubu","Nsele","1h","Study_Zone_Resident","Study_Zone_Worker","ZoneGlobale","All_modes","40"
"2020-03-22","Kasa-Vubu","Nsele","1h","Study_Zone_Resident","Origin_Zone_Worker","ZoneGlobale","All_modes","27"
"2020-03-22","Kasa-Vubu","Nsele","1h","Origin_Zone_Resident","Origin_Zone_Worker","ZoneGlobale","All_modes","81"
"2020-03-22","Kasa-Vubu","Nsele","3h","Outside_Resident","Outside_Worker","ZoneGlobale","All_modes","68"
"2020-03-22","Kasa-Vubu","Nsele","3h","Outside_Resident","Origin_Zone_Worker","ZoneGlobale","All_modes","54"
"2020-03-22","Kasa-Vubu","Nsele","3h","Destination_Zone_Resident","Destination_Zone_Worker","ZoneGlobale","All_modes","95"
"2020-03-22","Kasa-Vubu","Nsele","3h","Destination_Zone_Resident","Study_Zone_Worker","ZoneGlobale","All_modes","54"
"2020-03-22","Kasa-Vubu","Nsele","3h","Destination_Zone_Resident","Origin_Zone_Worker","ZoneGlobale","All_modes","27"
"2020-03-22","Kasa-Vubu","Nsele","3h","Study_Zone_Resident","Outside_Worker","ZoneGlobale","All_modes","27"
"2020-03-22","Kasa-Vubu","Nsele","3h","Study_Zone_Resident","Study_Zone_Worker","ZoneGlobale","All_modes","191"
"2020-03-22","Kasa-Vubu","Nsele","3h","Study_Zone_Resident","Origin_Zone_Worker","ZoneGlobale","All_modes","54"
"2020-03-22","Kasa-Vubu","Nsele","3h","Origin_Zone_Resident","Destination_Zone_Worker","ZoneGlobale","All_modes","54"
"2020-03-22","Kasa-Vubu","Nsele","3h","Origin_Zone_Resident","Study_Zone_Worker","ZoneGlobale","All_modes","506"
"2020-03-22","Kasa-Vubu","Nsele","3h","Origin_Zone_Resident","Origin_Zone_Worker","ZoneGlobale","All_modes","368"
"2020-03-22","Kasa-Vubu","Police","1h","Outside_Resident","Outside_Worker","ZoneGlobale","All_modes","27"
"2020-03-22","Kasa-Vubu","Police","1h","Outside_Resident","Destination_Zone_Worker","ZoneGlobale","All_modes","27"
"2020-03-22","Kasa-Vubu","Police","1h","Destination_Zone_Resident","Destination_Zone_Worker","ZoneGlobale","All_modes","95"
"2020-03-22","Kasa-Vubu","Police","1h","Destination_Zone_Resident","Study_Zone_Worker","ZoneGlobale","All_modes","54"
"2020-03-22","Kasa-Vubu","Police","1h","Study_Zone_Resident","Destination_Zone_Worker","ZoneGlobale","All_modes","27"
"2020-03-22","Kasa-Vubu","Police","1h","Study_Zone_Resident","Study_Zone_Worker","ZoneGlobale","All_modes","103"
"2020-03-22","Kasa-Vubu","Police","1h","Origin_Zone_Resident","Origin_Zone_Worker","ZoneGlobale","All_modes","41"
"2020-03-22","Kasa-Vubu","Police","3h","Outside_Resident","Outside_Worker","ZoneGlobale","All_modes","122"
"2020-03-22","Kasa-Vubu","Police","3h","Outside_Resident","Destination_Zone_Worker","ZoneGlobale","All_modes","54"
"2020-03-22","Kasa-Vubu","Police","3h","Outside_Resident","Study_Zone_Worker","ZoneGlobale","All_modes","27"
"2020-03-22","Kasa-Vubu","Police","3h","Outside_Resident","Origin_Zone_Worker","ZoneGlobale","All_modes","40"
"2020-03-22","Kasa-Vubu","Police","3h","Destination_Zone_Resident","Destination_Zone_Worker","ZoneGlobale","All_modes","245"
"2020-03-22","Kasa-Vubu","Police","3h","Destination_Zone_Resident","Study_Zone_Worker","ZoneGlobale","All_modes","68"
"2020-03-22","Kasa-Vubu","Police","3h","Destination_Zone_Resident","Origin_Zone_Worker","ZoneGlobale","All_modes","40"
"2020-03-22","Kasa-Vubu","Police","3h","Study_Zone_Resident","Study_Zone_Worker","ZoneGlobale","All_modes","95"
"2020-03-22","Kasa-Vubu","Police","3h","Origin_Zone_Resident","Origin_Zone_Worker","ZoneGlobale","All_modes","136"
"2020-03-22","Kasa-Vubu","Selembao","1h","Outside_Resident","Outside_Worker","ZoneGlobale","All_modes","27"
"2020-03-22","Kasa-Vubu","Selembao","1h","Outside_Resident","Destination_Zone_Worker","ZoneGlobale","All_modes","27"
"2020-03-22","Kasa-Vubu","Selembao","1h","Destination_Zone_Resident","Outside_Worker","ZoneGlobale","All_modes","27"
"2020-03-22","Kasa-Vubu","Selembao","1h","Destination_Zone_Resident","Destination_Zone_Worker","ZoneGlobale","All_modes","40"
"2020-03-22","Kasa-Vubu","Selembao","1h","Destination_Zone_Resident","Origin_Zone_Worker","ZoneGlobale","All_modes","27"
"2020-03-22","Kasa-Vubu","Selembao","3h","Outside_Resident","Outside_Worker","ZoneGlobale","All_modes","136"
"2020-03-22","Kasa-Vubu","Selembao","3h","Outside_Resident","Destination_Zone_Worker","ZoneGlobale","All_modes","27"
"2020-03-22","Kasa-Vubu","Selembao","3h","Outside_Resident","Study_Zone_Worker","ZoneGlobale","All_modes","27"
"2020-03-22","Kasa-Vubu","Selembao","3h","Outside_Resident","Origin_Zone_Worker","ZoneGlobale","All_modes","40"
"2020-03-22","Kasa-Vubu","Selembao","3h","Destination_Zone_Resident","Destination_Zone_Worker","ZoneGlobale","All_modes","122"
"2020-03-22","Kasa-Vubu","Selembao","3h","Destination_Zone_Resident","Study_Zone_Worker","ZoneGlobale","All_modes","54"
"2020-03-22","Kasa-Vubu","Selembao","3h","Destination_Zone_Resident","Origin_Zone_Worker","ZoneGlobale","All_modes","95"
"2020-03-22","Kasa-Vubu","Selembao","3h","Study_Zone_Resident","Study_Zone_Worker","ZoneGlobale","All_modes","54"
"2020-03-22","Kasa-Vubu","Selembao","3h","Study_Zone_Resident","Origin_Zone_Worker","ZoneGlobale","All_modes","40"
"2020-03-22","Kasa-Vubu","Selembao","3h","Origin_Zone_Resident","Origin_Zone_Worker","ZoneGlobale","All_modes","54"
"2020-03-22","Kasaji","Kafakumba","1h","Outside_Resident","Outside_Worker","ZoneGlobale","All_modes","35"
"2020-03-22","Kasansa","Bibanga","3h","Study_Zone_Resident","Study_Zone_Worker","ZoneGlobale","All_modes","49"
"2020-03-22","Kasansa","Bibanga","3h","Origin_Zone_Resident","Origin_Zone_Worker","ZoneGlobale","All_modes","49"
"2020-03-22","Kasansa","Cilundu","1h","Outside_Resident","Outside_Worker","ZoneGlobale","All_modes","98"
"2020-03-22","Kasansa","Cilundu","1h","Outside_Resident","Destination_Zone_Worker","ZoneGlobale","All_modes","98"
"2020-03-22","Kasansa","Cilundu","1h","Outside_Resident","Study_Zone_Worker","ZoneGlobale","All_modes","49"
"2020-03-22","Kasansa","Cilundu","1h","Destination_Zone_Resident","Destination_Zone_Worker","ZoneGlobale","All_modes","147"
"2020-03-22","Kasansa","Cilundu","1h","Destination_Zone_Resident","Study_Zone_Worker","ZoneGlobale","All_modes","49"
"2020-03-22","Kasansa","Cilundu","1h","Study_Zone_Resident","Outside_Worker","ZoneGlobale","All_modes","49"
"2020-03-22","Kasansa","Cilundu","1h","Origin_Zone_Resident","Outside_Worker","ZoneGlobale","All_modes","49"
"2020-03-22","Kasansa","Cilundu","1h","Origin_Zone_Resident","Origin_Zone_Worker","ZoneGlobale","All_modes","343"
"2020-03-22","Kasansa","Cilundu","3h","Outside_Resident","Outside_Worker","ZoneGlobale","All_modes","490"
"2020-03-22","Kasansa","Cilundu","3h","Outside_Resident","Destination_Zone_Worker","ZoneGlobale","All_modes","49"
"2020-03-22","Kasansa","Cilundu","3h","Outside_Resident","Study_Zone_Worker","ZoneGlobale","All_modes","49"
"2020-03-22","Kasansa","Cilundu","3h","Outside_Resident","Origin_Zone_Worker","ZoneGlobale","All_modes","245"
"2020-03-22","Kasansa","Cilundu","3h","Destination_Zone_Resident","Outside_Worker","ZoneGlobale","All_modes","49"
"2020-03-22","Kasansa","Cilundu","3h","Destination_Zone_Resident","Destination_Zone_Worker","ZoneGlobale","All_modes","441"
"2020-03-22","Kasansa","Cilundu","3h","Destination_Zone_Resident","Study_Zone_Worker","ZoneGlobale","All_modes","245"
"2020-03-22","Kasansa","Cilundu","3h","Destination_Zone_Resident","Origin_Zone_Worker","ZoneGlobale","All_modes","490"
"2020-03-22","Kasansa","Cilundu","3h","Study_Zone_Resident","Study_Zone_Worker","ZoneGlobale","All_modes","196"
"2020-03-22","Kasansa","Cilundu","3h","Study_Zone_Resident","Origin_Zone_Worker","ZoneGlobale","All_modes","133"
"2020-03-22","Kasansa","Cilundu","3h","Origin_Zone_Resident","Outside_Worker","ZoneGlobale","All_modes","147"
"2020-03-22","Kasansa","Cilundu","3h","Origin_Zone_Resident","Destination_Zone_Worker","ZoneGlobale","All_modes","98"
"2020-03-22","Kasansa","Cilundu","3h","Origin_Zone_Resident","Origin_Zone_Worker","ZoneGlobale","All_modes","1127"
"2020-03-22","Kasansa","Dibaya","3h","Outside_Resident","Outside_Worker","ZoneGlobale","All_modes","49"
"2020-03-22","Kasansa","Diulu","1h","Outside_Resident","Destination_Zone_Worker","ZoneGlobale","All_modes","49"
"2020-03-22","Kasansa","Diulu","1h","Destination_Zone_Resident","Destination_Zone_Worker","ZoneGlobale","All_modes","147"
"2020-03-22","Kasansa","Diulu","1h","Destination_Zone_Resident","Study_Zone_Worker","ZoneGlobale","All_modes","98"
"2020-03-22","Kasansa","Diulu","1h","Destination_Zone_Resident","Origin_Zone_Worker","ZoneGlobale","All_modes","49"
"2020-03-22","Kasansa","Diulu","1h","Study_Zone_Resident","Study_Zone_Worker","ZoneGlobale","All_modes","49"
"2020-03-22","Kasansa","Diulu","3h","Outside_Resident","Outside_Worker","ZoneGlobale","All_modes","49"
"2020-03-22","Kasansa","Diulu","3h","Outside_Resident","Destination_Zone_Worker","ZoneGlobale","All_modes","49"
"2020-03-22","Kasansa","Diulu","3h","Outside_Resident","Study_Zone_Worker","ZoneGlobale","All_modes","245"
"2020-03-22","Kasansa","Diulu","3h","Destination_Zone_Resident","Destination_Zone_Worker","ZoneGlobale","All_modes","392"
"2020-03-22","Kasansa","Diulu","3h","Destination_Zone_Resident","Study_Zone_Worker","ZoneGlobale","All_modes","49"
"2020-03-22","Kasansa","Diulu","3h","Study_Zone_Resident","Study_Zone_Worker","ZoneGlobale","All_modes","98"
"2020-03-22","Kasansa","Diulu","3h","Origin_Zone_Resident","Study_Zone_Worker","ZoneGlobale","All_modes","49"
"2020-03-22","Kasansa","Diulu","3h","Origin_Zone_Resident","Origin_Zone_Worker","ZoneGlobale","All_modes","98"
"2020-03-22","Kasansa","Kalenda","3h","Study_Zone_Resident","Study_Zone_Worker","ZoneGlobale","All_modes","49"
"2020-03-22","Kasansa","Kamiji","1h","Outside_Resident","Outside_Worker","ZoneGlobale","All_modes","49"
"2020-03-22","Kasansa","Kamiji","1h","Destination_Zone_Resident","Destination_Zone_Worker","ZoneGlobale","All_modes","49"
"2020-03-22","Kasansa","Kamiji","1h","Study_Zone_Resident","Origin_Zone_Worker","ZoneGlobale","All_modes","49"
"2020-03-22","Kasansa","Kamiji","1h","Origin_Zone_Resident","Origin_Zone_Worker","ZoneGlobale","All_modes","49"
"2020-03-22","Kasansa","Kamiji","3h","Outside_Resident","Outside_Worker","ZoneGlobale","All_modes","98"
"2020-03-22","Kasansa","Kamiji","3h","Outside_Resident","Destination_Zone_Worker","ZoneGlobale","All_modes","49"
"2020-03-22","Kasansa","Kamiji","3h","Outside_Resident","Origin_Zone_Worker","ZoneGlobale","All_modes","49"
"2020-03-22","Kasansa","Kamiji","3h","Destination_Zone_Resident","Destination_Zone_Worker","ZoneGlobale","All_modes","98"
"2020-03-22","Kasansa","Kamiji","3h","Study_Zone_Resident","Destination_Zone_Worker","ZoneGlobale","All_modes","49"
"2020-03-22","Kasansa","Kamiji","3h","Study_Zone_Resident","Study_Zone_Worker","ZoneGlobale","All_modes","147"
"2020-03-22","Kasansa","Kamiji","3h","Origin_Zone_Resident","Origin_Zone_Worker","ZoneGlobale","All_modes","245"
"2020-03-22","Kasansa","Kanda Kanda","1h","Outside_Resident","Outside_Worker","ZoneGlobale","All_modes","196"
"2020-03-22","Kasansa","Kanda Kanda","1h","Outside_Resident","Destination_Zone_Worker","ZoneGlobale","All_modes","98"
"2020-03-22","Kasansa","Kanda Kanda","1h","Destination_Zone_Resident","Destination_Zone_Worker","ZoneGlobale","All_modes","392"
"2020-03-22","Kasansa","Kanda Kanda","1h","Destination_Zone_Resident","Study_Zone_Worker","ZoneGlobale","All_modes","49"
"2020-03-22","Kasansa","Kanda Kanda","1h","Destination_Zone_Resident","Origin_Zone_Worker","ZoneGlobale","All_modes","147"
"2020-03-22","Kasansa","Kanda Kanda","1h","Study_Zone_Resident","Origin_Zone_Worker","ZoneGlobale","All_modes","49"
"2020-03-22","Kasansa","Kanda Kanda","1h","Origin_Zone_Resident","Destination_Zone_Worker","ZoneGlobale","All_modes","49"
"2020-03-22","Kasansa","Kanda Kanda","1h","Origin_Zone_Resident","Origin_Zone_Worker","ZoneGlobale","All_modes","392"
"2020-03-22","Kasansa","Kanda Kanda","3h","Outside_Resident","Outside_Worker","ZoneGlobale","All_modes","378"
"2020-03-22","Kasansa","Kanda Kanda","3h","Outside_Resident","Destination_Zone_Worker","ZoneGlobale","All_modes","147"
"2020-03-22","Kasansa","Kanda Kanda","3h","Outside_Resident","Study_Zone_Worker","ZoneGlobale","All_modes","49"
"2020-03-22","Kasansa","Kanda Kanda","3h","Outside_Resident","Origin_Zone_Worker","ZoneGlobale","All_modes","196"
"2020-03-22","Kasansa","Kanda Kanda","3h","Destination_Zone_Resident","Outside_Worker","ZoneGlobale","All_modes","49"
"2020-03-22","Kasansa","Kanda Kanda","3h","Destination_Zone_Resident","Destination_Zone_Worker","ZoneGlobale","All_modes","931"
"2020-03-22","Kasansa","Kanda Kanda","3h","Destination_Zone_Resident","Study_Zone_Worker","ZoneGlobale","All_modes","98"
"2020-03-22","Kasansa","Kanda Kanda","3h","Destination_Zone_Resident","Origin_Zone_Worker","ZoneGlobale","All_modes","637"
"2020-03-22","Kasansa","Kanda Kanda","3h","Study_Zone_Resident","Outside_Worker","ZoneGlobale","All_modes","49"
"2020-03-22","Kasansa","Kanda Kanda","3h","Study_Zone_Resident","Destination_Zone_Worker","ZoneGlobale","All_modes","49"
"2020-03-22","Kasansa","Kanda Kanda","3h","Study_Zone_Resident","Study_Zone_Worker","ZoneGlobale","All_modes","441"
"2020-03-22","Kasansa","Kanda Kanda","3h","Study_Zone_Resident","Origin_Zone_Worker","ZoneGlobale","All_modes","49"
"2020-03-22","Kasansa","Kanda Kanda","3h","Origin_Zone_Resident","Outside_Worker","ZoneGlobale","All_modes","49"
"2020-03-22","Kasansa","Kanda Kanda","3h","Origin_Zone_Resident","Destination_Zone_Worker","ZoneGlobale","All_modes","147"
"2020-03-22","Kasansa","Kanda Kanda","3h","Origin_Zone_Resident","Origin_Zone_Worker","ZoneGlobale","All_modes","1029"
"2020-03-22","Kasansa","Luputa","1h","Destination_Zone_Resident","Outside_Worker","ZoneGlobale","All_modes","49"
"2020-03-22","Kasansa","Luputa","1h","Destination_Zone_Resident","Study_Zone_Worker","ZoneGlobale","All_modes","49"
"2020-03-22","Kasansa","Luputa","3h","Destination_Zone_Resident","Outside_Worker","ZoneGlobale","All_modes","49"
"2020-03-22","Kasansa","Luputa","3h","Destination_Zone_Resident","Study_Zone_Worker","ZoneGlobale","All_modes","49"
"2020-03-22","Kasansa","Miabi","1h","Outside_Resident","Outside_Worker","ZoneGlobale","All_modes","49"
"2020-03-22","Kasansa","Miabi","1h","Study_Zone_Resident","Study_Zone_Worker","ZoneGlobale","All_modes","49"
"2020-03-22","Kasansa","Miabi","3h","Outside_Resident","Outside_Worker","ZoneGlobale","All_modes","49"
"2020-03-22","Kasansa","Miabi","3h","Destination_Zone_Resident","Outside_Worker","ZoneGlobale","All_modes","49"
"2020-03-22","Kasansa","Miabi","3h","Destination_Zone_Resident","Destination_Zone_Worker","ZoneGlobale","All_modes","49"
"2020-03-22","Kasansa","Miabi","3h","Destination_Zone_Resident","Origin_Zone_Worker","ZoneGlobale","All_modes","98"
"2020-03-22","Kasansa","Miabi","3h","Study_Zone_Resident","Destination_Zone_Worker","ZoneGlobale","All_modes","49"
"2020-03-22","Kasansa","Miabi","3h","Study_Zone_Resident","Study_Zone_Worker","ZoneGlobale","All_modes","98"
"2020-03-22","Kasansa","Miabi","3h","Study_Zone_Resident","Origin_Zone_Worker","ZoneGlobale","All_modes","98"
"2020-03-22","Kasansa","Miabi","3h","Origin_Zone_Resident","Study_Zone_Worker","ZoneGlobale","All_modes","49"
"2020-03-22","Kasansa","Miabi","3h","Origin_Zone_Resident","Origin_Zone_Worker","ZoneGlobale","All_modes","147"
"2020-03-22","Kasansa","Mukumbi","3h","Study_Zone_Resident","Study_Zone_Worker","ZoneGlobale","All_modes","49"
"2020-03-22","Kasansa","Mulumba","1h","Outside_Resident","Outside_Worker","ZoneGlobale","All_modes","441"
"2020-03-22","Kasansa","Mulumba","1h","Outside_Resident","Destination_Zone_Worker","ZoneGlobale","All_modes","196"
"2020-03-22","Kasansa","Mulumba","1h","Outside_Resident","Study_Zone_Worker","ZoneGlobale","All_modes","49"
"2020-03-22","Kasansa","Mulumba","1h","Outside_Resident","Origin_Zone_Worker","ZoneGlobale","All_modes","147"
"2020-03-22","Kasansa","Mulumba","1h","Destination_Zone_Resident","Outside_Worker","ZoneGlobale","All_modes","98"
"2020-03-22","Kasansa","Mulumba","1h","Destination_Zone_Resident","Destination_Zone_Worker","ZoneGlobale","All_modes","1129"
"2020-03-22","Kasansa","Mulumba","1h","Destination_Zone_Resident","Study_Zone_Worker","ZoneGlobale","All_modes","98"
"2020-03-22","Kasansa","Mulumba","1h","Destination_Zone_Resident","Origin_Zone_Worker","ZoneGlobale","All_modes","294"
"2020-03-22","Kasansa","Mulumba","1h","Study_Zone_Resident","Outside_Worker","ZoneGlobale","All_modes","49"
"2020-03-22","Kasansa","Mulumba","1h","Study_Zone_Resident","Study_Zone_Worker","ZoneGlobale","All_modes","343"
"2020-03-22","Kasansa","Mulumba","1h","Study_Zone_Resident","Origin_Zone_Worker","ZoneGlobale","All_modes","49"
"2020-03-22","Kasansa","Mulumba","1h","Origin_Zone_Resident","Outside_Worker","ZoneGlobale","All_modes","49"
"2020-03-22","Kasansa","Mulumba","1h","Origin_Zone_Resident","Destination_Zone_Worker","ZoneGlobale","All_modes","147"
"2020-03-22","Kasansa","Mulumba","1h","Origin_Zone_Resident","Origin_Zone_Worker","ZoneGlobale","All_modes","834"
"2020-03-22","Kasansa","Mulumba","3h","Outside_Resident","Outside_Worker","ZoneGlobale","All_modes","1618"
"2020-03-22","Kasansa","Mulumba","3h","Outside_Resident","Destination_Zone_Worker","ZoneGlobale","All_modes","245"
"2020-03-22","Kasansa","Mulumba","3h","Outside_Resident","Study_Zone_Worker","ZoneGlobale","All_modes","245"
"2020-03-22","Kasansa","Mulumba","3h","Outside_Resident","Origin_Zone_Worker","ZoneGlobale","All_modes","882"
"2020-03-22","Kasansa","Mulumba","3h","Destination_Zone_Resident","Outside_Worker","ZoneGlobale","All_modes","392"
"2020-03-22","Kasansa","Mulumba","3h","Destination_Zone_Resident","Destination_Zone_Worker","ZoneGlobale","All_modes","2942"
"2020-03-22","Kasansa","Mulumba","3h","Destination_Zone_Resident","Study_Zone_Worker","ZoneGlobale","All_modes","294"
"2020-03-22","Kasansa","Mulumba","3h","Destination_Zone_Resident","Origin_Zone_Worker","ZoneGlobale","All_modes","1765"
"2020-03-22","Kasansa","Mulumba","3h","Study_Zone_Resident","Outside_Worker","ZoneGlobale","All_modes","49"
"2020-03-22","Kasansa","Mulumba","3h","Study_Zone_Resident","Destination_Zone_Worker","ZoneGlobale","All_modes","49"
"2020-03-22","Kasansa","Mulumba","3h","Study_Zone_Resident","Study_Zone_Worker","ZoneGlobale","All_modes","931"
"2020-03-22","Kasansa","Mulumba","3h","Study_Zone_Resident","Origin_Zone_Worker","ZoneGlobale","All_modes","49"
"2020-03-22","Kasansa","Mulumba","3h","Origin_Zone_Resident","Outside_Worker","ZoneGlobale","All_modes","98"
"2020-03-22","Kasansa","Mulumba","3h","Origin_Zone_Resident","Destination_Zone_Worker","ZoneGlobale","All_modes","833"
"2020-03-22","Kasansa","Mulumba","3h","Origin_Zone_Resident","Origin_Zone_Worker","ZoneGlobale","All_modes","4560"
"2020-03-22","Kasansa","Mwene Ditu","3h","Destination_Zone_Resident","Destination_Zone_Worker","ZoneGlobale","All_modes","49"
"2020-03-22","Kasansa","Mwene Ditu","3h","Study_Zone_Resident","Study_Zone_Worker","ZoneGlobale","All_modes","49"
"2020-03-22","Kasansa","Ngandajika","1h","Outside_Resident","Destination_Zone_Worker","ZoneGlobale","All_modes","98"
"2020-03-22","Kasansa","Ngandajika","1h","Destination_Zone_Resident","Study_Zone_Worker","ZoneGlobale","All_modes","49"
"2020-03-22","Kasansa","Ngandajika","1h","Origin_Zone_Resident","Origin_Zone_Worker","ZoneGlobale","All_modes","147"
"2020-03-22","Kasansa","Ngandajika","3h","Outside_Resident","Outside_Worker","ZoneGlobale","All_modes","147"
"2020-03-22","Kasansa","Ngandajika","3h","Destination_Zone_Resident","Destination_Zone_Worker","ZoneGlobale","All_modes","245"
"2020-03-22","Kasansa","Ngandajika","3h","Destination_Zone_Resident","Study_Zone_Worker","ZoneGlobale","All_modes","147"
"2020-03-22","Kasansa","Ngandajika","3h","Study_Zone_Resident","Study_Zone_Worker","ZoneGlobale","All_modes","49"
"2020-03-22","Kasansa","Ngandajika","3h","Origin_Zone_Resident","Outside_Worker","ZoneGlobale","All_modes","49"
"2020-03-22","Kasansa","Ngandajika","3h","Origin_Zone_Resident","Destination_Zone_Worker","ZoneGlobale","All_modes","49"
"2020-03-22","Kasansa","Ngandajika","3h","Origin_Zone_Resident","Origin_Zone_Worker","ZoneGlobale","All_modes","245"
"2020-03-22","Kasansa","Tshilenge","1h","Outside_Resident","Outside_Worker","ZoneGlobale","All_modes","196"
"2020-03-22","Kasansa","Tshilenge","1h","Destination_Zone_Resident","Destination_Zone_Worker","ZoneGlobale","All_modes","540"
"2020-03-22","Kasansa","Tshilenge","1h","Destination_Zone_Resident","Study_Zone_Worker","ZoneGlobale","All_modes","49"
"2020-03-22","Kasansa","Tshilenge","1h","Destination_Zone_Resident","Origin_Zone_Worker","ZoneGlobale","All_modes","98"
"2020-03-22","Kasansa","Tshilenge","1h","Study_Zone_Resident","Study_Zone_Worker","ZoneGlobale","All_modes","147"
"2020-03-22","Kasansa","Tshilenge","1h","Origin_Zone_Resident","Origin_Zone_Worker","ZoneGlobale","All_modes","392"
"2020-03-22","Kasansa","Tshilenge","3h","Outside_Resident","Outside_Worker","ZoneGlobale","All_modes","539"
"2020-03-22","Kasansa","Tshilenge","3h","Outside_Resident","Destination_Zone_Worker","ZoneGlobale","All_modes","147"
"2020-03-22","Kasansa","Tshilenge","3h","Outside_Resident","Study_Zone_Worker","ZoneGlobale","All_modes","49"
"2020-03-22","Kasansa","Tshilenge","3h","Outside_Resident","Origin_Zone_Worker","ZoneGlobale","All_modes","98"
"2020-03-22","Kasansa","Tshilenge","3h","Destination_Zone_Resident","Outside_Worker","ZoneGlobale","All_modes","147"
"2020-03-22","Kasansa","Tshilenge","3h","Destination_Zone_Resident","Destination_Zone_Worker","ZoneGlobale","All_modes","1127"
"2020-03-22","Kasansa","Tshilenge","3h","Destination_Zone_Resident","Study_Zone_Worker","ZoneGlobale","All_modes","147"
"2020-03-22","Kasansa","Tshilenge","3h","Destination_Zone_Resident","Origin_Zone_Worker","ZoneGlobale","All_modes","441"
"2020-03-22","Kasansa","Tshilenge","3h","Study_Zone_Resident","Outside_Worker","ZoneGlobale","All_modes","98"
"2020-03-22","Kasansa","Tshilenge","3h","Study_Zone_Resident","Destination_Zone_Worker","ZoneGlobale","All_modes","98"
"2020-03-22","Kasansa","Tshilenge","3h","Study_Zone_Resident","Study_Zone_Worker","ZoneGlobale","All_modes","245"
"2020-03-22","Kasansa","Tshilenge","3h","Study_Zone_Resident","Origin_Zone_Worker","ZoneGlobale","All_modes","49"
"2020-03-22","Kasansa","Tshilenge","3h","Origin_Zone_Resident","Destination_Zone_Worker","ZoneGlobale","All_modes","245"
"2020-03-22","Kasansa","Tshilenge","3h","Origin_Zone_Resident","Study_Zone_Worker","ZoneGlobale","All_modes","147"
"2020-03-22","Kasansa","Tshilenge","3h","Origin_Zone_Resident","Origin_Zone_Worker","ZoneGlobale","All_modes","1569"
"2020-03-22","Kasansa","Tshishimbi","3h","Outside_Resident","Outside_Worker","ZoneGlobale","All_modes","49"
"2020-03-22","Kasansa","Tshishimbi","3h","Outside_Resident","Destination_Zone_Worker","ZoneGlobale","All_modes","49"
"2020-03-22","Kasansa","Tshishimbi","3h","Outside_Resident","Study_Zone_Worker","ZoneGlobale","All_modes","98"
"2020-03-22","Kasansa","Tshishimbi","3h","Destination_Zone_Resident","Outside_Worker","ZoneGlobale","All_modes","49"
"2020-03-22","Kasansa","Tshishimbi","3h","Destination_Zone_Resident","Destination_Zone_Worker","ZoneGlobale","All_modes","49"
"2020-03-22","Kasansa","Tshishimbi","3h","Study_Zone_Resident","Destination_Zone_Worker","ZoneGlobale","All_modes","49"
"2020-03-22","Kasansa","Tshishimbi","3h","Study_Zone_Resident","Study_Zone_Worker","ZoneGlobale","All_modes","98"
"2020-03-22","Kasansa","Tshishimbi","3h","Origin_Zone_Resident","Destination_Zone_Worker","ZoneGlobale","All_modes","49"
"2020-03-22","Kasansa","Tshishimbi","3h","Origin_Zone_Resident","Origin_Zone_Worker","ZoneGlobale","All_modes","49"
"2020-03-22","Kasansa","Yangala","3h","Study_Zone_Resident","Study_Zone_Worker","ZoneGlobale","All_modes","49"
"2020-03-22","Kashobwe","Kikula","1h","Outside_Resident","Outside_Worker","ZoneGlobale","All_modes","35"
"2020-03-22","Kashobwe","Kikula","1h","Origin_Zone_Resident","Origin_Zone_Worker","ZoneGlobale","All_modes","35"
"2020-03-22","Kashobwe","Kikula","3h","Outside_Resident","Outside_Worker","ZoneGlobale","All_modes","177"
"2020-03-22","Kashobwe","Kikula","3h","Outside_Resident","Destination_Zone_Worker","ZoneGlobale","All_modes","35"
"2020-03-22","Kashobwe","Kikula","3h","Outside_Resident","Origin_Zone_Worker","ZoneGlobale","All_modes","35"
"2020-03-22","Kashobwe","Kikula","3h","Destination_Zone_Resident","Destination_Zone_Worker","ZoneGlobale","All_modes","35"
"2020-03-22","Kashobwe","Kikula","3h","Study_Zone_Resident","Study_Zone_Worker","ZoneGlobale","All_modes","35"
"2020-03-22","Kashobwe","Kikula","3h","Origin_Zone_Resident","Origin_Zone_Worker","ZoneGlobale","All_modes","106"
"2020-03-22","Kashobwe","Lubumbashi","3h","Destination_Zone_Resident","Destination_Zone_Worker","ZoneGlobale","All_modes","35"
"2020-03-22","Kasongo","Kalole","3h","Outside_Resident","Outside_Worker","ZoneGlobale","All_modes","361"
"2020-03-22","Kasongo","Kalole","3h","Origin_Zone_Resident","Origin_Zone_Worker","ZoneGlobale","All_modes","361"
"2020-03-22","Kasongo","Kampene","1h","Outside_Resident","Outside_Worker","ZoneGlobale","All_modes","362"
"2020-03-22","Kasongo","Kampene","1h","Outside_Resident","Destination_Zone_Worker","ZoneGlobale","All_modes","362"
"2020-03-22","Kasongo","Kampene","1h","Destination_Zone_Resident","Destination_Zone_Worker","ZoneGlobale","All_modes","362"
"2020-03-22","Kasongo","Kampene","1h","Study_Zone_Resident","Study_Zone_Worker","ZoneGlobale","All_modes","362"
"2020-03-22","Kasongo","Kampene","3h","Outside_Resident","Outside_Worker","ZoneGlobale","All_modes","361"
"2020-03-22","Kasongo","Kampene","3h","Destination_Zone_Resident","Destination_Zone_Worker","ZoneGlobale","All_modes","361"
"2020-03-22","Kasongo","Kampene","3h","Destination_Zone_Resident","Origin_Zone_Worker","ZoneGlobale","All_modes","393"
"2020-03-22","Kasongo","Kampene","3h","Study_Zone_Resident","Study_Zone_Worker","ZoneGlobale","All_modes","361"
"2020-03-22","Kasongo","Kampene","3h","Origin_Zone_Resident","Origin_Zone_Worker","ZoneGlobale","All_modes","361"
"2020-03-22","Kasongo","Kunda","3h","Outside_Resident","Outside_Worker","ZoneGlobale","All_modes","361"
"2020-03-22","Kasongo","Kunda","3h","Outside_Resident","Study_Zone_Worker","ZoneGlobale","All_modes","361"
"2020-03-22","Kasongo","Kunda","3h","Origin_Zone_Resident","Outside_Worker","ZoneGlobale","All_modes","361"
"2020-03-22","Kasongo","Samba","1h","Outside_Resident","Outside_Worker","ZoneGlobale","All_modes","724"
"2020-03-22","Kasongo","Samba","3h","Outside_Resident","Origin_Zone_Worker","ZoneGlobale","All_modes","361"
"2020-03-22","Katako Kombe","Djalo Djeka","1h","Outside_Resident","Outside_Worker","ZoneGlobale","All_modes","98"
"2020-03-22","Katako Kombe","Djalo Djeka","3h","Outside_Resident","Outside_Worker","ZoneGlobale","All_modes","147"
"2020-03-22","Katako Kombe","Djalo Djeka","3h","Outside_Resident","Origin_Zone_Worker","ZoneGlobale","All_modes","98"
"2020-03-22","Katako Kombe","Djalo Djeka","3h","Origin_Zone_Resident","Origin_Zone_Worker","ZoneGlobale","All_modes","98"
"2020-03-22","Katana","Ibanda","1h","Outside_Resident","Outside_Worker","ZoneGlobale","All_modes","31"
"2020-03-22","Katana","Ibanda","1h","Outside_Resident","Destination_Zone_Worker","ZoneGlobale","All_modes","63"
"2020-03-22","Katana","Ibanda","1h","Outside_Resident","Study_Zone_Worker","ZoneGlobale","All_modes","31"
"2020-03-22","Katana","Ibanda","1h","Destination_Zone_Resident","Destination_Zone_Worker","ZoneGlobale","All_modes","567"
"2020-03-22","Katana","Ibanda","1h","Study_Zone_Resident","Destination_Zone_Worker","ZoneGlobale","All_modes","63"
"2020-03-22","Katana","Ibanda","1h","Origin_Zone_Resident","Origin_Zone_Worker","ZoneGlobale","All_modes","31"
"2020-03-22","Katana","Ibanda","3h","Outside_Resident","Outside_Worker","ZoneGlobale","All_modes","94"
"2020-03-22","Katana","Ibanda","3h","Outside_Resident","Destination_Zone_Worker","ZoneGlobale","All_modes","94"
"2020-03-22","Katana","Ibanda","3h","Outside_Resident","Study_Zone_Worker","ZoneGlobale","All_modes","31"
"2020-03-22","Katana","Ibanda","3h","Destination_Zone_Resident","Destination_Zone_Worker","ZoneGlobale","All_modes","944"
"2020-03-22","Katana","Ibanda","3h","Destination_Zone_Resident","Study_Zone_Worker","ZoneGlobale","All_modes","31"
"2020-03-22","Katana","Ibanda","3h","Destination_Zone_Resident","Origin_Zone_Worker","ZoneGlobale","All_modes","31"
"2020-03-22","Katana","Ibanda","3h","Study_Zone_Resident","Study_Zone_Worker","ZoneGlobale","All_modes","31"
"2020-03-22","Katana","Ibanda","3h","Origin_Zone_Resident","Destination_Zone_Worker","ZoneGlobale","All_modes","62"
"2020-03-22","Katana","Ibanda","3h","Origin_Zone_Resident","Origin_Zone_Worker","ZoneGlobale","All_modes","125"
"2020-03-22","Katana","Idjwi","1h","Outside_Resident","Outside_Worker","ZoneGlobale","All_modes","378"
"2020-03-22","Katana","Idjwi","1h","Outside_Resident","Destination_Zone_Worker","ZoneGlobale","All_modes","283"
"2020-03-22","Katana","Idjwi","1h","Outside_Resident","Study_Zone_Worker","ZoneGlobale","All_modes","31"
"2020-03-22","Katana","Idjwi","1h","Outside_Resident","Origin_Zone_Worker","ZoneGlobale","All_modes","94"
"2020-03-22","Katana","Idjwi","1h","Destination_Zone_Resident","Outside_Worker","ZoneGlobale","All_modes","31"
"2020-03-22","Katana","Idjwi","1h","Destination_Zone_Resident","Destination_Zone_Worker","ZoneGlobale","All_modes","1782"
"2020-03-22","Katana","Idjwi","1h","Destination_Zone_Resident","Study_Zone_Worker","ZoneGlobale","All_modes","94"
"2020-03-22","Katana","Idjwi","1h","Destination_Zone_Resident","Origin_Zone_Worker","ZoneGlobale","All_modes","378"
"2020-03-22","Katana","Idjwi","1h","Study_Zone_Resident","Destination_Zone_Worker","ZoneGlobale","All_modes","63"
"2020-03-22","Katana","Idjwi","1h","Study_Zone_Resident","Study_Zone_Worker","ZoneGlobale","All_modes","220"
"2020-03-22","Katana","Idjwi","1h","Origin_Zone_Resident","Outside_Worker","ZoneGlobale","All_modes","31"
"2020-03-22","Katana","Idjwi","1h","Origin_Zone_Resident","Destination_Zone_Worker","ZoneGlobale","All_modes","331"
"2020-03-22","Katana","Idjwi","1h","Origin_Zone_Resident","Origin_Zone_Worker","ZoneGlobale","All_modes","789"
"2020-03-22","Katana","Idjwi","3h","Outside_Resident","Outside_Worker","ZoneGlobale","All_modes","913"
"2020-03-22","Katana","Idjwi","3h","Outside_Resident","Destination_Zone_Worker","ZoneGlobale","All_modes","1261"
"2020-03-22","Katana","Idjwi","3h","Outside_Resident","Study_Zone_Worker","ZoneGlobale","All_modes","125"
"2020-03-22","Katana","Idjwi","3h","Outside_Resident","Origin_Zone_Worker","ZoneGlobale","All_modes","629"
"2020-03-22","Katana","Idjwi","3h","Destination_Zone_Resident","Outside_Worker","ZoneGlobale","All_modes","125"
"2020-03-22","Katana","Idjwi","3h","Destination_Zone_Resident","Destination_Zone_Worker","ZoneGlobale","All_modes","4835"
"2020-03-22","Katana","Idjwi","3h","Destination_Zone_Resident","Study_Zone_Worker","ZoneGlobale","All_modes","157"
"2020-03-22","Katana","Idjwi","3h","Destination_Zone_Resident","Origin_Zone_Worker","ZoneGlobale","All_modes","1354"
"2020-03-22","Katana","Idjwi","3h","Study_Zone_Resident","Outside_Worker","ZoneGlobale","All_modes","31"
"2020-03-22","Katana","Idjwi","3h","Study_Zone_Resident","Destination_Zone_Worker","ZoneGlobale","All_modes","157"
"2020-03-22","Katana","Idjwi","3h","Study_Zone_Resident","Study_Zone_Worker","ZoneGlobale","All_modes","772"
"2020-03-22","Katana","Idjwi","3h","Origin_Zone_Resident","Outside_Worker","ZoneGlobale","All_modes","188"
"2020-03-22","Katana","Idjwi","3h","Origin_Zone_Resident","Destination_Zone_Worker","ZoneGlobale","All_modes","1385"
"2020-03-22","Katana","Idjwi","3h","Origin_Zone_Resident","Origin_Zone_Worker","ZoneGlobale","All_modes","4252"
"2020-03-22","Katana","Kabare","3h","Outside_Resident","Study_Zone_Worker","ZoneGlobale","All_modes","31"
"2020-03-22","Katana","Kabare","3h","Outside_Resident","Origin_Zone_Worker","ZoneGlobale","All_modes","31"
"2020-03-22","Katana","Kabare","3h","Destination_Zone_Resident","Study_Zone_Worker","ZoneGlobale","All_modes","31"
"2020-03-22","Katana","Kabare","3h","Study_Zone_Resident","Study_Zone_Worker","ZoneGlobale","All_modes","125"
"2020-03-22","Katana","Kalonge","3h","Outside_Resident","Outside_Worker","ZoneGlobale","All_modes","31"
"2020-03-22","Katana","Karisimbi","3h","Destination_Zone_Resident","Study_Zone_Worker","ZoneGlobale","All_modes","31"
"2020-03-22","Katana","Karisimbi","3h","Study_Zone_Resident","Study_Zone_Worker","ZoneGlobale","All_modes","31"
"2020-03-22","Katana","Kirotshe","3h","Destination_Zone_Resident","Study_Zone_Worker","ZoneGlobale","All_modes","47"
"2020-03-22","Katana","Minova","1h","Outside_Resident","Outside_Worker","ZoneGlobale","All_modes","31"
"2020-03-22","Katana","Minova","1h","Destination_Zone_Resident","Destination_Zone_Worker","ZoneGlobale","All_modes","94"
"2020-03-22","Katana","Minova","1h","Destination_Zone_Resident","Study_Zone_Worker","ZoneGlobale","All_modes","31"
"2020-03-22","Katana","Minova","1h","Destination_Zone_Resident","Origin_Zone_Worker","ZoneGlobale","All_modes","31"
"2020-03-22","Katana","Minova","1h","Origin_Zone_Resident","Origin_Zone_Worker","ZoneGlobale","All_modes","31"
"2020-03-22","Katana","Minova","3h","Outside_Resident","Outside_Worker","ZoneGlobale","All_modes","220"
"2020-03-22","Katana","Minova","3h","Outside_Resident","Destination_Zone_Worker","ZoneGlobale","All_modes","31"
"2020-03-22","Katana","Minova","3h","Outside_Resident","Study_Zone_Worker","ZoneGlobale","All_modes","94"
"2020-03-22","Katana","Minova","3h","Outside_Resident","Origin_Zone_Worker","ZoneGlobale","All_modes","31"
"2020-03-22","Katana","Minova","3h","Destination_Zone_Resident","Destination_Zone_Worker","ZoneGlobale","All_modes","125"
"2020-03-22","Katana","Minova","3h","Study_Zone_Resident","Study_Zone_Worker","ZoneGlobale","All_modes","220"
"2020-03-22","Katana","Minova","3h","Study_Zone_Resident","Origin_Zone_Worker","ZoneGlobale","All_modes","62"
"2020-03-22","Katana","Minova","3h","Origin_Zone_Resident","Destination_Zone_Worker","ZoneGlobale","All_modes","47"
"2020-03-22","Katana","Minova","3h","Origin_Zone_Resident","Origin_Zone_Worker","ZoneGlobale","All_modes","188"
"2020-03-22","Katana","Nyangezi","3h","Destination_Zone_Resident","Study_Zone_Worker","ZoneGlobale","All_modes","31"
"2020-03-22","Katwa","Beni","1h","Destination_Zone_Resident","Destination_Zone_Worker","ZoneGlobale","All_modes","47"
"2020-03-22","Katwa","Beni","3h","Outside_Resident","Outside_Worker","ZoneGlobale","All_modes","95"
"2020-03-22","Katwa","Beni","3h","Outside_Resident","Origin_Zone_Worker","ZoneGlobale","All_modes","47"
"2020-03-22","Katwa","Beni","3h","Destination_Zone_Resident","Destination_Zone_Worker","ZoneGlobale","All_modes","143"
"2020-03-22","Katwa","Beni","3h","Study_Zone_Resident","Study_Zone_Worker","ZoneGlobale","All_modes","213"
"2020-03-22","Katwa","Beni","3h","Origin_Zone_Resident","Outside_Worker","ZoneGlobale","All_modes","47"
"2020-03-22","Katwa","Beni","3h","Origin_Zone_Resident","Origin_Zone_Worker","ZoneGlobale","All_modes","143"
"2020-03-22","Katwa","Biena","1h","Destination_Zone_Resident","Origin_Zone_Worker","ZoneGlobale","All_modes","47"
"2020-03-22","Katwa","Biena","1h","Study_Zone_Resident","Origin_Zone_Worker","ZoneGlobale","All_modes","47"
"2020-03-22","Katwa","Biena","1h","Origin_Zone_Resident","Origin_Zone_Worker","ZoneGlobale","All_modes","95"
"2020-03-22","Katwa","Biena","3h","Outside_Resident","Outside_Worker","ZoneGlobale","All_modes","47"
"2020-03-22","Katwa","Biena","3h","Outside_Resident","Origin_Zone_Worker","ZoneGlobale","All_modes","95"
"2020-03-22","Katwa","Biena","3h","Destination_Zone_Resident","Study_Zone_Worker","ZoneGlobale","All_modes","47"
"2020-03-22","Katwa","Biena","3h","Origin_Zone_Resident","Study_Zone_Worker","ZoneGlobale","All_modes","47"
"2020-03-22","Katwa","Biena","3h","Origin_Zone_Resident","Origin_Zone_Worker","ZoneGlobale","All_modes","191"
"2020-03-22","Katwa","Komanda","3h","Outside_Resident","Outside_Worker","ZoneGlobale","All_modes","118"
"2020-03-22","Katwa","Kyondo","1h","Outside_Resident","Outside_Worker","ZoneGlobale","All_modes","47"
"2020-03-22","Katwa","Kyondo","1h","Outside_Resident","Study_Zone_Worker","ZoneGlobale","All_modes","47"
"2020-03-22","Katwa","Kyondo","1h","Destination_Zone_Resident","Origin_Zone_Worker","ZoneGlobale","All_modes","47"
"2020-03-22","Katwa","Kyondo","3h","Outside_Resident","Outside_Worker","ZoneGlobale","All_modes","191"
"2020-03-22","Katwa","Kyondo","3h","Outside_Resident","Destination_Zone_Worker","ZoneGlobale","All_modes","47"
"2020-03-22","Katwa","Kyondo","3h","Outside_Resident","Origin_Zone_Worker","ZoneGlobale","All_modes","47"
"2020-03-22","Katwa","Kyondo","3h","Destination_Zone_Resident","Destination_Zone_Worker","ZoneGlobale","All_modes","95"
"2020-03-22","Katwa","Kyondo","3h","Destination_Zone_Resident","Origin_Zone_Worker","ZoneGlobale","All_modes","143"
"2020-03-22","Katwa","Kyondo","3h","Study_Zone_Resident","Origin_Zone_Worker","ZoneGlobale","All_modes","95"
"2020-03-22","Katwa","Kyondo","3h","Origin_Zone_Resident","Origin_Zone_Worker","ZoneGlobale","All_modes","95"
"2020-03-22","Katwa","Lubero","1h","Origin_Zone_Resident","Origin_Zone_Worker","ZoneGlobale","All_modes","95"
"2020-03-22","Katwa","Lubero","3h","Study_Zone_Resident","Origin_Zone_Worker","ZoneGlobale","All_modes","47"
"2020-03-22","Katwa","Lubero","3h","Origin_Zone_Resident","Study_Zone_Worker","ZoneGlobale","All_modes","47"
"2020-03-22","Katwa","Lubero","3h","Origin_Zone_Resident","Origin_Zone_Worker","ZoneGlobale","All_modes","334"
"2020-03-22","Katwa","Mambasa","3h","Destination_Zone_Resident","Study_Zone_Worker","ZoneGlobale","All_modes","47"
"2020-03-22","Katwa","Mambasa","3h","Study_Zone_Resident","Study_Zone_Worker","ZoneGlobale","All_modes","47"
"2020-03-22","Katwa","Manguredjipa","1h","Outside_Resident","Outside_Worker","ZoneGlobale","All_modes","47"
"2020-03-22","Katwa","Manguredjipa","3h","Outside_Resident","Outside_Worker","ZoneGlobale","All_modes","47"
"2020-03-22","Katwa","Musienene","1h","Outside_Resident","Outside_Worker","ZoneGlobale","All_modes","95"
"2020-03-22","Katwa","Musienene","1h","Outside_Resident","Study_Zone_Worker","ZoneGlobale","All_modes","47"
"2020-03-22","Katwa","Musienene","1h","Outside_Resident","Origin_Zone_Worker","ZoneGlobale","All_modes","95"
"2020-03-22","Katwa","Musienene","1h","Destination_Zone_Resident","Destination_Zone_Worker","ZoneGlobale","All_modes","95"
"2020-03-22","Katwa","Musienene","1h","Destination_Zone_Resident","Study_Zone_Worker","ZoneGlobale","All_modes","143"
"2020-03-22","Katwa","Musienene","1h","Destination_Zone_Resident","Origin_Zone_Worker","ZoneGlobale","All_modes","765"
"2020-03-22","Katwa","Musienene","1h","Study_Zone_Resident","Origin_Zone_Worker","ZoneGlobale","All_modes","95"
"2020-03-22","Katwa","Musienene","1h","Origin_Zone_Resident","Destination_Zone_Worker","ZoneGlobale","All_modes","47"
"2020-03-22","Katwa","Musienene","1h","Origin_Zone_Resident","Origin_Zone_Worker","ZoneGlobale","All_modes","548"
"2020-03-22","Katwa","Musienene","3h","Outside_Resident","Outside_Worker","ZoneGlobale","All_modes","472"
"2020-03-22","Katwa","Musienene","3h","Outside_Resident","Destination_Zone_Worker","ZoneGlobale","All_modes","191"
"2020-03-22","Katwa","Musienene","3h","Outside_Resident","Study_Zone_Worker","ZoneGlobale","All_modes","95"
"2020-03-22","Katwa","Musienene","3h","Outside_Resident","Origin_Zone_Worker","ZoneGlobale","All_modes","908"
"2020-03-22","Katwa","Musienene","3h","Destination_Zone_Resident","Outside_Worker","ZoneGlobale","All_modes","47"
"2020-03-22","Katwa","Musienene","3h","Destination_Zone_Resident","Destination_Zone_Worker","ZoneGlobale","All_modes","286"
"2020-03-22","Katwa","Musienene","3h","Destination_Zone_Resident","Study_Zone_Worker","ZoneGlobale","All_modes","47"
"2020-03-22","Katwa","Musienene","3h","Destination_Zone_Resident","Origin_Zone_Worker","ZoneGlobale","All_modes","1482"
"2020-03-22","Katwa","Musienene","3h","Study_Zone_Resident","Outside_Worker","ZoneGlobale","All_modes","95"
"2020-03-22","Katwa","Musienene","3h","Study_Zone_Resident","Study_Zone_Worker","ZoneGlobale","All_modes","239"
"2020-03-22","Katwa","Musienene","3h","Origin_Zone_Resident","Destination_Zone_Worker","ZoneGlobale","All_modes","47"
"2020-03-22","Katwa","Musienene","3h","Origin_Zone_Resident","Study_Zone_Worker","ZoneGlobale","All_modes","95"
"2020-03-22","Katwa","Musienene","3h","Origin_Zone_Resident","Origin_Zone_Worker","ZoneGlobale","All_modes","2247"
"2020-03-22","Katwa","Mutwanga","3h","Study_Zone_Resident","Study_Zone_Worker","ZoneGlobale","All_modes","47"
"2020-03-22","Katwa","Vuhovi","1h","Outside_Resident","Outside_Worker","ZoneGlobale","All_modes","95"
"2020-03-22","Katwa","Vuhovi","1h","Outside_Resident","Origin_Zone_Worker","ZoneGlobale","All_modes","262"
"2020-03-22","Katwa","Vuhovi","1h","Destination_Zone_Resident","Destination_Zone_Worker","ZoneGlobale","All_modes","191"
"2020-03-22","Katwa","Vuhovi","1h","Destination_Zone_Resident","Study_Zone_Worker","ZoneGlobale","All_modes","47"
"2020-03-22","Katwa","Vuhovi","1h","Destination_Zone_Resident","Origin_Zone_Worker","ZoneGlobale","All_modes","573"
"2020-03-22","Katwa","Vuhovi","1h","Study_Zone_Resident","Study_Zone_Worker","ZoneGlobale","All_modes","47"
"2020-03-22","Katwa","Vuhovi","1h","Study_Zone_Resident","Origin_Zone_Worker","ZoneGlobale","All_modes","95"
"2020-03-22","Katwa","Vuhovi","1h","Origin_Zone_Resident","Outside_Worker","ZoneGlobale","All_modes","47"
"2020-03-22","Katwa","Vuhovi","1h","Origin_Zone_Resident","Destination_Zone_Worker","ZoneGlobale","All_modes","143"
"2020-03-22","Katwa","Vuhovi","1h","Origin_Zone_Resident","Study_Zone_Worker","ZoneGlobale","All_modes","47"
"2020-03-22","Katwa","Vuhovi","1h","Origin_Zone_Resident","Origin_Zone_Worker","ZoneGlobale","All_modes","765"
"2020-03-22","Katwa","Vuhovi","3h","Outside_Resident","Outside_Worker","ZoneGlobale","All_modes","621"
"2020-03-22","Katwa","Vuhovi","3h","Outside_Resident","Destination_Zone_Worker","ZoneGlobale","All_modes","95"
"2020-03-22","Katwa","Vuhovi","3h","Outside_Resident","Study_Zone_Worker","ZoneGlobale","All_modes","47"
"2020-03-22","Katwa","Vuhovi","3h","Outside_Resident","Origin_Zone_Worker","ZoneGlobale","All_modes","1004"
"2020-03-22","Katwa","Vuhovi","3h","Destination_Zone_Resident","Outside_Worker","ZoneGlobale","All_modes","95"
"2020-03-22","Katwa","Vuhovi","3h","Destination_Zone_Resident","Destination_Zone_Worker","ZoneGlobale","All_modes","717"
"2020-03-22","Katwa","Vuhovi","3h","Destination_Zone_Resident","Origin_Zone_Worker","ZoneGlobale","All_modes","1578"
"2020-03-22","Katwa","Vuhovi","3h","Study_Zone_Resident","Destination_Zone_Worker","ZoneGlobale","All_modes","47"
"2020-03-22","Katwa","Vuhovi","3h","Study_Zone_Resident","Study_Zone_Worker","ZoneGlobale","All_modes","191"
"2020-03-22","Katwa","Vuhovi","3h","Study_Zone_Resident","Origin_Zone_Worker","ZoneGlobale","All_modes","143"
"2020-03-22","Katwa","Vuhovi","3h","Origin_Zone_Resident","Outside_Worker","ZoneGlobale","All_modes","47"
"2020-03-22","Katwa","Vuhovi","3h","Origin_Zone_Resident","Destination_Zone_Worker","ZoneGlobale","All_modes","95"
"2020-03-22","Katwa","Vuhovi","3h","Origin_Zone_Resident","Origin_Zone_Worker","ZoneGlobale","All_modes","2917"
"2020-03-22","Kayna","Alimbongo","1h","Outside_Resident","Outside_Worker","ZoneGlobale","All_modes","47"
"2020-03-22","Kayna","Alimbongo","1h","Destination_Zone_Resident","Destination_Zone_Worker","ZoneGlobale","All_modes","95"
"2020-03-22","Kayna","Alimbongo","1h","Origin_Zone_Resident","Origin_Zone_Worker","ZoneGlobale","All_modes","47"
"2020-03-22","Kayna","Alimbongo","3h","Outside_Resident","Outside_Worker","ZoneGlobale","All_modes","95"
"2020-03-22","Kayna","Alimbongo","3h","Outside_Resident","Origin_Zone_Worker","ZoneGlobale","All_modes","143"
"2020-03-22","Kayna","Alimbongo","3h","Destination_Zone_Resident","Destination_Zone_Worker","ZoneGlobale","All_modes","239"
"2020-03-22","Kayna","Alimbongo","3h","Destination_Zone_Resident","Origin_Zone_Worker","ZoneGlobale","All_modes","95"
"2020-03-22","Kayna","Alimbongo","3h","Study_Zone_Resident","Outside_Worker","ZoneGlobale","All_modes","47"
"2020-03-22","Kayna","Alimbongo","3h","Origin_Zone_Resident","Origin_Zone_Worker","ZoneGlobale","All_modes","286"
"2020-03-22","Kayna","Binza","3h","Outside_Resident","Outside_Worker","ZoneGlobale","All_modes","61"
"2020-03-22","Kayna","Binza","3h","Outside_Resident","Destination_Zone_Worker","ZoneGlobale","All_modes","47"
"2020-03-22","Kayna","Binza","3h","Outside_Resident","Origin_Zone_Worker","ZoneGlobale","All_modes","109"
"2020-03-22","Kayna","Binza","3h","Destination_Zone_Resident","Outside_Worker","ZoneGlobale","All_modes","47"
"2020-03-22","Kayna","Binza","3h","Destination_Zone_Resident","Destination_Zone_Worker","ZoneGlobale","All_modes","239"
"2020-03-22","Kayna","Binza","3h","Destination_Zone_Resident","Origin_Zone_Worker","ZoneGlobale","All_modes","95"
"2020-03-22","Kayna","Binza","3h","Study_Zone_Resident","Study_Zone_Worker","ZoneGlobale","All_modes","47"
"2020-03-22","Kayna","Binza","3h","Origin_Zone_Resident","Destination_Zone_Worker","ZoneGlobale","All_modes","47"
"2020-03-22","Kayna","Binza","3h","Origin_Zone_Resident","Origin_Zone_Worker","ZoneGlobale","All_modes","191"
"2020-03-22","Kayna","Katwa","3h","Destination_Zone_Resident","Destination_Zone_Worker","ZoneGlobale","All_modes","47"
"2020-03-22","Kayna","Kibirizi","1h","Destination_Zone_Resident","Destination_Zone_Worker","ZoneGlobale","All_modes","191"
"2020-03-22","Kayna","Kibirizi","1h","Origin_Zone_Resident","Origin_Zone_Worker","ZoneGlobale","All_modes","95"
"2020-03-22","Kayna","Kibirizi","3h","Outside_Resident","Outside_Worker","ZoneGlobale","All_modes","95"
"2020-03-22","Kayna","Kibirizi","3h","Outside_Resident","Origin_Zone_Worker","ZoneGlobale","All_modes","95"
"2020-03-22","Kayna","Kibirizi","3h","Destination_Zone_Resident","Destination_Zone_Worker","ZoneGlobale","All_modes","286"
"2020-03-22","Kayna","Kibirizi","3h","Destination_Zone_Resident","Origin_Zone_Worker","ZoneGlobale","All_modes","95"
"2020-03-22","Kayna","Kibirizi","3h","Origin_Zone_Resident","Outside_Worker","ZoneGlobale","All_modes","47"
"2020-03-22","Kayna","Kibirizi","3h","Origin_Zone_Resident","Origin_Zone_Worker","ZoneGlobale","All_modes","382"
"2020-03-22","Kayna","Lubero","1h","Study_Zone_Resident","Study_Zone_Worker","ZoneGlobale","All_modes","47"
"2020-03-22","Kayna","Lubero","3h","Outside_Resident","Destination_Zone_Worker","ZoneGlobale","All_modes","47"
"2020-03-22","Kayna","Lubero","3h","Destination_Zone_Resident","Destination_Zone_Worker","ZoneGlobale","All_modes","47"
"2020-03-22","Kayna","Lubero","3h","Destination_Zone_Resident","Origin_Zone_Worker","ZoneGlobale","All_modes","47"
"2020-03-22","Kayna","Lubero","3h","Study_Zone_Resident","Study_Zone_Worker","ZoneGlobale","All_modes","95"
"2020-03-22","Kayna","Lubero","3h","Origin_Zone_Resident","Origin_Zone_Worker","ZoneGlobale","All_modes","143"
"2020-03-22","Kayna","Musienene","3h","Destination_Zone_Resident","Origin_Zone_Worker","ZoneGlobale","All_modes","47"
"2020-03-22","Kayna","Musienene","3h","Origin_Zone_Resident","Outside_Worker","ZoneGlobale","All_modes","47"
"2020-03-22","Kenge","Boko","3h","Outside_Resident","Outside_Worker","ZoneGlobale","All_modes","1423"
"2020-03-22","Kenge","Boko","3h","Destination_Zone_Resident","Origin_Zone_Worker","ZoneGlobale","All_modes","355"
"2020-03-22","Kenge","Boko","3h","Origin_Zone_Resident","Origin_Zone_Worker","ZoneGlobale","All_modes","355"
"2020-03-22","Kenge","Kikongo","1h","Outside_Resident","Outside_Worker","ZoneGlobale","All_modes","355"
"2020-03-22","Kenge","Lubumbashi","1h","Study_Zone_Resident","Study_Zone_Worker","ZoneGlobale","All_modes","35"
"2020-03-22","Kenge","Vanga","3h","Outside_Resident","Destination_Zone_Worker","ZoneGlobale","All_modes","711"
"2020-03-22","Kenge","Vanga","3h","Destination_Zone_Resident","Destination_Zone_Worker","ZoneGlobale","All_modes","711"
"2020-03-22","Kibirizi","Binza","1h","Study_Zone_Resident","Study_Zone_Worker","ZoneGlobale","All_modes","47"
"2020-03-22","Kibirizi","Binza","1h","Origin_Zone_Resident","Study_Zone_Worker","ZoneGlobale","All_modes","47"
"2020-03-22","Kibirizi","Binza","1h","Origin_Zone_Resident","Origin_Zone_Worker","ZoneGlobale","All_modes","143"
"2020-03-22","Kibirizi","Binza","3h","Outside_Resident","Origin_Zone_Worker","ZoneGlobale","All_modes","47"
"2020-03-22","Kibirizi","Binza","3h","Study_Zone_Resident","Study_Zone_Worker","ZoneGlobale","All_modes","47"
"2020-03-22","Kibirizi","Binza","3h","Origin_Zone_Resident","Study_Zone_Worker","ZoneGlobale","All_modes","95"
"2020-03-22","Kibirizi","Binza","3h","Origin_Zone_Resident","Origin_Zone_Worker","ZoneGlobale","All_modes","239"
"2020-03-22","Kibirizi","Birambizo","1h","Outside_Resident","Destination_Zone_Worker","ZoneGlobale","All_modes","47"
"2020-03-22","Kibirizi","Birambizo","1h","Outside_Resident","Study_Zone_Worker","ZoneGlobale","All_modes","47"
"2020-03-22","Kibirizi","Birambizo","1h","Destination_Zone_Resident","Outside_Worker","ZoneGlobale","All_modes","47"
"2020-03-22","Kibirizi","Birambizo","1h","Destination_Zone_Resident","Destination_Zone_Worker","ZoneGlobale","All_modes","239"
"2020-03-22","Kibirizi","Birambizo","1h","Destination_Zone_Resident","Origin_Zone_Worker","ZoneGlobale","All_modes","191"
"2020-03-22","Kibirizi","Birambizo","1h","Study_Zone_Resident","Study_Zone_Worker","ZoneGlobale","All_modes","47"
"2020-03-22","Kibirizi","Birambizo","1h","Origin_Zone_Resident","Origin_Zone_Worker","ZoneGlobale","All_modes","239"
"2020-03-22","Kibirizi","Birambizo","3h","Outside_Resident","Outside_Worker","ZoneGlobale","All_modes","191"
"2020-03-22","Kibirizi","Birambizo","3h","Outside_Resident","Destination_Zone_Worker","ZoneGlobale","All_modes","143"
"2020-03-22","Kibirizi","Birambizo","3h","Outside_Resident","Study_Zone_Worker","ZoneGlobale","All_modes","95"
"2020-03-22","Kibirizi","Birambizo","3h","Outside_Resident","Origin_Zone_Worker","ZoneGlobale","All_modes","191"
"2020-03-22","Kibirizi","Birambizo","3h","Destination_Zone_Resident","Outside_Worker","ZoneGlobale","All_modes","95"
"2020-03-22","Kibirizi","Birambizo","3h","Destination_Zone_Resident","Destination_Zone_Worker","ZoneGlobale","All_modes","430"
"2020-03-22","Kibirizi","Birambizo","3h","Destination_Zone_Resident","Study_Zone_Worker","ZoneGlobale","All_modes","95"
"2020-03-22","Kibirizi","Birambizo","3h","Destination_Zone_Resident","Origin_Zone_Worker","ZoneGlobale","All_modes","382"
"2020-03-22","Kibirizi","Birambizo","3h","Study_Zone_Resident","Study_Zone_Worker","ZoneGlobale","All_modes","47"
"2020-03-22","Kibirizi","Birambizo","3h","Study_Zone_Resident","Origin_Zone_Worker","ZoneGlobale","All_modes","191"
"2020-03-22","Kibirizi","Birambizo","3h","Origin_Zone_Resident","Outside_Worker","ZoneGlobale","All_modes","95"
"2020-03-22","Kibirizi","Birambizo","3h","Origin_Zone_Resident","Destination_Zone_Worker","ZoneGlobale","All_modes","95"
"2020-03-22","Kibirizi","Birambizo","3h","Origin_Zone_Resident","Study_Zone_Worker","ZoneGlobale","All_modes","47"
"2020-03-22","Kibirizi","Birambizo","3h","Origin_Zone_Resident","Origin_Zone_Worker","ZoneGlobale","All_modes","1339"
"2020-03-22","Kibirizi","Karisimbi","1h","Outside_Resident","Outside_Worker","ZoneGlobale","All_modes","47"
"2020-03-22","Kibirizi","Karisimbi","3h","Destination_Zone_Resident","Destination_Zone_Worker","ZoneGlobale","All_modes","47"
"2020-03-22","Kibirizi","Karisimbi","3h","Study_Zone_Resident","Study_Zone_Worker","ZoneGlobale","All_modes","47"
"2020-03-22","Kibirizi","Karisimbi","3h","Origin_Zone_Resident","Origin_Zone_Worker","ZoneGlobale","All_modes","191"
"2020-03-22","Kibirizi","Kayna","1h","Destination_Zone_Resident","Destination_Zone_Worker","ZoneGlobale","All_modes","239"
"2020-03-22","Kibirizi","Kayna","1h","Destination_Zone_Resident","Origin_Zone_Worker","ZoneGlobale","All_modes","47"
"2020-03-22","Kibirizi","Kayna","1h","Origin_Zone_Resident","Destination_Zone_Worker","ZoneGlobale","All_modes","47"
"2020-03-22","Kibirizi","Kayna","1h","Origin_Zone_Resident","Origin_Zone_Worker","ZoneGlobale","All_modes","47"
"2020-03-22","Kibirizi","Kayna","3h","Destination_Zone_Resident","Destination_Zone_Worker","ZoneGlobale","All_modes","143"
"2020-03-22","Kibirizi","Kayna","3h","Destination_Zone_Resident","Origin_Zone_Worker","ZoneGlobale","All_modes","47"
"2020-03-22","Kibirizi","Kayna","3h","Study_Zone_Resident","Study_Zone_Worker","ZoneGlobale","All_modes","47"
"2020-03-22","Kibirizi","Kayna","3h","Origin_Zone_Resident","Origin_Zone_Worker","ZoneGlobale","All_modes","191"
"2020-03-22","Kibirizi","Kirotshe","1h","Origin_Zone_Resident","Origin_Zone_Worker","ZoneGlobale","All_modes","47"
"2020-03-22","Kibirizi","Kirotshe","3h","Study_Zone_Resident","Study_Zone_Worker","ZoneGlobale","All_modes","47"
"2020-03-22","Kibirizi","Lubero","1h","Destination_Zone_Resident","Origin_Zone_Worker","ZoneGlobale","All_modes","47"
"2020-03-22","Kibirizi","Lubero","1h","Origin_Zone_Resident","Origin_Zone_Worker","ZoneGlobale","All_modes","47"
"2020-03-22","Kibirizi","Lubero","3h","Outside_Resident","Outside_Worker","ZoneGlobale","All_modes","143"
"2020-03-22","Kibirizi","Lubero","3h","Outside_Resident","Origin_Zone_Worker","ZoneGlobale","All_modes","47"
"2020-03-22","Kibirizi","Lubero","3h","Destination_Zone_Resident","Study_Zone_Worker","ZoneGlobale","All_modes","47"
"2020-03-22","Kibirizi","Lubero","3h","Destination_Zone_Resident","Origin_Zone_Worker","ZoneGlobale","All_modes","47"
"2020-03-22","Kibirizi","Lubero","3h","Study_Zone_Resident","Study_Zone_Worker","ZoneGlobale","All_modes","47"
"2020-03-22","Kibirizi","Lubero","3h","Origin_Zone_Resident","Origin_Zone_Worker","ZoneGlobale","All_modes","334"
"2020-03-22","Kibirizi","Masisi","3h","Study_Zone_Resident","Study_Zone_Worker","ZoneGlobale","All_modes","47"
"2020-03-22","Kibirizi","Minova","3h","Study_Zone_Resident","Study_Zone_Worker","ZoneGlobale","All_modes","47"
"2020-03-22","Kibirizi","Mweso","1h","Destination_Zone_Resident","Destination_Zone_Worker","ZoneGlobale","All_modes","95"
"2020-03-22","Kibirizi","Mweso","1h","Destination_Zone_Resident","Origin_Zone_Worker","ZoneGlobale","All_modes","47"
"2020-03-22","Kibirizi","Mweso","1h","Study_Zone_Resident","Origin_Zone_Worker","ZoneGlobale","All_modes","47"
"2020-03-22","Kibirizi","Mweso","1h","Origin_Zone_Resident","Origin_Zone_Worker","ZoneGlobale","All_modes","47"
"2020-03-22","Kibirizi","Mweso","3h","Outside_Resident","Outside_Worker","ZoneGlobale","All_modes","47"
"2020-03-22","Kibirizi","Mweso","3h","Outside_Resident","Destination_Zone_Worker","ZoneGlobale","All_modes","47"
"2020-03-22","Kibirizi","Mweso","3h","Outside_Resident","Study_Zone_Worker","ZoneGlobale","All_modes","47"
"2020-03-22","Kibirizi","Mweso","3h","Destination_Zone_Resident","Destination_Zone_Worker","ZoneGlobale","All_modes","143"
"2020-03-22","Kibirizi","Mweso","3h","Destination_Zone_Resident","Study_Zone_Worker","ZoneGlobale","All_modes","95"
"2020-03-22","Kibirizi","Mweso","3h","Destination_Zone_Resident","Origin_Zone_Worker","ZoneGlobale","All_modes","47"
"2020-03-22","Kibirizi","Mweso","3h","Study_Zone_Resident","Study_Zone_Worker","ZoneGlobale","All_modes","47"
"2020-03-22","Kibirizi","Mweso","3h","Study_Zone_Resident","Origin_Zone_Worker","ZoneGlobale","All_modes","47"
"2020-03-22","Kibirizi","Mweso","3h","Origin_Zone_Resident","Outside_Worker","ZoneGlobale","All_modes","47"
"2020-03-22","Kibirizi","Mweso","3h","Origin_Zone_Resident","Origin_Zone_Worker","ZoneGlobale","All_modes","286"
"2020-03-22","Kibirizi","Rutshuru","1h","Outside_Resident","Outside_Worker","ZoneGlobale","All_modes","191"
"2020-03-22","Kibirizi","Rutshuru","1h","Outside_Resident","Destination_Zone_Worker","ZoneGlobale","All_modes","143"
"2020-03-22","Kibirizi","Rutshuru","1h","Destination_Zone_Resident","Outside_Worker","ZoneGlobale","All_modes","95"
"2020-03-22","Kibirizi","Rutshuru","1h","Destination_Zone_Resident","Destination_Zone_Worker","ZoneGlobale","All_modes","860"
"2020-03-22","Kibirizi","Rutshuru","1h","Destination_Zone_Resident","Origin_Zone_Worker","ZoneGlobale","All_modes","47"
"2020-03-22","Kibirizi","Rutshuru","1h","Study_Zone_Resident","Study_Zone_Worker","ZoneGlobale","All_modes","95"
"2020-03-22","Kibirizi","Rutshuru","1h","Origin_Zone_Resident","Origin_Zone_Worker","ZoneGlobale","All_modes","239"
"2020-03-22","Kibirizi","Rutshuru","3h","Outside_Resident","Outside_Worker","ZoneGlobale","All_modes","765"
"2020-03-22","Kibirizi","Rutshuru","3h","Outside_Resident","Destination_Zone_Worker","ZoneGlobale","All_modes","382"
"2020-03-22","Kibirizi","Rutshuru","3h","Outside_Resident","Study_Zone_Worker","ZoneGlobale","All_modes","95"
"2020-03-22","Kibirizi","Rutshuru","3h","Outside_Resident","Origin_Zone_Worker","ZoneGlobale","All_modes","191"
"2020-03-22","Kibirizi","Rutshuru","3h","Destination_Zone_Resident","Outside_Worker","ZoneGlobale","All_modes","191"
"2020-03-22","Kibirizi","Rutshuru","3h","Destination_Zone_Resident","Destination_Zone_Worker","ZoneGlobale","All_modes","1434"
"2020-03-22","Kibirizi","Rutshuru","3h","Destination_Zone_Resident","Origin_Zone_Worker","ZoneGlobale","All_modes","286"
"2020-03-22","Kibirizi","Rutshuru","3h","Study_Zone_Resident","Destination_Zone_Worker","ZoneGlobale","All_modes","47"
"2020-03-22","Kibirizi","Rutshuru","3h","Study_Zone_Resident","Study_Zone_Worker","ZoneGlobale","All_modes","127"
"2020-03-22","Kibirizi","Rutshuru","3h","Study_Zone_Resident","Origin_Zone_Worker","ZoneGlobale","All_modes","47"
"2020-03-22","Kibirizi","Rutshuru","3h","Origin_Zone_Resident","Outside_Worker","ZoneGlobale","All_modes","143"
"2020-03-22","Kibirizi","Rutshuru","3h","Origin_Zone_Resident","Destination_Zone_Worker","ZoneGlobale","All_modes","95"
"2020-03-22","Kibirizi","Rutshuru","3h","Origin_Zone_Resident","Origin_Zone_Worker","ZoneGlobale","All_modes","1099"
"2020-03-22","Kibirizi","Rwanguba","3h","Outside_Resident","Origin_Zone_Worker","ZoneGlobale","All_modes","47"
"2020-03-22","Kibunzi","Inga","1h","Destination_Zone_Resident","Destination_Zone_Worker","ZoneGlobale","All_modes","54"
"2020-03-22","Kibunzi","Inga","3h","Outside_Resident","Outside_Worker","ZoneGlobale","All_modes","40"
"2020-03-22","Kibunzi","Inga","3h","Study_Zone_Resident","Study_Zone_Worker","ZoneGlobale","All_modes","27"
"2020-03-22","Kibunzi","Nsona-Mpangu","3h","Outside_Resident","Outside_Worker","ZoneGlobale","All_modes","54"
"2020-03-22","Kikimi","Barumbu","3h","Destination_Zone_Resident","Destination_Zone_Worker","ZoneGlobale","All_modes","27"
"2020-03-22","Kikimi","Bumbu","3h","Outside_Resident","Outside_Worker","ZoneGlobale","All_modes","27"
"2020-03-22","Kikimi","Gombe","3h","Destination_Zone_Resident","Destination_Zone_Worker","ZoneGlobale","All_modes","40"
"2020-03-22","Kikimi","Kalamu I","3h","Outside_Resident","Outside_Worker","ZoneGlobale","All_modes","27"
"2020-03-22","Kikimi","Kalamu I","3h","Destination_Zone_Resident","Destination_Zone_Worker","ZoneGlobale","All_modes","27"
"2020-03-22","Kikimi","Kalamu I","3h","Study_Zone_Resident","Study_Zone_Worker","ZoneGlobale","All_modes","27"
"2020-03-22","Kikimi","Kalamu II","3h","Origin_Zone_Resident","Origin_Zone_Worker","ZoneGlobale","All_modes","27"
"2020-03-22","Kikimi","Kasa-Vubu","3h","Destination_Zone_Resident","Destination_Zone_Worker","ZoneGlobale","All_modes","40"
"2020-03-22","Kikimi","Kimbanseke","1h","Outside_Resident","Outside_Worker","ZoneGlobale","All_modes","409"
"2020-03-22","Kikimi","Kimbanseke","1h","Outside_Resident","Destination_Zone_Worker","ZoneGlobale","All_modes","136"
"2020-03-22","Kikimi","Kimbanseke","1h","Outside_Resident","Study_Zone_Worker","ZoneGlobale","All_modes","27"
"2020-03-22","Kikimi","Kimbanseke","1h","Outside_Resident","Origin_Zone_Worker","ZoneGlobale","All_modes","81"
"2020-03-22","Kikimi","Kimbanseke","1h","Destination_Zone_Resident","Outside_Worker","ZoneGlobale","All_modes","81"
"2020-03-22","Kikimi","Kimbanseke","1h","Destination_Zone_Resident","Destination_Zone_Worker","ZoneGlobale","All_modes","1502"
"2020-03-22","Kikimi","Kimbanseke","1h","Destination_Zone_Resident","Study_Zone_Worker","ZoneGlobale","All_modes","286"
"2020-03-22","Kikimi","Kimbanseke","1h","Destination_Zone_Resident","Origin_Zone_Worker","ZoneGlobale","All_modes","204"
"2020-03-22","Kikimi","Kimbanseke","1h","Study_Zone_Resident","Outside_Worker","ZoneGlobale","All_modes","27"
"2020-03-22","Kikimi","Kimbanseke","1h","Study_Zone_Resident","Study_Zone_Worker","ZoneGlobale","All_modes","122"
"2020-03-22","Kikimi","Kimbanseke","1h","Study_Zone_Resident","Origin_Zone_Worker","ZoneGlobale","All_modes","27"
"2020-03-22","Kikimi","Kimbanseke","1h","Origin_Zone_Resident","Outside_Worker","ZoneGlobale","All_modes","40"
"2020-03-22","Kikimi","Kimbanseke","1h","Origin_Zone_Resident","Destination_Zone_Worker","ZoneGlobale","All_modes","95"
"2020-03-22","Kikimi","Kimbanseke","1h","Origin_Zone_Resident","Study_Zone_Worker","ZoneGlobale","All_modes","68"
"2020-03-22","Kikimi","Kimbanseke","1h","Origin_Zone_Resident","Origin_Zone_Worker","ZoneGlobale","All_modes","464"
"2020-03-22","Kikimi","Kimbanseke","3h","Outside_Resident","Outside_Worker","ZoneGlobale","All_modes","1502"
"2020-03-22","Kikimi","Kimbanseke","3h","Outside_Resident","Destination_Zone_Worker","ZoneGlobale","All_modes","232"
"2020-03-22","Kikimi","Kimbanseke","3h","Outside_Resident","Study_Zone_Worker","ZoneGlobale","All_modes","109"
"2020-03-22","Kikimi","Kimbanseke","3h","Outside_Resident","Origin_Zone_Worker","ZoneGlobale","All_modes","450"
"2020-03-22","Kikimi","Kimbanseke","3h","Destination_Zone_Resident","Outside_Worker","ZoneGlobale","All_modes","273"
"2020-03-22","Kikimi","Kimbanseke","3h","Destination_Zone_Resident","Destination_Zone_Worker","ZoneGlobale","All_modes","2705"
"2020-03-22","Kikimi","Kimbanseke","3h","Destination_Zone_Resident","Study_Zone_Worker","ZoneGlobale","All_modes","437"
"2020-03-22","Kikimi","Kimbanseke","3h","Destination_Zone_Resident","Origin_Zone_Worker","ZoneGlobale","All_modes","614"
"2020-03-22","Kikimi","Kimbanseke","3h","Study_Zone_Resident","Outside_Worker","ZoneGlobale","All_modes","54"
"2020-03-22","Kikimi","Kimbanseke","3h","Study_Zone_Resident","Destination_Zone_Worker","ZoneGlobale","All_modes","27"
"2020-03-22","Kikimi","Kimbanseke","3h","Study_Zone_Resident","Study_Zone_Worker","ZoneGlobale","All_modes","355"
"2020-03-22","Kikimi","Kimbanseke","3h","Study_Zone_Resident","Origin_Zone_Worker","ZoneGlobale","All_modes","54"
"2020-03-22","Kikimi","Kimbanseke","3h","Origin_Zone_Resident","Outside_Worker","ZoneGlobale","All_modes","150"
"2020-03-22","Kikimi","Kimbanseke","3h","Origin_Zone_Resident","Destination_Zone_Worker","ZoneGlobale","All_modes","396"
"2020-03-22","Kikimi","Kimbanseke","3h","Origin_Zone_Resident","Study_Zone_Worker","ZoneGlobale","All_modes","218"
"2020-03-22","Kikimi","Kimbanseke","3h","Origin_Zone_Resident","Origin_Zone_Worker","ZoneGlobale","All_modes","1830"
"2020-03-22","Kikimi","Kingabwa","1h","Destination_Zone_Resident","Destination_Zone_Worker","ZoneGlobale","All_modes","27"
"2020-03-22","Kikimi","Kingabwa","1h","Origin_Zone_Resident","Origin_Zone_Worker","ZoneGlobale","All_modes","27"
"2020-03-22","Kikimi","Kingabwa","3h","Outside_Resident","Destination_Zone_Worker","ZoneGlobale","All_modes","27"
"2020-03-22","Kikimi","Kingabwa","3h","Destination_Zone_Resident","Destination_Zone_Worker","ZoneGlobale","All_modes","95"
"2020-03-22","Kikimi","Kingabwa","3h","Destination_Zone_Resident","Study_Zone_Worker","ZoneGlobale","All_modes","27"
"2020-03-22","Kikimi","Kingabwa","3h","Study_Zone_Resident","Study_Zone_Worker","ZoneGlobale","All_modes","81"
"2020-03-22","Kikimi","Kingabwa","3h","Origin_Zone_Resident","Origin_Zone_Worker","ZoneGlobale","All_modes","27"
"2020-03-22","Kikimi","Kinshasa","3h","Destination_Zone_Resident","Destination_Zone_Worker","ZoneGlobale","All_modes","68"
"2020-03-22","Kikimi","Kisenso","1h","Destination_Zone_Resident","Destination_Zone_Worker","ZoneGlobale","All_modes","81"
"2020-03-22","Kikimi","Kisenso","3h","Outside_Resident","Outside_Worker","ZoneGlobale","All_modes","68"
"2020-03-22","Kikimi","Kisenso","3h","Outside_Resident","Study_Zone_Worker","ZoneGlobale","All_modes","27"
"2020-03-22","Kikimi","Kisenso","3h","Destination_Zone_Resident","Destination_Zone_Worker","ZoneGlobale","All_modes","122"
"2020-03-22","Kikimi","Kisenso","3h","Destination_Zone_Resident","Study_Zone_Worker","ZoneGlobale","All_modes","81"
"2020-03-22","Kikimi","Kisenso","3h","Study_Zone_Resident","Study_Zone_Worker","ZoneGlobale","All_modes","54"
"2020-03-22","Kikimi","Kisenso","3h","Origin_Zone_Resident","Origin_Zone_Worker","ZoneGlobale","All_modes","81"
"2020-03-22","Kikimi","Kokolo","3h","Destination_Zone_Resident","Destination_Zone_Worker","ZoneGlobale","All_modes","68"
"2020-03-22","Kikimi","Lemba","1h","Destination_Zone_Resident","Destination_Zone_Worker","ZoneGlobale","All_modes","68"
"2020-03-22","Kikimi","Lemba","1h","Destination_Zone_Resident","Study_Zone_Worker","ZoneGlobale","All_modes","40"
"2020-03-22","Kikimi","Lemba","3h","Outside_Resident","Outside_Worker","ZoneGlobale","All_modes","68"
"2020-03-22","Kikimi","Lemba","3h","Destination_Zone_Resident","Outside_Worker","ZoneGlobale","All_modes","27"
"2020-03-22","Kikimi","Lemba","3h","Destination_Zone_Resident","Destination_Zone_Worker","ZoneGlobale","All_modes","163"
"2020-03-22","Kikimi","Lemba","3h","Destination_Zone_Resident","Study_Zone_Worker","ZoneGlobale","All_modes","27"
"2020-03-22","Kikimi","Lemba","3h","Study_Zone_Resident","Study_Zone_Worker","ZoneGlobale","All_modes","54"
"2020-03-22","Kikimi","Lemba","3h","Origin_Zone_Resident","Origin_Zone_Worker","ZoneGlobale","All_modes","68"
"2020-03-22","Kikimi","Limete","1h","Destination_Zone_Resident","Destination_Zone_Worker","ZoneGlobale","All_modes","54"
"2020-03-22","Kikimi","Limete","3h","Outside_Resident","Outside_Worker","ZoneGlobale","All_modes","95"
"2020-03-22","Kikimi","Limete","3h","Outside_Resident","Study_Zone_Worker","ZoneGlobale","All_modes","40"
"2020-03-22","Kikimi","Limete","3h","Destination_Zone_Resident","Destination_Zone_Worker","ZoneGlobale","All_modes","81"
"2020-03-22","Kikimi","Limete","3h","Destination_Zone_Resident","Study_Zone_Worker","ZoneGlobale","All_modes","27"
"2020-03-22","Kikimi","Limete","3h","Study_Zone_Resident","Outside_Worker","ZoneGlobale","All_modes","27"
"2020-03-22","Kikimi","Limete","3h","Study_Zone_Resident","Study_Zone_Worker","ZoneGlobale","All_modes","27"
"2020-03-22","Kikimi","Maluku I","3h","Study_Zone_Resident","Study_Zone_Worker","ZoneGlobale","All_modes","27"
"2020-03-22","Kikimi","Maluku I","3h","Origin_Zone_Resident","Study_Zone_Worker","ZoneGlobale","All_modes","27"
"2020-03-22","Kikimi","Maluku I","3h","Origin_Zone_Resident","Origin_Zone_Worker","ZoneGlobale","All_modes","54"
"2020-03-22","Kikimi","Masina I","1h","Outside_Resident","Outside_Worker","ZoneGlobale","All_modes","27"
"2020-03-22","Kikimi","Masina I","1h","Destination_Zone_Resident","Destination_Zone_Worker","ZoneGlobale","All_modes","40"
"2020-03-22","Kikimi","Masina I","1h","Origin_Zone_Resident","Origin_Zone_Worker","ZoneGlobale","All_modes","27"
"2020-03-22","Kikimi","Masina I","3h","Outside_Resident","Outside_Worker","ZoneGlobale","All_modes","122"
"2020-03-22","Kikimi","Masina I","3h","Outside_Resident","Destination_Zone_Worker","ZoneGlobale","All_modes","27"
"2020-03-22","Kikimi","Masina I","3h","Outside_Resident","Study_Zone_Worker","ZoneGlobale","All_modes","27"
"2020-03-22","Kikimi","Masina I","3h","Outside_Resident","Origin_Zone_Worker","ZoneGlobale","All_modes","27"
"2020-03-22","Kikimi","Masina I","3h","Destination_Zone_Resident","Destination_Zone_Worker","ZoneGlobale","All_modes","150"
"2020-03-22","Kikimi","Masina I","3h","Destination_Zone_Resident","Study_Zone_Worker","ZoneGlobale","All_modes","40"
"2020-03-22","Kikimi","Masina I","3h","Study_Zone_Resident","Study_Zone_Worker","ZoneGlobale","All_modes","40"
"2020-03-22","Kikimi","Masina I","3h","Origin_Zone_Resident","Origin_Zone_Worker","ZoneGlobale","All_modes","81"
"2020-03-22","Kikimi","Masina II","1h","Outside_Resident","Outside_Worker","ZoneGlobale","All_modes","40"
"2020-03-22","Kikimi","Masina II","1h","Outside_Resident","Origin_Zone_Worker","ZoneGlobale","All_modes","27"
"2020-03-22","Kikimi","Masina II","1h","Destination_Zone_Resident","Destination_Zone_Worker","ZoneGlobale","All_modes","109"
"2020-03-22","Kikimi","Masina II","3h","Outside_Resident","Outside_Worker","ZoneGlobale","All_modes","150"
"2020-03-22","Kikimi","Masina II","3h","Outside_Resident","Destination_Zone_Worker","ZoneGlobale","All_modes","40"
"2020-03-22","Kikimi","Masina II","3h","Outside_Resident","Study_Zone_Worker","ZoneGlobale","All_modes","40"
"2020-03-22","Kikimi","Masina II","3h","Outside_Resident","Origin_Zone_Worker","ZoneGlobale","All_modes","68"
"2020-03-22","Kikimi","Masina II","3h","Destination_Zone_Resident","Outside_Worker","ZoneGlobale","All_modes","40"
"2020-03-22","Kikimi","Masina II","3h","Destination_Zone_Resident","Destination_Zone_Worker","ZoneGlobale","All_modes","204"
"2020-03-22","Kikimi","Masina II","3h","Destination_Zone_Resident","Study_Zone_Worker","ZoneGlobale","All_modes","54"
"2020-03-22","Kikimi","Masina II","3h","Study_Zone_Resident","Study_Zone_Worker","ZoneGlobale","All_modes","122"
"2020-03-22","Kikimi","Masina II","3h","Study_Zone_Resident","Origin_Zone_Worker","ZoneGlobale","All_modes","40"
"2020-03-22","Kikimi","Masina II","3h","Origin_Zone_Resident","Study_Zone_Worker","ZoneGlobale","All_modes","40"
"2020-03-22","Kikimi","Masina II","3h","Origin_Zone_Resident","Origin_Zone_Worker","ZoneGlobale","All_modes","81"
"2020-03-22","Kikimi","Matete","1h","Destination_Zone_Resident","Destination_Zone_Worker","ZoneGlobale","All_modes","27"
"2020-03-22","Kikimi","Matete","3h","Outside_Resident","Outside_Worker","ZoneGlobale","All_modes","40"
"2020-03-22","Kikimi","Matete","3h","Destination_Zone_Resident","Destination_Zone_Worker","ZoneGlobale","All_modes","54"
"2020-03-22","Kikimi","Matete","3h","Destination_Zone_Resident","Study_Zone_Worker","ZoneGlobale","All_modes","27"
"2020-03-22","Kikimi","Matete","3h","Study_Zone_Resident","Study_Zone_Worker","ZoneGlobale","All_modes","54"
"2020-03-22","Kikimi","Mont Ngafula I","1h","Destination_Zone_Resident","Destination_Zone_Worker","ZoneGlobale","All_modes","40"
"2020-03-22","Kikimi","Mont Ngafula I","1h","Origin_Zone_Resident","Origin_Zone_Worker","ZoneGlobale","All_modes","27"
"2020-03-22","Kikimi","Mont Ngafula I","3h","Outside_Resident","Outside_Worker","ZoneGlobale","All_modes","177"
"2020-03-22","Kikimi","Mont Ngafula I","3h","Outside_Resident","Study_Zone_Worker","ZoneGlobale","All_modes","27"
"2020-03-22","Kikimi","Mont Ngafula I","3h","Destination_Zone_Resident","Destination_Zone_Worker","ZoneGlobale","All_modes","40"
"2020-03-22","Kikimi","Mont Ngafula I","3h","Destination_Zone_Resident","Study_Zone_Worker","ZoneGlobale","All_modes","27"
"2020-03-22","Kikimi","Mont Ngafula I","3h","Study_Zone_Resident","Study_Zone_Worker","ZoneGlobale","All_modes","40"
"2020-03-22","Kikimi","Mont Ngafula I","3h","Origin_Zone_Resident","Origin_Zone_Worker","ZoneGlobale","All_modes","109"
"2020-03-22","Kikimi","Mont Ngafula II","1h","Destination_Zone_Resident","Destination_Zone_Worker","ZoneGlobale","All_modes","40"
"2020-03-22","Kikimi","Mont Ngafula II","3h","Destination_Zone_Resident","Destination_Zone_Worker","ZoneGlobale","All_modes","27"
"2020-03-22","Kikimi","Ndjili","1h","Outside_Resident","Study_Zone_Worker","ZoneGlobale","All_modes","27"
"2020-03-22","Kikimi","Ndjili","1h","Destination_Zone_Resident","Outside_Worker","ZoneGlobale","All_modes","27"
"2020-03-22","Kikimi","Ndjili","1h","Destination_Zone_Resident","Destination_Zone_Worker","ZoneGlobale","All_modes","163"
"2020-03-22","Kikimi","Ndjili","1h","Destination_Zone_Resident","Study_Zone_Worker","ZoneGlobale","All_modes","54"
"2020-03-22","Kikimi","Ndjili","1h","Study_Zone_Resident","Study_Zone_Worker","ZoneGlobale","All_modes","54"
"2020-03-22","Kikimi","Ndjili","1h","Origin_Zone_Resident","Study_Zone_Worker","ZoneGlobale","All_modes","27"
"2020-03-22","Kikimi","Ndjili","1h","Origin_Zone_Resident","Origin_Zone_Worker","ZoneGlobale","All_modes","54"
"2020-03-22","Kikimi","Ndjili","3h","Outside_Resident","Outside_Worker","ZoneGlobale","All_modes","259"
"2020-03-22","Kikimi","Ndjili","3h","Outside_Resident","Destination_Zone_Worker","ZoneGlobale","All_modes","68"
"2020-03-22","Kikimi","Ndjili","3h","Outside_Resident","Study_Zone_Worker","ZoneGlobale","All_modes","54"
"2020-03-22","Kikimi","Ndjili","3h","Outside_Resident","Origin_Zone_Worker","ZoneGlobale","All_modes","54"
"2020-03-22","Kikimi","Ndjili","3h","Destination_Zone_Resident","Destination_Zone_Worker","ZoneGlobale","All_modes","341"
"2020-03-22","Kikimi","Ndjili","3h","Destination_Zone_Resident","Study_Zone_Worker","ZoneGlobale","All_modes","95"
"2020-03-22","Kikimi","Ndjili","3h","Destination_Zone_Resident","Origin_Zone_Worker","ZoneGlobale","All_modes","54"
"2020-03-22","Kikimi","Ndjili","3h","Study_Zone_Resident","Study_Zone_Worker","ZoneGlobale","All_modes","163"
"2020-03-22","Kikimi","Ndjili","3h","Study_Zone_Resident","Origin_Zone_Worker","ZoneGlobale","All_modes","27"
"2020-03-22","Kikimi","Ndjili","3h","Origin_Zone_Resident","Outside_Worker","ZoneGlobale","All_modes","27"
"2020-03-22","Kikimi","Ndjili","3h","Origin_Zone_Resident","Origin_Zone_Worker","ZoneGlobale","All_modes","150"
"2020-03-22","Kikimi","Ngiri-Ngiri","3h","Destination_Zone_Resident","Destination_Zone_Worker","ZoneGlobale","All_modes","27"
"2020-03-22","Kikimi","Ngiri-Ngiri","3h","Destination_Zone_Resident","Study_Zone_Worker","ZoneGlobale","All_modes","27"
"2020-03-22","Kikimi","Ngiri-Ngiri","3h","Origin_Zone_Resident","Origin_Zone_Worker","ZoneGlobale","All_modes","27"
"2020-03-22","Kikimi","Nsele","1h","Outside_Resident","Outside_Worker","ZoneGlobale","All_modes","218"
"2020-03-22","Kikimi","Nsele","1h","Outside_Resident","Destination_Zone_Worker","ZoneGlobale","All_modes","27"
"2020-03-22","Kikimi","Nsele","1h","Destination_Zone_Resident","Outside_Worker","ZoneGlobale","All_modes","40"
"2020-03-22","Kikimi","Nsele","1h","Destination_Zone_Resident","Destination_Zone_Worker","ZoneGlobale","All_modes","191"
"2020-03-22","Kikimi","Nsele","1h","Destination_Zone_Resident","Origin_Zone_Worker","ZoneGlobale","All_modes","68"
"2020-03-22","Kikimi","Nsele","1h","Study_Zone_Resident","Study_Zone_Worker","ZoneGlobale","All_modes","40"
"2020-03-22","Kikimi","Nsele","1h","Origin_Zone_Resident","Outside_Worker","ZoneGlobale","All_modes","54"
"2020-03-22","Kikimi","Nsele","1h","Origin_Zone_Resident","Destination_Zone_Worker","ZoneGlobale","All_modes","27"
"2020-03-22","Kikimi","Nsele","1h","Origin_Zone_Resident","Study_Zone_Worker","ZoneGlobale","All_modes","27"
"2020-03-22","Kikimi","Nsele","1h","Origin_Zone_Resident","Origin_Zone_Worker","ZoneGlobale","All_modes","109"
"2020-03-22","Kikimi","Nsele","3h","Outside_Resident","Outside_Worker","ZoneGlobale","All_modes","505"
"2020-03-22","Kikimi","Nsele","3h","Outside_Resident","Destination_Zone_Worker","ZoneGlobale","All_modes","109"
"2020-03-22","Kikimi","Nsele","3h","Outside_Resident","Study_Zone_Worker","ZoneGlobale","All_modes","81"
"2020-03-22","Kikimi","Nsele","3h","Outside_Resident","Origin_Zone_Worker","ZoneGlobale","All_modes","122"
"2020-03-22","Kikimi","Nsele","3h","Destination_Zone_Resident","Outside_Worker","ZoneGlobale","All_modes","95"
"2020-03-22","Kikimi","Nsele","3h","Destination_Zone_Resident","Destination_Zone_Worker","ZoneGlobale","All_modes","532"
"2020-03-22","Kikimi","Nsele","3h","Destination_Zone_Resident","Study_Zone_Worker","ZoneGlobale","All_modes","95"
"2020-03-22","Kikimi","Nsele","3h","Destination_Zone_Resident","Origin_Zone_Worker","ZoneGlobale","All_modes","245"
"2020-03-22","Kikimi","Nsele","3h","Study_Zone_Resident","Outside_Worker","ZoneGlobale","All_modes","27"
"2020-03-22","Kikimi","Nsele","3h","Study_Zone_Resident","Destination_Zone_Worker","ZoneGlobale","All_modes","27"
"2020-03-22","Kikimi","Nsele","3h","Study_Zone_Resident","Study_Zone_Worker","ZoneGlobale","All_modes","163"
"2020-03-22","Kikimi","Nsele","3h","Study_Zone_Resident","Origin_Zone_Worker","ZoneGlobale","All_modes","27"
"2020-03-22","Kikimi","Nsele","3h","Origin_Zone_Resident","Outside_Worker","ZoneGlobale","All_modes","40"
"2020-03-22","Kikimi","Nsele","3h","Origin_Zone_Resident","Destination_Zone_Worker","ZoneGlobale","All_modes","68"
"2020-03-22","Kikimi","Nsele","3h","Origin_Zone_Resident","Study_Zone_Worker","ZoneGlobale","All_modes","40"
"2020-03-22","Kikimi","Nsele","3h","Origin_Zone_Resident","Origin_Zone_Worker","ZoneGlobale","All_modes","669"
"2020-03-22","Kikimi","Selembao","3h","Destination_Zone_Resident","Destination_Zone_Worker","ZoneGlobale","All_modes","27"
"2020-03-22","Kikimi","Selembao","3h","Origin_Zone_Resident","Origin_Zone_Worker","ZoneGlobale","All_modes","27"
"2020-03-22","Kikimi","Sona-Bata","3h","Study_Zone_Resident","Study_Zone_Worker","ZoneGlobale","All_modes","40"
"2020-03-22","Kikongo","Bolobo","1h","Outside_Resident","Outside_Worker","ZoneGlobale","All_modes","356"
"2020-03-22","Kikongo","Bolobo","1h","Outside_Resident","Destination_Zone_Worker","ZoneGlobale","All_modes","712"
"2020-03-22","Kikongo","Bolobo","1h","Destination_Zone_Resident","Destination_Zone_Worker","ZoneGlobale","All_modes","711"
"2020-03-22","Kikongo","Bolobo","1h","Destination_Zone_Resident","Origin_Zone_Worker","ZoneGlobale","All_modes","356"
"2020-03-22","Kikongo","Bolobo","1h","Origin_Zone_Resident","Origin_Zone_Worker","ZoneGlobale","All_modes","712"
"2020-03-22","Kikongo","Bolobo","3h","Outside_Resident","Outside_Worker","ZoneGlobale","All_modes","3202"
"2020-03-22","Kikongo","Bolobo","3h","Outside_Resident","Destination_Zone_Worker","ZoneGlobale","All_modes","1423"
"2020-03-22","Kikongo","Bolobo","3h","Outside_Resident","Origin_Zone_Worker","ZoneGlobale","All_modes","1067"
"2020-03-22","Kikongo","Bolobo","3h","Destination_Zone_Resident","Destination_Zone_Worker","ZoneGlobale","All_modes","711"
"2020-03-22","Kikongo","Bolobo","3h","Destination_Zone_Resident","Origin_Zone_Worker","ZoneGlobale","All_modes","711"
"2020-03-22","Kikongo","Bolobo","3h","Study_Zone_Resident","Study_Zone_Worker","ZoneGlobale","All_modes","711"
"2020-03-22","Kikongo","Bolobo","3h","Origin_Zone_Resident","Origin_Zone_Worker","ZoneGlobale","All_modes","1779"
"2020-03-22","Kikongo","Nioki","1h","Outside_Resident","Outside_Worker","ZoneGlobale","All_modes","356"
"2020-03-22","Kikongo","Nioki","1h","Outside_Resident","Destination_Zone_Worker","ZoneGlobale","All_modes","712"
"2020-03-22","Kikongo","Nioki","1h","Destination_Zone_Resident","Destination_Zone_Worker","ZoneGlobale","All_modes","1068"
"2020-03-22","Kikongo","Nioki","1h","Destination_Zone_Resident","Origin_Zone_Worker","ZoneGlobale","All_modes","1780"
"2020-03-22","Kikongo","Nioki","1h","Origin_Zone_Resident","Destination_Zone_Worker","ZoneGlobale","All_modes","356"
"2020-03-22","Kikongo","Nioki","3h","Outside_Resident","Outside_Worker","ZoneGlobale","All_modes","7473"
"2020-03-22","Kikongo","Nioki","3h","Outside_Resident","Destination_Zone_Worker","ZoneGlobale","All_modes","1067"
"2020-03-22","Kikongo","Nioki","3h","Outside_Resident","Origin_Zone_Worker","ZoneGlobale","All_modes","1437"
"2020-03-22","Kikongo","Nioki","3h","Destination_Zone_Resident","Destination_Zone_Worker","ZoneGlobale","All_modes","1423"
"2020-03-22","Kikongo","Nioki","3h","Destination_Zone_Resident","Origin_Zone_Worker","ZoneGlobale","All_modes","1423"
"2020-03-22","Kikongo","Nioki","3h","Study_Zone_Resident","Study_Zone_Worker","ZoneGlobale","All_modes","355"
"2020-03-22","Kikongo","Nioki","3h","Origin_Zone_Resident","Outside_Worker","ZoneGlobale","All_modes","711"
"2020-03-22","Kikongo","Nioki","3h","Origin_Zone_Resident","Destination_Zone_Worker","ZoneGlobale","All_modes","355"
"2020-03-22","Kikongo","Nioki","3h","Origin_Zone_Resident","Origin_Zone_Worker","ZoneGlobale","All_modes","1779"
"2020-03-22","Kikongo","Vanga","3h","Outside_Resident","Outside_Worker","ZoneGlobale","All_modes","355"
"2020-03-22","Kikula","Bunkeya","1h","Outside_Resident","Outside_Worker","ZoneGlobale","All_modes","70"
"2020-03-22","Kikula","Bunkeya","1h","Outside_Resident","Destination_Zone_Worker","ZoneGlobale","All_modes","35"
"2020-03-22","Kikula","Bunkeya","1h","Destination_Zone_Resident","Destination_Zone_Worker","ZoneGlobale","All_modes","71"
"2020-03-22","Kikula","Bunkeya","1h","Origin_Zone_Resident","Origin_Zone_Worker","ZoneGlobale","All_modes","70"
"2020-03-22","Kikula","Bunkeya","3h","Outside_Resident","Outside_Worker","ZoneGlobale","All_modes","425"
"2020-03-22","Kikula","Bunkeya","3h","Outside_Resident","Destination_Zone_Worker","ZoneGlobale","All_modes","70"
"2020-03-22","Kikula","Bunkeya","3h","Outside_Resident","Study_Zone_Worker","ZoneGlobale","All_modes","35"
"2020-03-22","Kikula","Bunkeya","3h","Outside_Resident","Origin_Zone_Worker","ZoneGlobale","All_modes","35"
"2020-03-22","Kikula","Bunkeya","3h","Destination_Zone_Resident","Destination_Zone_Worker","ZoneGlobale","All_modes","106"
"2020-03-22","Kikula","Bunkeya","3h","Destination_Zone_Resident","Origin_Zone_Worker","ZoneGlobale","All_modes","106"
"2020-03-22","Kikula","Bunkeya","3h","Study_Zone_Resident","Outside_Worker","ZoneGlobale","All_modes","35"
"2020-03-22","Kikula","Bunkeya","3h","Origin_Zone_Resident","Destination_Zone_Worker","ZoneGlobale","All_modes","35"
"2020-03-22","Kikula","Bunkeya","3h","Origin_Zone_Resident","Study_Zone_Worker","ZoneGlobale","All_modes","35"
"2020-03-22","Kikula","Bunkeya","3h","Origin_Zone_Resident","Origin_Zone_Worker","ZoneGlobale","All_modes","177"
"2020-03-22","Kikula","Kampemba","3h","Outside_Resident","Study_Zone_Worker","ZoneGlobale","All_modes","35"
"2020-03-22","Kikula","Kapolowe","1h","Destination_Zone_Resident","Destination_Zone_Worker","ZoneGlobale","All_modes","35"
"2020-03-22","Kikula","Kapolowe","3h","Destination_Zone_Resident","Destination_Zone_Worker","ZoneGlobale","All_modes","35"
"2020-03-22","Kikula","Kapolowe","3h","Destination_Zone_Resident","Study_Zone_Worker","ZoneGlobale","All_modes","35"
"2020-03-22","Kikula","Kapolowe","3h","Origin_Zone_Resident","Origin_Zone_Worker","ZoneGlobale","All_modes","35"
"2020-03-22","Kikula","Kashobwe","3h","Outside_Resident","Outside_Worker","ZoneGlobale","All_modes","177"
"2020-03-22","Kikula","Kashobwe","3h","Outside_Resident","Destination_Zone_Worker","ZoneGlobale","All_modes","70"
"2020-03-22","Kikula","Kashobwe","3h","Outside_Resident","Study_Zone_Worker","ZoneGlobale","All_modes","35"
"2020-03-22","Kikula","Kashobwe","3h","Outside_Resident","Origin_Zone_Worker","ZoneGlobale","All_modes","35"
"2020-03-22","Kikula","Kashobwe","3h","Destination_Zone_Resident","Origin_Zone_Worker","ZoneGlobale","All_modes","35"
"2020-03-22","Kikula","Kashobwe","3h","Origin_Zone_Resident","Origin_Zone_Worker","ZoneGlobale","All_modes","70"
"2020-03-22","Kikula","Kipushi","1h","Outside_Resident","Destination_Zone_Worker","ZoneGlobale","All_modes","35"
"2020-03-22","Kikula","Kipushi","3h","Outside_Resident","Outside_Worker","ZoneGlobale","All_modes","35"
"2020-03-22","Kikula","Likasi","1h","Outside_Resident","Outside_Worker","ZoneGlobale","All_modes","35"
"2020-03-22","Kikula","Likasi","1h","Destination_Zone_Resident","Origin_Zone_Worker","ZoneGlobale","All_modes","70"
"2020-03-22","Kikula","Likasi","3h","Outside_Resident","Outside_Worker","ZoneGlobale","All_modes","35"
"2020-03-22","Kikula","Likasi","3h","Outside_Resident","Origin_Zone_Worker","ZoneGlobale","All_modes","35"
"2020-03-22","Kikula","Likasi","3h","Destination_Zone_Resident","Destination_Zone_Worker","ZoneGlobale","All_modes","35"
"2020-03-22","Kikula","Likasi","3h","Destination_Zone_Resident","Origin_Zone_Worker","ZoneGlobale","All_modes","70"
"2020-03-22","Kikula","Likasi","3h","Origin_Zone_Resident","Origin_Zone_Worker","ZoneGlobale","All_modes","70"
"2020-03-22","Kikula","Lualaba","3h","Destination_Zone_Resident","Destination_Zone_Worker","ZoneGlobale","All_modes","35"
"2020-03-22","Kikula","Lubumbashi","1h","Outside_Resident","Outside_Worker","ZoneGlobale","All_modes","70"
"2020-03-22","Kikula","Lubumbashi","1h","Destination_Zone_Resident","Destination_Zone_Worker","ZoneGlobale","All_modes","70"
"2020-03-22","Kikula","Lubumbashi","3h","Destination_Zone_Resident","Destination_Zone_Worker","ZoneGlobale","All_modes","106"
"2020-03-22","Kikula","Lubumbashi","3h","Origin_Zone_Resident","Origin_Zone_Worker","ZoneGlobale","All_modes","35"
"2020-03-22","Kikula","Rwashi","1h","Outside_Resident","Destination_Zone_Worker","ZoneGlobale","All_modes","35"
"2020-03-22","Kikula","Rwashi","1h","Destination_Zone_Resident","Destination_Zone_Worker","ZoneGlobale","All_modes","35"
"2020-03-22","Kikula","Rwashi","1h","Study_Zone_Resident","Study_Zone_Worker","ZoneGlobale","All_modes","35"
"2020-03-22","Kikula","Rwashi","1h","Origin_Zone_Resident","Destination_Zone_Worker","ZoneGlobale","All_modes","35"
"2020-03-22","Kikula","Rwashi","3h","Outside_Resident","Outside_Worker","ZoneGlobale","All_modes","70"
"2020-03-22","Kikula","Rwashi","3h","Outside_Resident","Destination_Zone_Worker","ZoneGlobale","All_modes","35"
"2020-03-22","Kikula","Rwashi","3h","Origin_Zone_Resident","Destination_Zone_Worker","ZoneGlobale","All_modes","35"
"2020-03-22","Kikula","Rwashi","3h","Origin_Zone_Resident","Study_Zone_Worker","ZoneGlobale","All_modes","35"
"2020-03-22","Kikula","Tshamilemba","3h","Destination_Zone_Resident","Destination_Zone_Worker","ZoneGlobale","All_modes","35"
"2020-03-22","Kikwit-Sud","Vanga","1h","Origin_Zone_Resident","Origin_Zone_Worker","ZoneGlobale","All_modes","356"
"2020-03-22","Kikwit-Sud","Vanga","3h","Outside_Resident","Outside_Worker","ZoneGlobale","All_modes","355"
"2020-03-22","Kikwit-Sud","Vanga","3h","Outside_Resident","Destination_Zone_Worker","ZoneGlobale","All_modes","355"
"2020-03-22","Kikwit-Sud","Vanga","3h","Destination_Zone_Resident","Outside_Worker","ZoneGlobale","All_modes","355"
"2020-03-22","Kikwit-Sud","Vanga","3h","Study_Zone_Resident","Study_Zone_Worker","ZoneGlobale","All_modes","315"
"2020-03-22","Kikwit-Sud","Vanga","3h","Origin_Zone_Resident","Origin_Zone_Worker","ZoneGlobale","All_modes","355"
"2020-03-22","Kilwa","Pweto","3h","Outside_Resident","Outside_Worker","ZoneGlobale","All_modes","106"
"2020-03-22","Kilwa","Pweto","3h","Outside_Resident","Origin_Zone_Worker","ZoneGlobale","All_modes","35"
"2020-03-22","Kilwa","Pweto","3h","Destination_Zone_Resident","Outside_Worker","ZoneGlobale","All_modes","70"
"2020-03-22","Kilwa","Pweto","3h","Destination_Zone_Resident","Destination_Zone_Worker","ZoneGlobale","All_modes","35"
"2020-03-22","Kimbanseke","Barumbu","1h","Destination_Zone_Resident","Destination_Zone_Worker","ZoneGlobale","All_modes","27"
"2020-03-22","Kimbanseke","Barumbu","3h","Outside_Resident","Study_Zone_Worker","ZoneGlobale","All_modes","27"
"2020-03-22","Kimbanseke","Barumbu","3h","Destination_Zone_Resident","Destination_Zone_Worker","ZoneGlobale","All_modes","68"
"2020-03-22","Kimbanseke","Barumbu","3h","Destination_Zone_Resident","Study_Zone_Worker","ZoneGlobale","All_modes","27"
"2020-03-22","Kimbanseke","Barumbu","3h","Study_Zone_Resident","Study_Zone_Worker","ZoneGlobale","All_modes","27"
"2020-03-22","Kimbanseke","Binza Meteo","1h","Destination_Zone_Resident","Destination_Zone_Worker","ZoneGlobale","All_modes","27"
"2020-03-22","Kimbanseke","Binza Meteo","3h","Outside_Resident","Outside_Worker","ZoneGlobale","All_modes","54"
"2020-03-22","Kimbanseke","Binza Meteo","3h","Destination_Zone_Resident","Destination_Zone_Worker","ZoneGlobale","All_modes","40"
"2020-03-22","Kimbanseke","Binza Meteo","3h","Study_Zone_Resident","Study_Zone_Worker","ZoneGlobale","All_modes","27"
"2020-03-22","Kimbanseke","Binza Meteo","3h","Origin_Zone_Resident","Origin_Zone_Worker","ZoneGlobale","All_modes","27"
"2020-03-22","Kimbanseke","Binza Ozone","1h","Destination_Zone_Resident","Destination_Zone_Worker","ZoneGlobale","All_modes","40"
"2020-03-22","Kimbanseke","Binza Ozone","3h","Destination_Zone_Resident","Destination_Zone_Worker","ZoneGlobale","All_modes","81"
"2020-03-22","Kimbanseke","Bumbu","1h","Destination_Zone_Resident","Destination_Zone_Worker","ZoneGlobale","All_modes","40"
"2020-03-22","Kimbanseke","Bumbu","3h","Destination_Zone_Resident","Destination_Zone_Worker","ZoneGlobale","All_modes","122"
"2020-03-22","Kimbanseke","Bumbu","3h","Study_Zone_Resident","Study_Zone_Worker","ZoneGlobale","All_modes","27"
"2020-03-22","Kimbanseke","Gombe","1h","Destination_Zone_Resident","Destination_Zone_Worker","ZoneGlobale","All_modes","40"
"2020-03-22","Kimbanseke","Gombe","3h","Destination_Zone_Resident","Destination_Zone_Worker","ZoneGlobale","All_modes","54"
"2020-03-22","Kimbanseke","Kalamu I","1h","Outside_Resident","Outside_Worker","ZoneGlobale","All_modes","54"
"2020-03-22","Kimbanseke","Kalamu I","1h","Destination_Zone_Resident","Destination_Zone_Worker","ZoneGlobale","All_modes","40"
"2020-03-22","Kimbanseke","Kalamu I","3h","Outside_Resident","Outside_Worker","ZoneGlobale","All_modes","95"
"2020-03-22","Kimbanseke","Kalamu I","3h","Destination_Zone_Resident","Destination_Zone_Worker","ZoneGlobale","All_modes","68"
"2020-03-22","Kimbanseke","Kalamu I","3h","Destination_Zone_Resident","Study_Zone_Worker","ZoneGlobale","All_modes","27"
"2020-03-22","Kimbanseke","Kalamu I","3h","Origin_Zone_Resident","Origin_Zone_Worker","ZoneGlobale","All_modes","27"
"2020-03-22","Kimbanseke","Kalamu II","1h","Destination_Zone_Resident","Destination_Zone_Worker","ZoneGlobale","All_modes","27"
"2020-03-22","Kimbanseke","Kalamu II","1h","Destination_Zone_Resident","Study_Zone_Worker","ZoneGlobale","All_modes","40"
"2020-03-22","Kimbanseke","Kalamu II","1h","Study_Zone_Resident","Study_Zone_Worker","ZoneGlobale","All_modes","27"
"2020-03-22","Kimbanseke","Kalamu II","3h","Destination_Zone_Resident","Destination_Zone_Worker","ZoneGlobale","All_modes","54"
"2020-03-22","Kimbanseke","Kalamu II","3h","Destination_Zone_Resident","Study_Zone_Worker","ZoneGlobale","All_modes","68"
"2020-03-22","Kimbanseke","Kalamu II","3h","Study_Zone_Resident","Study_Zone_Worker","ZoneGlobale","All_modes","40"
"2020-03-22","Kimbanseke","Kasa-Vubu","3h","Destination_Zone_Resident","Destination_Zone_Worker","ZoneGlobale","All_modes","54"
"2020-03-22","Kimbanseke","Kasa-Vubu","3h","Destination_Zone_Resident","Study_Zone_Worker","ZoneGlobale","All_modes","40"
"2020-03-22","Kimbanseke","Kasa-Vubu","3h","Study_Zone_Resident","Study_Zone_Worker","ZoneGlobale","All_modes","27"
"2020-03-22","Kimbanseke","Kikimi","1h","Outside_Resident","Outside_Worker","ZoneGlobale","All_modes","532"
"2020-03-22","Kimbanseke","Kikimi","1h","Outside_Resident","Destination_Zone_Worker","ZoneGlobale","All_modes","109"
"2020-03-22","Kimbanseke","Kikimi","1h","Outside_Resident","Study_Zone_Worker","ZoneGlobale","All_modes","410"
"2020-03-22","Kimbanseke","Kikimi","1h","Outside_Resident","Origin_Zone_Worker","ZoneGlobale","All_modes","95"
"2020-03-22","Kimbanseke","Kikimi","1h","Destination_Zone_Resident","Outside_Worker","ZoneGlobale","All_modes","177"
"2020-03-22","Kimbanseke","Kikimi","1h","Destination_Zone_Resident","Destination_Zone_Worker","ZoneGlobale","All_modes","1106"
"2020-03-22","Kimbanseke","Kikimi","1h","Destination_Zone_Resident","Study_Zone_Worker","ZoneGlobale","All_modes","259"
"2020-03-22","Kimbanseke","Kikimi","1h","Destination_Zone_Resident","Origin_Zone_Worker","ZoneGlobale","All_modes","560"
"2020-03-22","Kimbanseke","Kikimi","1h","Study_Zone_Resident","Outside_Worker","ZoneGlobale","All_modes","40"
"2020-03-22","Kimbanseke","Kikimi","1h","Study_Zone_Resident","Destination_Zone_Worker","ZoneGlobale","All_modes","27"
"2020-03-22","Kimbanseke","Kikimi","1h","Study_Zone_Resident","Study_Zone_Worker","ZoneGlobale","All_modes","177"
"2020-03-22","Kimbanseke","Kikimi","1h","Origin_Zone_Resident","Outside_Worker","ZoneGlobale","All_modes","54"
"2020-03-22","Kimbanseke","Kikimi","1h","Origin_Zone_Resident","Destination_Zone_Worker","ZoneGlobale","All_modes","95"
"2020-03-22","Kimbanseke","Kikimi","1h","Origin_Zone_Resident","Study_Zone_Worker","ZoneGlobale","All_modes","109"
"2020-03-22","Kimbanseke","Kikimi","1h","Origin_Zone_Resident","Origin_Zone_Worker","ZoneGlobale","All_modes","505"
"2020-03-22","Kimbanseke","Kikimi","3h","Outside_Resident","Outside_Worker","ZoneGlobale","All_modes","1825"
"2020-03-22","Kimbanseke","Kikimi","3h","Outside_Resident","Destination_Zone_Worker","ZoneGlobale","All_modes","341"
"2020-03-22","Kimbanseke","Kikimi","3h","Outside_Resident","Study_Zone_Worker","ZoneGlobale","All_modes","533"
"2020-03-22","Kimbanseke","Kikimi","3h","Outside_Resident","Origin_Zone_Worker","ZoneGlobale","All_modes","642"
"2020-03-22","Kimbanseke","Kikimi","3h","Destination_Zone_Resident","Outside_Worker","ZoneGlobale","All_modes","494"
"2020-03-22","Kimbanseke","Kikimi","3h","Destination_Zone_Resident","Destination_Zone_Worker","ZoneGlobale","All_modes","2586"
"2020-03-22","Kimbanseke","Kikimi","3h","Destination_Zone_Resident","Study_Zone_Worker","ZoneGlobale","All_modes","423"
"2020-03-22","Kimbanseke","Kikimi","3h","Destination_Zone_Resident","Origin_Zone_Worker","ZoneGlobale","All_modes","1270"
"2020-03-22","Kimbanseke","Kikimi","3h","Study_Zone_Resident","Outside_Worker","ZoneGlobale","All_modes","54"
"2020-03-22","Kimbanseke","Kikimi","3h","Study_Zone_Resident","Destination_Zone_Worker","ZoneGlobale","All_modes","40"
"2020-03-22","Kimbanseke","Kikimi","3h","Study_Zone_Resident","Study_Zone_Worker","ZoneGlobale","All_modes","382"
"2020-03-22","Kimbanseke","Kikimi","3h","Study_Zone_Resident","Origin_Zone_Worker","ZoneGlobale","All_modes","54"
"2020-03-22","Kimbanseke","Kikimi","3h","Origin_Zone_Resident","Outside_Worker","ZoneGlobale","All_modes","136"
"2020-03-22","Kimbanseke","Kikimi","3h","Origin_Zone_Resident","Destination_Zone_Worker","ZoneGlobale","All_modes","177"
"2020-03-22","Kimbanseke","Kikimi","3h","Origin_Zone_Resident","Study_Zone_Worker","ZoneGlobale","All_modes","368"
"2020-03-22","Kimbanseke","Kikimi","3h","Origin_Zone_Resident","Origin_Zone_Worker","ZoneGlobale","All_modes","2637"
"2020-03-22","Kimbanseke","Kingabwa","1h","Destination_Zone_Resident","Destination_Zone_Worker","ZoneGlobale","All_modes","27"
"2020-03-22","Kimbanseke","Kingabwa","1h","Destination_Zone_Resident","Study_Zone_Worker","ZoneGlobale","All_modes","27"
"2020-03-22","Kimbanseke","Kingabwa","1h","Study_Zone_Resident","Study_Zone_Worker","ZoneGlobale","All_modes","27"
"2020-03-22","Kimbanseke","Kingabwa","3h","Outside_Resident","Outside_Worker","ZoneGlobale","All_modes","68"
"2020-03-22","Kimbanseke","Kingabwa","3h","Outside_Resident","Study_Zone_Worker","ZoneGlobale","All_modes","27"
"2020-03-22","Kimbanseke","Kingabwa","3h","Destination_Zone_Resident","Destination_Zone_Worker","ZoneGlobale","All_modes","95"
"2020-03-22","Kimbanseke","Kingabwa","3h","Destination_Zone_Resident","Origin_Zone_Worker","ZoneGlobale","All_modes","40"
"2020-03-22","Kimbanseke","Kingabwa","3h","Study_Zone_Resident","Outside_Worker","ZoneGlobale","All_modes","27"
"2020-03-22","Kimbanseke","Kingabwa","3h","Study_Zone_Resident","Study_Zone_Worker","ZoneGlobale","All_modes","95"
"2020-03-22","Kimbanseke","Kingabwa","3h","Study_Zone_Resident","Origin_Zone_Worker","ZoneGlobale","All_modes","27"
"2020-03-22","Kimbanseke","Kingabwa","3h","Origin_Zone_Resident","Origin_Zone_Worker","ZoneGlobale","All_modes","27"
"2020-03-22","Kimbanseke","Kinshasa","1h","Destination_Zone_Resident","Destination_Zone_Worker","ZoneGlobale","All_modes","27"
"2020-03-22","Kimbanseke","Kinshasa","1h","Destination_Zone_Resident","Study_Zone_Worker","ZoneGlobale","All_modes","27"
"2020-03-22","Kimbanseke","Kinshasa","3h","Destination_Zone_Resident","Destination_Zone_Worker","ZoneGlobale","All_modes","54"
"2020-03-22","Kimbanseke","Kinshasa","3h","Destination_Zone_Resident","Study_Zone_Worker","ZoneGlobale","All_modes","27"
"2020-03-22","Kimbanseke","Kinshasa","3h","Destination_Zone_Resident","Origin_Zone_Worker","ZoneGlobale","All_modes","27"
"2020-03-22","Kimbanseke","Kisenso","1h","Outside_Resident","Outside_Worker","ZoneGlobale","All_modes","150"
"2020-03-22","Kimbanseke","Kisenso","1h","Outside_Resident","Study_Zone_Worker","ZoneGlobale","All_modes","40"
"2020-03-22","Kimbanseke","Kisenso","1h","Destination_Zone_Resident","Outside_Worker","ZoneGlobale","All_modes","27"
"2020-03-22","Kimbanseke","Kisenso","1h","Destination_Zone_Resident","Destination_Zone_Worker","ZoneGlobale","All_modes","683"
"2020-03-22","Kimbanseke","Kisenso","1h","Destination_Zone_Resident","Study_Zone_Worker","ZoneGlobale","All_modes","68"
"2020-03-22","Kimbanseke","Kisenso","1h","Destination_Zone_Resident","Origin_Zone_Worker","ZoneGlobale","All_modes","40"
"2020-03-22","Kimbanseke","Kisenso","1h","Study_Zone_Resident","Study_Zone_Worker","ZoneGlobale","All_modes","54"
"2020-03-22","Kimbanseke","Kisenso","1h","Study_Zone_Resident","Origin_Zone_Worker","ZoneGlobale","All_modes","27"
"2020-03-22","Kimbanseke","Kisenso","1h","Origin_Zone_Resident","Destination_Zone_Worker","ZoneGlobale","All_modes","27"
"2020-03-22","Kimbanseke","Kisenso","1h","Origin_Zone_Resident","Origin_Zone_Worker","ZoneGlobale","All_modes","122"
"2020-03-22","Kimbanseke","Kisenso","3h","Outside_Resident","Outside_Worker","ZoneGlobale","All_modes","642"
"2020-03-22","Kimbanseke","Kisenso","3h","Outside_Resident","Destination_Zone_Worker","ZoneGlobale","All_modes","150"
"2020-03-22","Kimbanseke","Kisenso","3h","Outside_Resident","Study_Zone_Worker","ZoneGlobale","All_modes","81"
"2020-03-22","Kimbanseke","Kisenso","3h","Outside_Resident","Origin_Zone_Worker","ZoneGlobale","All_modes","68"
"2020-03-22","Kimbanseke","Kisenso","3h","Destination_Zone_Resident","Outside_Worker","ZoneGlobale","All_modes","68"
"2020-03-22","Kimbanseke","Kisenso","3h","Destination_Zone_Resident","Destination_Zone_Worker","ZoneGlobale","All_modes","943"
"2020-03-22","Kimbanseke","Kisenso","3h","Destination_Zone_Resident","Study_Zone_Worker","ZoneGlobale","All_modes","218"
"2020-03-22","Kimbanseke","Kisenso","3h","Destination_Zone_Resident","Origin_Zone_Worker","ZoneGlobale","All_modes","191"
"2020-03-22","Kimbanseke","Kisenso","3h","Study_Zone_Resident","Outside_Worker","ZoneGlobale","All_modes","27"
"2020-03-22","Kimbanseke","Kisenso","3h","Study_Zone_Resident","Destination_Zone_Worker","ZoneGlobale","All_modes","27"
"2020-03-22","Kimbanseke","Kisenso","3h","Study_Zone_Resident","Study_Zone_Worker","ZoneGlobale","All_modes","204"
"2020-03-22","Kimbanseke","Kisenso","3h","Study_Zone_Resident","Origin_Zone_Worker","ZoneGlobale","All_modes","54"
"2020-03-22","Kimbanseke","Kisenso","3h","Origin_Zone_Resident","Outside_Worker","ZoneGlobale","All_modes","40"
"2020-03-22","Kimbanseke","Kisenso","3h","Origin_Zone_Resident","Destination_Zone_Worker","ZoneGlobale","All_modes","136"
"2020-03-22","Kimbanseke","Kisenso","3h","Origin_Zone_Resident","Study_Zone_Worker","ZoneGlobale","All_modes","27"
"2020-03-22","Kimbanseke","Kisenso","3h","Origin_Zone_Resident","Origin_Zone_Worker","ZoneGlobale","All_modes","355"
"2020-03-22","Kimbanseke","Kokolo","1h","Destination_Zone_Resident","Destination_Zone_Worker","ZoneGlobale","All_modes","54"
"2020-03-22","Kimbanseke","Kokolo","3h","Destination_Zone_Resident","Destination_Zone_Worker","ZoneGlobale","All_modes","40"
"2020-03-22","Kimbanseke","Kokolo","3h","Destination_Zone_Resident","Study_Zone_Worker","ZoneGlobale","All_modes","40"
"2020-03-22","Kimbanseke","Kokolo","3h","Study_Zone_Resident","Study_Zone_Worker","ZoneGlobale","All_modes","27"
"2020-03-22","Kimbanseke","Lemba","1h","Destination_Zone_Resident","Destination_Zone_Worker","ZoneGlobale","All_modes","95"
"2020-03-22","Kimbanseke","Lemba","1h","Destination_Zone_Resident","Study_Zone_Worker","ZoneGlobale","All_modes","27"
"2020-03-22","Kimbanseke","Lemba","1h","Origin_Zone_Resident","Origin_Zone_Worker","ZoneGlobale","All_modes","27"
"2020-03-22","Kimbanseke","Lemba","3h","Outside_Resident","Outside_Worker","ZoneGlobale","All_modes","54"
"2020-03-22","Kimbanseke","Lemba","3h","Outside_Resident","Destination_Zone_Worker","ZoneGlobale","All_modes","383"
"2020-03-22","Kimbanseke","Lemba","3h","Outside_Resident","Study_Zone_Worker","ZoneGlobale","All_modes","54"
"2020-03-22","Kimbanseke","Lemba","3h","Destination_Zone_Resident","Destination_Zone_Worker","ZoneGlobale","All_modes","273"
"2020-03-22","Kimbanseke","Lemba","3h","Destination_Zone_Resident","Study_Zone_Worker","ZoneGlobale","All_modes","27"
"2020-03-22","Kimbanseke","Lemba","3h","Study_Zone_Resident","Study_Zone_Worker","ZoneGlobale","All_modes","109"
"2020-03-22","Kimbanseke","Limete","1h","Destination_Zone_Resident","Destination_Zone_Worker","ZoneGlobale","All_modes","81"
"2020-03-22","Kimbanseke","Limete","1h","Destination_Zone_Resident","Study_Zone_Worker","ZoneGlobale","All_modes","27"
"2020-03-22","Kimbanseke","Limete","1h","Study_Zone_Resident","Study_Zone_Worker","ZoneGlobale","All_modes","27"
"2020-03-22","Kimbanseke","Limete","3h","Outside_Resident","Outside_Worker","ZoneGlobale","All_modes","81"
"2020-03-22","Kimbanseke","Limete","3h","Outside_Resident","Destination_Zone_Worker","ZoneGlobale","All_modes","27"
"2020-03-22","Kimbanseke","Limete","3h","Destination_Zone_Resident","Destination_Zone_Worker","ZoneGlobale","All_modes","163"
"2020-03-22","Kimbanseke","Limete","3h","Destination_Zone_Resident","Study_Zone_Worker","ZoneGlobale","All_modes","40"
"2020-03-22","Kimbanseke","Limete","3h","Study_Zone_Resident","Study_Zone_Worker","ZoneGlobale","All_modes","81"
"2020-03-22","Kimbanseke","Limete","3h","Origin_Zone_Resident","Origin_Zone_Worker","ZoneGlobale","All_modes","68"
"2020-03-22","Kimbanseke","Makala","3h","Outside_Resident","Outside_Worker","ZoneGlobale","All_modes","54"
"2020-03-22","Kimbanseke","Makala","3h","Destination_Zone_Resident","Outside_Worker","ZoneGlobale","All_modes","369"
"2020-03-22","Kimbanseke","Makala","3h","Study_Zone_Resident","Study_Zone_Worker","ZoneGlobale","All_modes","81"
"2020-03-22","Kimbanseke","Maluku I","1h","Study_Zone_Resident","Study_Zone_Worker","ZoneGlobale","All_modes","27"
"2020-03-22","Kimbanseke","Maluku I","1h","Origin_Zone_Resident","Origin_Zone_Worker","ZoneGlobale","All_modes","27"
"2020-03-22","Kimbanseke","Maluku I","3h","Outside_Resident","Outside_Worker","ZoneGlobale","All_modes","40"
"2020-03-22","Kimbanseke","Maluku I","3h","Study_Zone_Resident","Outside_Worker","ZoneGlobale","All_modes","27"
"2020-03-22","Kimbanseke","Maluku I","3h","Study_Zone_Resident","Study_Zone_Worker","ZoneGlobale","All_modes","27"
"2020-03-22","Kimbanseke","Maluku I","3h","Origin_Zone_Resident","Origin_Zone_Worker","ZoneGlobale","All_modes","81"
"2020-03-22","Kimbanseke","Masina I","1h","Outside_Resident","Outside_Worker","ZoneGlobale","All_modes","109"
"2020-03-22","Kimbanseke","Masina I","1h","Outside_Resident","Destination_Zone_Worker","ZoneGlobale","All_modes","40"
"2020-03-22","Kimbanseke","Masina I","1h","Outside_Resident","Origin_Zone_Worker","ZoneGlobale","All_modes","40"
"2020-03-22","Kimbanseke","Masina I","1h","Destination_Zone_Resident","Outside_Worker","ZoneGlobale","All_modes","27"
"2020-03-22","Kimbanseke","Masina I","1h","Destination_Zone_Resident","Destination_Zone_Worker","ZoneGlobale","All_modes","368"
"2020-03-22","Kimbanseke","Masina I","1h","Destination_Zone_Resident","Study_Zone_Worker","ZoneGlobale","All_modes","54"
"2020-03-22","Kimbanseke","Masina I","1h","Destination_Zone_Resident","Origin_Zone_Worker","ZoneGlobale","All_modes","122"
"2020-03-22","Kimbanseke","Masina I","1h","Study_Zone_Resident","Study_Zone_Worker","ZoneGlobale","All_modes","81"
"2020-03-22","Kimbanseke","Masina I","1h","Origin_Zone_Resident","Destination_Zone_Worker","ZoneGlobale","All_modes","40"
"2020-03-22","Kimbanseke","Masina I","1h","Origin_Zone_Resident","Study_Zone_Worker","ZoneGlobale","All_modes","27"
"2020-03-22","Kimbanseke","Masina I","1h","Origin_Zone_Resident","Origin_Zone_Worker","ZoneGlobale","All_modes","136"
"2020-03-22","Kimbanseke","Masina I","3h","Outside_Resident","Outside_Worker","ZoneGlobale","All_modes","861"
"2020-03-22","Kimbanseke","Masina I","3h","Outside_Resident","Destination_Zone_Worker","ZoneGlobale","All_modes","136"
"2020-03-22","Kimbanseke","Masina I","3h","Outside_Resident","Study_Zone_Worker","ZoneGlobale","All_modes","27"
"2020-03-22","Kimbanseke","Masina I","3h","Outside_Resident","Origin_Zone_Worker","ZoneGlobale","All_modes","122"
"2020-03-22","Kimbanseke","Masina I","3h","Destination_Zone_Resident","Outside_Worker","ZoneGlobale","All_modes","81"
"2020-03-22","Kimbanseke","Masina I","3h","Destination_Zone_Resident","Destination_Zone_Worker","ZoneGlobale","All_modes","874"
"2020-03-22","Kimbanseke","Masina I","3h","Destination_Zone_Resident","Study_Zone_Worker","ZoneGlobale","All_modes","122"
"2020-03-22","Kimbanseke","Masina I","3h","Destination_Zone_Resident","Origin_Zone_Worker","ZoneGlobale","All_modes","409"
"2020-03-22","Kimbanseke","Masina I","3h","Study_Zone_Resident","Study_Zone_Worker","ZoneGlobale","All_modes","150"
"2020-03-22","Kimbanseke","Masina I","3h","Study_Zone_Resident","Origin_Zone_Worker","ZoneGlobale","All_modes","27"
"2020-03-22","Kimbanseke","Masina I","3h","Origin_Zone_Resident","Outside_Worker","ZoneGlobale","All_modes","40"
"2020-03-22","Kimbanseke","Masina I","3h","Origin_Zone_Resident","Destination_Zone_Worker","ZoneGlobale","All_modes","68"
"2020-03-22","Kimbanseke","Masina I","3h","Origin_Zone_Resident","Study_Zone_Worker","ZoneGlobale","All_modes","54"
"2020-03-22","Kimbanseke","Masina I","3h","Origin_Zone_Resident","Origin_Zone_Worker","ZoneGlobale","All_modes","765"
"2020-03-22","Kimbanseke","Masina II","1h","Outside_Resident","Outside_Worker","ZoneGlobale","All_modes","191"
"2020-03-22","Kimbanseke","Masina II","1h","Outside_Resident","Destination_Zone_Worker","ZoneGlobale","All_modes","68"
"2020-03-22","Kimbanseke","Masina II","1h","Destination_Zone_Resident","Outside_Worker","ZoneGlobale","All_modes","68"
"2020-03-22","Kimbanseke","Masina II","1h","Destination_Zone_Resident","Destination_Zone_Worker","ZoneGlobale","All_modes","437"
"2020-03-22","Kimbanseke","Masina II","1h","Destination_Zone_Resident","Study_Zone_Worker","ZoneGlobale","All_modes","150"
"2020-03-22","Kimbanseke","Masina II","1h","Destination_Zone_Resident","Origin_Zone_Worker","ZoneGlobale","All_modes","68"
"2020-03-22","Kimbanseke","Masina II","1h","Study_Zone_Resident","Destination_Zone_Worker","ZoneGlobale","All_modes","40"
"2020-03-22","Kimbanseke","Masina II","1h","Study_Zone_Resident","Study_Zone_Worker","ZoneGlobale","All_modes","27"
"2020-03-22","Kimbanseke","Masina II","1h","Origin_Zone_Resident","Outside_Worker","ZoneGlobale","All_modes","27"
"2020-03-22","Kimbanseke","Masina II","1h","Origin_Zone_Resident","Study_Zone_Worker","ZoneGlobale","All_modes","27"
"2020-03-22","Kimbanseke","Masina II","1h","Origin_Zone_Resident","Origin_Zone_Worker","ZoneGlobale","All_modes","122"
"2020-03-22","Kimbanseke","Masina II","3h","Outside_Resident","Outside_Worker","ZoneGlobale","All_modes","409"
"2020-03-22","Kimbanseke","Masina II","3h","Outside_Resident","Destination_Zone_Worker","ZoneGlobale","All_modes","191"
"2020-03-22","Kimbanseke","Masina II","3h","Outside_Resident","Study_Zone_Worker","ZoneGlobale","All_modes","95"
"2020-03-22","Kimbanseke","Masina II","3h","Outside_Resident","Origin_Zone_Worker","ZoneGlobale","All_modes","150"
"2020-03-22","Kimbanseke","Masina II","3h","Destination_Zone_Resident","Outside_Worker","ZoneGlobale","All_modes","478"
"2020-03-22","Kimbanseke","Masina II","3h","Destination_Zone_Resident","Destination_Zone_Worker","ZoneGlobale","All_modes","806"
"2020-03-22","Kimbanseke","Masina II","3h","Destination_Zone_Resident","Study_Zone_Worker","ZoneGlobale","All_modes","300"
"2020-03-22","Kimbanseke","Masina II","3h","Destination_Zone_Resident","Origin_Zone_Worker","ZoneGlobale","All_modes","245"
"2020-03-22","Kimbanseke","Masina II","3h","Study_Zone_Resident","Outside_Worker","ZoneGlobale","All_modes","40"
"2020-03-22","Kimbanseke","Masina II","3h","Study_Zone_Resident","Destination_Zone_Worker","ZoneGlobale","All_modes","40"
"2020-03-22","Kimbanseke","Masina II","3h","Study_Zone_Resident","Study_Zone_Worker","ZoneGlobale","All_modes","218"
"2020-03-22","Kimbanseke","Masina II","3h","Study_Zone_Resident","Origin_Zone_Worker","ZoneGlobale","All_modes","68"
"2020-03-22","Kimbanseke","Masina II","3h","Origin_Zone_Resident","Outside_Worker","ZoneGlobale","All_modes","68"
"2020-03-22","Kimbanseke","Masina II","3h","Origin_Zone_Resident","Destination_Zone_Worker","ZoneGlobale","All_modes","109"
"2020-03-22","Kimbanseke","Masina II","3h","Origin_Zone_Resident","Study_Zone_Worker","ZoneGlobale","All_modes","109"
"2020-03-22","Kimbanseke","Masina II","3h","Origin_Zone_Resident","Origin_Zone_Worker","ZoneGlobale","All_modes","546"
"2020-03-22","Kimbanseke","Matete","1h","Destination_Zone_Resident","Destination_Zone_Worker","ZoneGlobale","All_modes","68"
"2020-03-22","Kimbanseke","Matete","1h","Study_Zone_Resident","Study_Zone_Worker","ZoneGlobale","All_modes","54"
"2020-03-22","Kimbanseke","Matete","3h","Outside_Resident","Outside_Worker","ZoneGlobale","All_modes","68"
"2020-03-22","Kimbanseke","Matete","3h","Outside_Resident","Destination_Zone_Worker","ZoneGlobale","All_modes","27"
"2020-03-22","Kimbanseke","Matete","3h","Destination_Zone_Resident","Outside_Worker","ZoneGlobale","All_modes","40"
"2020-03-22","Kimbanseke","Matete","3h","Destination_Zone_Resident","Destination_Zone_Worker","ZoneGlobale","All_modes","54"
"2020-03-22","Kimbanseke","Matete","3h","Destination_Zone_Resident","Study_Zone_Worker","ZoneGlobale","All_modes","40"
"2020-03-22","Kimbanseke","Matete","3h","Study_Zone_Resident","Study_Zone_Worker","ZoneGlobale","All_modes","81"
"2020-03-22","Kimbanseke","Matete","3h","Origin_Zone_Resident","Origin_Zone_Worker","ZoneGlobale","All_modes","68"
"2020-03-22","Kimbanseke","Mont Ngafula I","1h","Outside_Resident","Outside_Worker","ZoneGlobale","All_modes","27"
"2020-03-22","Kimbanseke","Mont Ngafula I","1h","Outside_Resident","Origin_Zone_Worker","ZoneGlobale","All_modes","27"
"2020-03-22","Kimbanseke","Mont Ngafula I","1h","Destination_Zone_Resident","Destination_Zone_Worker","ZoneGlobale","All_modes","95"
"2020-03-22","Kimbanseke","Mont Ngafula I","1h","Study_Zone_Resident","Study_Zone_Worker","ZoneGlobale","All_modes","40"
"2020-03-22","Kimbanseke","Mont Ngafula I","1h","Origin_Zone_Resident","Origin_Zone_Worker","ZoneGlobale","All_modes","54"
"2020-03-22","Kimbanseke","Mont Ngafula I","3h","Outside_Resident","Outside_Worker","ZoneGlobale","All_modes","574"
"2020-03-22","Kimbanseke","Mont Ngafula I","3h","Outside_Resident","Study_Zone_Worker","ZoneGlobale","All_modes","68"
"2020-03-22","Kimbanseke","Mont Ngafula I","3h","Outside_Resident","Origin_Zone_Worker","ZoneGlobale","All_modes","54"
"2020-03-22","Kimbanseke","Mont Ngafula I","3h","Destination_Zone_Resident","Destination_Zone_Worker","ZoneGlobale","All_modes","150"
"2020-03-22","Kimbanseke","Mont Ngafula I","3h","Destination_Zone_Resident","Origin_Zone_Worker","ZoneGlobale","All_modes","27"
"2020-03-22","Kimbanseke","Mont Ngafula I","3h","Study_Zone_Resident","Study_Zone_Worker","ZoneGlobale","All_modes","54"
"2020-03-22","Kimbanseke","Mont Ngafula I","3h","Origin_Zone_Resident","Outside_Worker","ZoneGlobale","All_modes","27"
"2020-03-22","Kimbanseke","Mont Ngafula I","3h","Origin_Zone_Resident","Destination_Zone_Worker","ZoneGlobale","All_modes","40"
"2020-03-22","Kimbanseke","Mont Ngafula I","3h","Origin_Zone_Resident","Study_Zone_Worker","ZoneGlobale","All_modes","27"
"2020-03-22","Kimbanseke","Mont Ngafula I","3h","Origin_Zone_Resident","Origin_Zone_Worker","ZoneGlobale","All_modes","300"
"2020-03-22","Kimbanseke","Mont Ngafula II","3h","Destination_Zone_Resident","Destination_Zone_Worker","ZoneGlobale","All_modes","27"
"2020-03-22","Kimbanseke","Mont Ngafula II","3h","Study_Zone_Resident","Study_Zone_Worker","ZoneGlobale","All_modes","40"
"2020-03-22","Kimbanseke","Ndjili","1h","Outside_Resident","Outside_Worker","ZoneGlobale","All_modes","560"
"2020-03-22","Kimbanseke","Ndjili","1h","Outside_Resident","Destination_Zone_Worker","ZoneGlobale","All_modes","95"
"2020-03-22","Kimbanseke","Ndjili","1h","Outside_Resident","Study_Zone_Worker","ZoneGlobale","All_modes","27"
"2020-03-22","Kimbanseke","Ndjili","1h","Outside_Resident","Origin_Zone_Worker","ZoneGlobale","All_modes","68"
"2020-03-22","Kimbanseke","Ndjili","1h","Destination_Zone_Resident","Outside_Worker","ZoneGlobale","All_modes","54"
"2020-03-22","Kimbanseke","Ndjili","1h","Destination_Zone_Resident","Destination_Zone_Worker","ZoneGlobale","All_modes","1953"
"2020-03-22","Kimbanseke","Ndjili","1h","Destination_Zone_Resident","Study_Zone_Worker","ZoneGlobale","All_modes","150"
"2020-03-22","Kimbanseke","Ndjili","1h","Destination_Zone_Resident","Origin_Zone_Worker","ZoneGlobale","All_modes","327"
"2020-03-22","Kimbanseke","Ndjili","1h","Study_Zone_Resident","Outside_Worker","ZoneGlobale","All_modes","27"
"2020-03-22","Kimbanseke","Ndjili","1h","Study_Zone_Resident","Destination_Zone_Worker","ZoneGlobale","All_modes","40"
"2020-03-22","Kimbanseke","Ndjili","1h","Study_Zone_Resident","Study_Zone_Worker","ZoneGlobale","All_modes","177"
"2020-03-22","Kimbanseke","Ndjili","1h","Study_Zone_Resident","Origin_Zone_Worker","ZoneGlobale","All_modes","40"
"2020-03-22","Kimbanseke","Ndjili","1h","Origin_Zone_Resident","Outside_Worker","ZoneGlobale","All_modes","40"
"2020-03-22","Kimbanseke","Ndjili","1h","Origin_Zone_Resident","Destination_Zone_Worker","ZoneGlobale","All_modes","191"
"2020-03-22","Kimbanseke","Ndjili","1h","Origin_Zone_Resident","Study_Zone_Worker","ZoneGlobale","All_modes","54"
"2020-03-22","Kimbanseke","Ndjili","1h","Origin_Zone_Resident","Origin_Zone_Worker","ZoneGlobale","All_modes","642"
"2020-03-22","Kimbanseke","Ndjili","3h","Outside_Resident","Outside_Worker","ZoneGlobale","All_modes","1565"
"2020-03-22","Kimbanseke","Ndjili","3h","Outside_Resident","Destination_Zone_Worker","ZoneGlobale","All_modes","327"
"2020-03-22","Kimbanseke","Ndjili","3h","Outside_Resident","Study_Zone_Worker","ZoneGlobale","All_modes","327"
"2020-03-22","Kimbanseke","Ndjili","3h","Outside_Resident","Origin_Zone_Worker","ZoneGlobale","All_modes","478"
"2020-03-22","Kimbanseke","Ndjili","3h","Destination_Zone_Resident","Outside_Worker","ZoneGlobale","All_modes","204"
"2020-03-22","Kimbanseke","Ndjili","3h","Destination_Zone_Resident","Destination_Zone_Worker","ZoneGlobale","All_modes","3825"
"2020-03-22","Kimbanseke","Ndjili","3h","Destination_Zone_Resident","Study_Zone_Worker","ZoneGlobale","All_modes","491"
"2020-03-22","Kimbanseke","Ndjili","3h","Destination_Zone_Resident","Origin_Zone_Worker","ZoneGlobale","All_modes","765"
"2020-03-22","Kimbanseke","Ndjili","3h","Study_Zone_Resident","Outside_Worker","ZoneGlobale","All_modes","40"
"2020-03-22","Kimbanseke","Ndjili","3h","Study_Zone_Resident","Destination_Zone_Worker","ZoneGlobale","All_modes","150"
"2020-03-22","Kimbanseke","Ndjili","3h","Study_Zone_Resident","Study_Zone_Worker","ZoneGlobale","All_modes","382"
"2020-03-22","Kimbanseke","Ndjili","3h","Study_Zone_Resident","Origin_Zone_Worker","ZoneGlobale","All_modes","150"
"2020-03-22","Kimbanseke","Ndjili","3h","Origin_Zone_Resident","Outside_Worker","ZoneGlobale","All_modes","221"
"2020-03-22","Kimbanseke","Ndjili","3h","Origin_Zone_Resident","Destination_Zone_Worker","ZoneGlobale","All_modes","341"
"2020-03-22","Kimbanseke","Ndjili","3h","Origin_Zone_Resident","Study_Zone_Worker","ZoneGlobale","All_modes","177"
"2020-03-22","Kimbanseke","Ndjili","3h","Origin_Zone_Resident","Origin_Zone_Worker","ZoneGlobale","All_modes","2377"
"2020-03-22","Kimbanseke","Ngiri-Ngiri","1h","Outside_Resident","Outside_Worker","ZoneGlobale","All_modes","40"
"2020-03-22","Kimbanseke","Ngiri-Ngiri","1h","Destination_Zone_Resident","Outside_Worker","ZoneGlobale","All_modes","27"
"2020-03-22","Kimbanseke","Ngiri-Ngiri","1h","Destination_Zone_Resident","Destination_Zone_Worker","ZoneGlobale","All_modes","54"
"2020-03-22","Kimbanseke","Ngiri-Ngiri","3h","Outside_Resident","Outside_Worker","ZoneGlobale","All_modes","54"
"2020-03-22","Kimbanseke","Ngiri-Ngiri","3h","Destination_Zone_Resident","Outside_Worker","ZoneGlobale","All_modes","27"
"2020-03-22","Kimbanseke","Ngiri-Ngiri","3h","Destination_Zone_Resident","Destination_Zone_Worker","ZoneGlobale","All_modes","109"
"2020-03-22","Kimbanseke","Ngiri-Ngiri","3h","Destination_Zone_Resident","Study_Zone_Worker","ZoneGlobale","All_modes","68"
"2020-03-22","Kimbanseke","Ngiri-Ngiri","3h","Study_Zone_Resident","Study_Zone_Worker","ZoneGlobale","All_modes","27"
"2020-03-22","Kimbanseke","Nsele","1h","Outside_Resident","Outside_Worker","ZoneGlobale","All_modes","163"
"2020-03-22","Kimbanseke","Nsele","1h","Outside_Resident","Destination_Zone_Worker","ZoneGlobale","All_modes","40"
"2020-03-22","Kimbanseke","Nsele","1h","Destination_Zone_Resident","Destination_Zone_Worker","ZoneGlobale","All_modes","204"
"2020-03-22","Kimbanseke","Nsele","1h","Destination_Zone_Resident","Study_Zone_Worker","ZoneGlobale","All_modes","54"
"2020-03-22","Kimbanseke","Nsele","1h","Study_Zone_Resident","Study_Zone_Worker","ZoneGlobale","All_modes","465"
"2020-03-22","Kimbanseke","Nsele","1h","Origin_Zone_Resident","Origin_Zone_Worker","ZoneGlobale","All_modes","122"
"2020-03-22","Kimbanseke","Nsele","3h","Outside_Resident","Outside_Worker","ZoneGlobale","All_modes","396"
"2020-03-22","Kimbanseke","Nsele","3h","Outside_Resident","Destination_Zone_Worker","ZoneGlobale","All_modes","54"
"2020-03-22","Kimbanseke","Nsele","3h","Outside_Resident","Study_Zone_Worker","ZoneGlobale","All_modes","95"
"2020-03-22","Kimbanseke","Nsele","3h","Outside_Resident","Origin_Zone_Worker","ZoneGlobale","All_modes","81"
"2020-03-22","Kimbanseke","Nsele","3h","Destination_Zone_Resident","Outside_Worker","ZoneGlobale","All_modes","40"
"2020-03-22","Kimbanseke","Nsele","3h","Destination_Zone_Resident","Destination_Zone_Worker","ZoneGlobale","All_modes","327"
"2020-03-22","Kimbanseke","Nsele","3h","Destination_Zone_Resident","Study_Zone_Worker","ZoneGlobale","All_modes","122"
"2020-03-22","Kimbanseke","Nsele","3h","Destination_Zone_Resident","Origin_Zone_Worker","ZoneGlobale","All_modes","68"
"2020-03-22","Kimbanseke","Nsele","3h","Study_Zone_Resident","Destination_Zone_Worker","ZoneGlobale","All_modes","27"
"2020-03-22","Kimbanseke","Nsele","3h","Study_Zone_Resident","Study_Zone_Worker","ZoneGlobale","All_modes","779"
"2020-03-22","Kimbanseke","Nsele","3h","Study_Zone_Resident","Origin_Zone_Worker","ZoneGlobale","All_modes","95"
"2020-03-22","Kimbanseke","Nsele","3h","Origin_Zone_Resident","Study_Zone_Worker","ZoneGlobale","All_modes","81"
"2020-03-22","Kimbanseke","Nsele","3h","Origin_Zone_Resident","Origin_Zone_Worker","ZoneGlobale","All_modes","286"
"2020-03-22","Kimbanseke","Police","3h","Outside_Resident","Outside_Worker","ZoneGlobale","All_modes","27"
"2020-03-22","Kimbanseke","Police","3h","Destination_Zone_Resident","Destination_Zone_Worker","ZoneGlobale","All_modes","27"
"2020-03-22","Kimbanseke","Police","3h","Study_Zone_Resident","Study_Zone_Worker","ZoneGlobale","All_modes","27"
"2020-03-22","Kimbanseke","Selembao","1h","Destination_Zone_Resident","Study_Zone_Worker","ZoneGlobale","All_modes","27"
"2020-03-22","Kimbanseke","Selembao","3h","Outside_Resident","Destination_Zone_Worker","ZoneGlobale","All_modes","40"
"2020-03-22","Kimbanseke","Selembao","3h","Destination_Zone_Resident","Destination_Zone_Worker","ZoneGlobale","All_modes","68"
"2020-03-22","Kimbanseke","Selembao","3h","Destination_Zone_Resident","Study_Zone_Worker","ZoneGlobale","All_modes","27"
"2020-03-22","Kimbanseke","Selembao","3h","Study_Zone_Resident","Study_Zone_Worker","ZoneGlobale","All_modes","27"
"2020-03-22","Kimbanseke","Sona-Bata","1h","Destination_Zone_Resident","Destination_Zone_Worker","ZoneGlobale","All_modes","27"
"2020-03-22","Kimbanseke","Sona-Bata","1h","Study_Zone_Resident","Study_Zone_Worker","ZoneGlobale","All_modes","27"
"2020-03-22","Kimbanseke","Sona-Bata","3h","Outside_Resident","Outside_Worker","ZoneGlobale","All_modes","40"
"2020-03-22","Kimbanseke","Sona-Bata","3h","Study_Zone_Resident","Origin_Zone_Worker","ZoneGlobale","All_modes","27"
"2020-03-22","Kimbanseke","Sona-Bata","3h","Origin_Zone_Resident","Origin_Zone_Worker","ZoneGlobale","All_modes","122"
"2020-03-22","Kimpangu","Kimpese","1h","Destination_Zone_Resident","Destination_Zone_Worker","ZoneGlobale","All_modes","40"
"2020-03-22","Kimpangu","Kimpese","1h","Origin_Zone_Resident","Origin_Zone_Worker","ZoneGlobale","All_modes","81"
"2020-03-22","Kimpangu","Kimpese","3h","Outside_Resident","Outside_Worker","ZoneGlobale","All_modes","95"
"2020-03-22","Kimpangu","Kimpese","3h","Destination_Zone_Resident","Destination_Zone_Worker","ZoneGlobale","All_modes","68"
"2020-03-22","Kimpangu","Kimpese","3h","Destination_Zone_Resident","Origin_Zone_Worker","ZoneGlobale","All_modes","40"
"2020-03-22","Kimpangu","Kimpese","3h","Origin_Zone_Resident","Outside_Worker","ZoneGlobale","All_modes","27"
"2020-03-22","Kimpangu","Kimpese","3h","Origin_Zone_Resident","Origin_Zone_Worker","ZoneGlobale","All_modes","68"
"2020-03-22","Kimpangu","Kwilu-Ngongo","3h","Outside_Resident","Outside_Worker","ZoneGlobale","All_modes","27"
"2020-03-22","Kimpese","Binza Meteo","3h","Outside_Resident","Study_Zone_Worker","ZoneGlobale","All_modes","27"
"2020-03-22","Kimpese","Boko-Kivulu","1h","Destination_Zone_Resident","Destination_Zone_Worker","ZoneGlobale","All_modes","27"
"2020-03-22","Kimpese","Boko-Kivulu","1h","Study_Zone_Resident","Study_Zone_Worker","ZoneGlobale","All_modes","40"
"2020-03-22","Kimpese","Boko-Kivulu","3h","Outside_Resident","Outside_Worker","ZoneGlobale","All_modes","451"
"2020-03-22","Kimpese","Boko-Kivulu","3h","Destination_Zone_Resident","Destination_Zone_Worker","ZoneGlobale","All_modes","54"
"2020-03-22","Kimpese","Boko-Kivulu","3h","Study_Zone_Resident","Study_Zone_Worker","ZoneGlobale","All_modes","40"
"2020-03-22","Kimpese","Boma","1h","Study_Zone_Resident","Study_Zone_Worker","ZoneGlobale","All_modes","27"
"2020-03-22","Kimpese","Kimpangu","1h","Origin_Zone_Resident","Origin_Zone_Worker","ZoneGlobale","All_modes","27"
"2020-03-22","Kimpese","Kimpangu","3h","Outside_Resident","Outside_Worker","ZoneGlobale","All_modes","68"
"2020-03-22","Kimpese","Kimpangu","3h","Outside_Resident","Origin_Zone_Worker","ZoneGlobale","All_modes","27"
"2020-03-22","Kimpese","Kimpangu","3h","Destination_Zone_Resident","Outside_Worker","ZoneGlobale","All_modes","27"
"2020-03-22","Kimpese","Kimpangu","3h","Destination_Zone_Resident","Destination_Zone_Worker","ZoneGlobale","All_modes","27"
"2020-03-22","Kimpese","Kimpangu","3h","Origin_Zone_Resident","Origin_Zone_Worker","ZoneGlobale","All_modes","109"
"2020-03-22","Kimpese","Kingabwa","3h","Study_Zone_Resident","Study_Zone_Worker","ZoneGlobale","All_modes","27"
"2020-03-22","Kimpese","Kisantu","1h","Study_Zone_Resident","Study_Zone_Worker","ZoneGlobale","All_modes","356"
"2020-03-22","Kimpese","Kisantu","3h","Outside_Resident","Outside_Worker","ZoneGlobale","All_modes","68"
"2020-03-22","Kimpese","Kwilu-Ngongo","1h","Outside_Resident","Outside_Worker","ZoneGlobale","All_modes","207"
"2020-03-22","Kimpese","Kwilu-Ngongo","1h","Destination_Zone_Resident","Outside_Worker","ZoneGlobale","All_modes","27"
"2020-03-22","Kimpese","Kwilu-Ngongo","1h","Destination_Zone_Resident","Destination_Zone_Worker","ZoneGlobale","All_modes","449"
"2020-03-22","Kimpese","Kwilu-Ngongo","1h","Destination_Zone_Resident","Study_Zone_Worker","ZoneGlobale","All_modes","44"
"2020-03-22","Kimpese","Kwilu-Ngongo","1h","Destination_Zone_Resident","Origin_Zone_Worker","ZoneGlobale","All_modes","95"
"2020-03-22","Kimpese","Kwilu-Ngongo","1h","Study_Zone_Resident","Study_Zone_Worker","ZoneGlobale","All_modes","218"
"2020-03-22","Kimpese","Kwilu-Ngongo","1h","Origin_Zone_Resident","Origin_Zone_Worker","ZoneGlobale","All_modes","122"
"2020-03-22","Kimpese","Kwilu-Ngongo","3h","Outside_Resident","Outside_Worker","ZoneGlobale","All_modes","384"
"2020-03-22","Kimpese","Kwilu-Ngongo","3h","Outside_Resident","Destination_Zone_Worker","ZoneGlobale","All_modes","84"
"2020-03-22","Kimpese","Kwilu-Ngongo","3h","Outside_Resident","Origin_Zone_Worker","ZoneGlobale","All_modes","40"
"2020-03-22","Kimpese","Kwilu-Ngongo","3h","Destination_Zone_Resident","Outside_Worker","ZoneGlobale","All_modes","54"
"2020-03-22","Kimpese","Kwilu-Ngongo","3h","Destination_Zone_Resident","Destination_Zone_Worker","ZoneGlobale","All_modes","783"
"2020-03-22","Kimpese","Kwilu-Ngongo","3h","Destination_Zone_Resident","Study_Zone_Worker","ZoneGlobale","All_modes","27"
"2020-03-22","Kimpese","Kwilu-Ngongo","3h","Destination_Zone_Resident","Origin_Zone_Worker","ZoneGlobale","All_modes","302"
"2020-03-22","Kimpese","Kwilu-Ngongo","3h","Study_Zone_Resident","Study_Zone_Worker","ZoneGlobale","All_modes","163"
"2020-03-22","Kimpese","Kwilu-Ngongo","3h","Study_Zone_Resident","Origin_Zone_Worker","ZoneGlobale","All_modes","71"
"2020-03-22","Kimpese","Kwilu-Ngongo","3h","Origin_Zone_Resident","Destination_Zone_Worker","ZoneGlobale","All_modes","81"
"2020-03-22","Kimpese","Kwilu-Ngongo","3h","Origin_Zone_Resident","Origin_Zone_Worker","ZoneGlobale","All_modes","618"
"2020-03-22","Kimpese","Luozi","1h","Outside_Resident","Outside_Worker","ZoneGlobale","All_modes","122"
"2020-03-22","Kimpese","Luozi","1h","Destination_Zone_Resident","Destination_Zone_Worker","ZoneGlobale","All_modes","95"
"2020-03-22","Kimpese","Luozi","1h","Study_Zone_Resident","Study_Zone_Worker","ZoneGlobale","All_modes","27"
"2020-03-22","Kimpese","Luozi","1h","Origin_Zone_Resident","Destination_Zone_Worker","ZoneGlobale","All_modes","27"
"2020-03-22","Kimpese","Luozi","1h","Origin_Zone_Resident","Origin_Zone_Worker","ZoneGlobale","All_modes","27"
"2020-03-22","Kimpese","Luozi","3h","Outside_Resident","Outside_Worker","ZoneGlobale","All_modes","258"
"2020-03-22","Kimpese","Luozi","3h","Outside_Resident","Destination_Zone_Worker","ZoneGlobale","All_modes","54"
"2020-03-22","Kimpese","Luozi","3h","Outside_Resident","Origin_Zone_Worker","ZoneGlobale","All_modes","40"
"2020-03-22","Kimpese","Luozi","3h","Destination_Zone_Resident","Outside_Worker","ZoneGlobale","All_modes","40"
"2020-03-22","Kimpese","Luozi","3h","Destination_Zone_Resident","Destination_Zone_Worker","ZoneGlobale","All_modes","272"
"2020-03-22","Kimpese","Luozi","3h","Destination_Zone_Resident","Origin_Zone_Worker","ZoneGlobale","All_modes","27"
"2020-03-22","Kimpese","Luozi","3h","Study_Zone_Resident","Study_Zone_Worker","ZoneGlobale","All_modes","40"
"2020-03-22","Kimpese","Luozi","3h","Origin_Zone_Resident","Destination_Zone_Worker","ZoneGlobale","All_modes","81"
"2020-03-22","Kimpese","Luozi","3h","Origin_Zone_Resident","Origin_Zone_Worker","ZoneGlobale","All_modes","190"
"2020-03-22","Kimpese","Mangembo","1h","Outside_Resident","Outside_Worker","ZoneGlobale","All_modes","40"
"2020-03-22","Kimpese","Mangembo","3h","Outside_Resident","Outside_Worker","ZoneGlobale","All_modes","190"
"2020-03-22","Kimpese","Mangembo","3h","Outside_Resident","Origin_Zone_Worker","ZoneGlobale","All_modes","68"
"2020-03-22","Kimpese","Mangembo","3h","Destination_Zone_Resident","Study_Zone_Worker","ZoneGlobale","All_modes","27"
"2020-03-22","Kimpese","Mangembo","3h","Destination_Zone_Resident","Origin_Zone_Worker","ZoneGlobale","All_modes","27"
"2020-03-22","Kimpese","Mangembo","3h","Study_Zone_Resident","Study_Zone_Worker","ZoneGlobale","All_modes","190"
"2020-03-22","Kimpese","Mangembo","3h","Origin_Zone_Resident","Study_Zone_Worker","ZoneGlobale","All_modes","27"
"2020-03-22","Kimpese","Mangembo","3h","Origin_Zone_Resident","Origin_Zone_Worker","ZoneGlobale","All_modes","95"
"2020-03-22","Kimpese","Masa","3h","Outside_Resident","Outside_Worker","ZoneGlobale","All_modes","27"
"2020-03-22","Kimpese","Masa","3h","Study_Zone_Resident","Study_Zone_Worker","ZoneGlobale","All_modes","27"
"2020-03-22","Kimpese","Matadi","1h","Destination_Zone_Resident","Destination_Zone_Worker","ZoneGlobale","All_modes","40"
"2020-03-22","Kimpese","Matadi","1h","Study_Zone_Resident","Study_Zone_Worker","ZoneGlobale","All_modes","44"
"2020-03-22","Kimpese","Matadi","3h","Outside_Resident","Outside_Worker","ZoneGlobale","All_modes","71"
"2020-03-22","Kimpese","Matadi","3h","Study_Zone_Resident","Study_Zone_Worker","ZoneGlobale","All_modes","71"
"2020-03-22","Kimpese","Mbanza-Ngungu","1h","Outside_Resident","Outside_Worker","ZoneGlobale","All_modes","27"
"2020-03-22","Kimpese","Mbanza-Ngungu","3h","Outside_Resident","Outside_Worker","ZoneGlobale","All_modes","68"
"2020-03-22","Kimpese","Mbanza-Ngungu","3h","Destination_Zone_Resident","Destination_Zone_Worker","ZoneGlobale","All_modes","54"
"2020-03-22","Kimpese","Mbanza-Ngungu","3h","Study_Zone_Resident","Study_Zone_Worker","ZoneGlobale","All_modes","27"
"2020-03-22","Kimpese","Mont Ngafula II","3h","Outside_Resident","Outside_Worker","ZoneGlobale","All_modes","27"
"2020-03-22","Kimpese","Nsona-Mpangu","1h","Outside_Resident","Outside_Worker","ZoneGlobale","All_modes","27"
"2020-03-22","Kimpese","Nsona-Mpangu","1h","Destination_Zone_Resident","Destination_Zone_Worker","ZoneGlobale","All_modes","40"
"2020-03-22","Kimpese","Nsona-Mpangu","1h","Study_Zone_Resident","Study_Zone_Worker","ZoneGlobale","All_modes","84"
"2020-03-22","Kimpese","Nsona-Mpangu","1h","Origin_Zone_Resident","Origin_Zone_Worker","ZoneGlobale","All_modes","54"
"2020-03-22","Kimpese","Nsona-Mpangu","3h","Outside_Resident","Outside_Worker","ZoneGlobale","All_modes","122"
"2020-03-22","Kimpese","Nsona-Mpangu","3h","Outside_Resident","Study_Zone_Worker","ZoneGlobale","All_modes","27"
"2020-03-22","Kimpese","Nsona-Mpangu","3h","Outside_Resident","Origin_Zone_Worker","ZoneGlobale","All_modes","27"
"2020-03-22","Kimpese","Nsona-Mpangu","3h","Destination_Zone_Resident","Destination_Zone_Worker","ZoneGlobale","All_modes","27"
"2020-03-22","Kimpese","Nsona-Mpangu","3h","Study_Zone_Resident","Study_Zone_Worker","ZoneGlobale","All_modes","27"
"2020-03-22","Kimpese","Nsona-Mpangu","3h","Origin_Zone_Resident","Origin_Zone_Worker","ZoneGlobale","All_modes","153"
"2020-03-22","Kinda","Baka","1h","Outside_Resident","Outside_Worker","ZoneGlobale","All_modes","35"
"2020-03-22","Kinda","Baka","1h","Destination_Zone_Resident","Destination_Zone_Worker","ZoneGlobale","All_modes","35"
"2020-03-22","Kinda","Baka","1h","Study_Zone_Resident","Study_Zone_Worker","ZoneGlobale","All_modes","35"
"2020-03-22","Kinda","Baka","3h","Outside_Resident","Outside_Worker","ZoneGlobale","All_modes","106"
"2020-03-22","Kinda","Baka","3h","Outside_Resident","Destination_Zone_Worker","ZoneGlobale","All_modes","35"
"2020-03-22","Kinda","Baka","3h","Destination_Zone_Resident","Destination_Zone_Worker","ZoneGlobale","All_modes","141"
"2020-03-22","Kinda","Baka","3h","Destination_Zone_Resident","Origin_Zone_Worker","ZoneGlobale","All_modes","35"
"2020-03-22","Kinda","Baka","3h","Study_Zone_Resident","Study_Zone_Worker","ZoneGlobale","All_modes","106"
"2020-03-22","Kinda","Baka","3h","Study_Zone_Resident","Origin_Zone_Worker","ZoneGlobale","All_modes","35"
"2020-03-22","Kinda","Baka","3h","Origin_Zone_Resident","Origin_Zone_Worker","ZoneGlobale","All_modes","177"
"2020-03-22","Kinda","Bukama","1h","Outside_Resident","Outside_Worker","ZoneGlobale","All_modes","49"
"2020-03-22","Kinda","Bukama","3h","Outside_Resident","Outside_Worker","ZoneGlobale","All_modes","49"
"2020-03-22","Kinda","Bukama","3h","Destination_Zone_Resident","Destination_Zone_Worker","ZoneGlobale","All_modes","35"
"2020-03-22","Kinda","Kabondo Dianda","3h","Destination_Zone_Resident","Study_Zone_Worker","ZoneGlobale","All_modes","35"
"2020-03-22","Kinda","Kabondo Dianda","3h","Study_Zone_Resident","Study_Zone_Worker","ZoneGlobale","All_modes","35"
"2020-03-22","Kinda","Kamina","1h","Outside_Resident","Outside_Worker","ZoneGlobale","All_modes","106"
"2020-03-22","Kinda","Kamina","1h","Outside_Resident","Destination_Zone_Worker","ZoneGlobale","All_modes","35"
"2020-03-22","Kinda","Kamina","1h","Destination_Zone_Resident","Destination_Zone_Worker","ZoneGlobale","All_modes","70"
"2020-03-22","Kinda","Kamina","1h","Destination_Zone_Resident","Origin_Zone_Worker","ZoneGlobale","All_modes","35"
"2020-03-22","Kinda","Kamina","1h","Study_Zone_Resident","Study_Zone_Worker","ZoneGlobale","All_modes","35"
"2020-03-22","Kinda","Kamina","1h","Origin_Zone_Resident","Origin_Zone_Worker","ZoneGlobale","All_modes","35"
"2020-03-22","Kinda","Kamina","3h","Outside_Resident","Outside_Worker","ZoneGlobale","All_modes","212"
"2020-03-22","Kinda","Kamina","3h","Outside_Resident","Destination_Zone_Worker","ZoneGlobale","All_modes","141"
"2020-03-22","Kinda","Kamina","3h","Outside_Resident","Origin_Zone_Worker","ZoneGlobale","All_modes","248"
"2020-03-22","Kinda","Kamina","3h","Destination_Zone_Resident","Outside_Worker","ZoneGlobale","All_modes","35"
"2020-03-22","Kinda","Kamina","3h","Destination_Zone_Resident","Destination_Zone_Worker","ZoneGlobale","All_modes","248"
"2020-03-22","Kinda","Kamina","3h","Destination_Zone_Resident","Origin_Zone_Worker","ZoneGlobale","All_modes","70"
"2020-03-22","Kinda","Kamina","3h","Study_Zone_Resident","Study_Zone_Worker","ZoneGlobale","All_modes","106"
"2020-03-22","Kinda","Kamina","3h","Origin_Zone_Resident","Destination_Zone_Worker","ZoneGlobale","All_modes","70"
"2020-03-22","Kinda","Kamina","3h","Origin_Zone_Resident","Origin_Zone_Worker","ZoneGlobale","All_modes","425"
"2020-03-22","Kinda","Lualaba","1h","Outside_Resident","Study_Zone_Worker","ZoneGlobale","All_modes","35"
"2020-03-22","Kinda","Lualaba","1h","Study_Zone_Resident","Study_Zone_Worker","ZoneGlobale","All_modes","35"
"2020-03-22","Kindu","Kalima","1h","Outside_Resident","Outside_Worker","ZoneGlobale","All_modes","361"
"2020-03-22","Kindu","Kalima","1h","Outside_Resident","Destination_Zone_Worker","ZoneGlobale","All_modes","362"
"2020-03-22","Kindu","Kalima","1h","Origin_Zone_Resident","Origin_Zone_Worker","ZoneGlobale","All_modes","361"
"2020-03-22","Kindu","Kalima","3h","Outside_Resident","Outside_Worker","ZoneGlobale","All_modes","361"
"2020-03-22","Kindu","Kalole","3h","Outside_Resident","Outside_Worker","ZoneGlobale","All_modes","361"
"2020-03-22","Kingabwa","Barumbu","1h","Destination_Zone_Resident","Destination_Zone_Worker","ZoneGlobale","All_modes","109"
"2020-03-22","Kingabwa","Barumbu","1h","Destination_Zone_Resident","Study_Zone_Worker","ZoneGlobale","All_modes","40"
"2020-03-22","Kingabwa","Barumbu","3h","Outside_Resident","Outside_Worker","ZoneGlobale","All_modes","122"
"2020-03-22","Kingabwa","Barumbu","3h","Outside_Resident","Study_Zone_Worker","ZoneGlobale","All_modes","27"
"2020-03-22","Kingabwa","Barumbu","3h","Outside_Resident","Origin_Zone_Worker","ZoneGlobale","All_modes","40"
"2020-03-22","Kingabwa","Barumbu","3h","Destination_Zone_Resident","Outside_Worker","ZoneGlobale","All_modes","27"
"2020-03-22","Kingabwa","Barumbu","3h","Destination_Zone_Resident","Destination_Zone_Worker","ZoneGlobale","All_modes","273"
"2020-03-22","Kingabwa","Barumbu","3h","Destination_Zone_Resident","Study_Zone_Worker","ZoneGlobale","All_modes","81"
"2020-03-22","Kingabwa","Barumbu","3h","Destination_Zone_Resident","Origin_Zone_Worker","ZoneGlobale","All_modes","27"
"2020-03-22","Kingabwa","Barumbu","3h","Study_Zone_Resident","Study_Zone_Worker","ZoneGlobale","All_modes","109"
"2020-03-22","Kingabwa","Barumbu","3h","Study_Zone_Resident","Origin_Zone_Worker","ZoneGlobale","All_modes","27"
"2020-03-22","Kingabwa","Barumbu","3h","Origin_Zone_Resident","Origin_Zone_Worker","ZoneGlobale","All_modes","40"
"2020-03-22","Kingabwa","Binza Meteo","3h","Outside_Resident","Outside_Worker","ZoneGlobale","All_modes","54"
"2020-03-22","Kingabwa","Binza Meteo","3h","Outside_Resident","Study_Zone_Worker","ZoneGlobale","All_modes","27"
"2020-03-22","Kingabwa","Binza Meteo","3h","Destination_Zone_Resident","Destination_Zone_Worker","ZoneGlobale","All_modes","68"
"2020-03-22","Kingabwa","Binza Meteo","3h","Destination_Zone_Resident","Origin_Zone_Worker","ZoneGlobale","All_modes","27"
"2020-03-22","Kingabwa","Binza Meteo","3h","Study_Zone_Resident","Study_Zone_Worker","ZoneGlobale","All_modes","95"
"2020-03-22","Kingabwa","Binza Ozone","1h","Destination_Zone_Resident","Destination_Zone_Worker","ZoneGlobale","All_modes","68"
"2020-03-22","Kingabwa","Binza Ozone","3h","Outside_Resident","Outside_Worker","ZoneGlobale","All_modes","27"
"2020-03-22","Kingabwa","Binza Ozone","3h","Destination_Zone_Resident","Destination_Zone_Worker","ZoneGlobale","All_modes","68"
"2020-03-22","Kingabwa","Bumbu","3h","Destination_Zone_Resident","Destination_Zone_Worker","ZoneGlobale","All_modes","40"
"2020-03-22","Kingabwa","Gombe","3h","Outside_Resident","Outside_Worker","ZoneGlobale","All_modes","364"
"2020-03-22","Kingabwa","Gombe","3h","Outside_Resident","Destination_Zone_Worker","ZoneGlobale","All_modes","40"
"2020-03-22","Kingabwa","Gombe","3h","Destination_Zone_Resident","Destination_Zone_Worker","ZoneGlobale","All_modes","27"
"2020-03-22","Kingabwa","Gombe","3h","Study_Zone_Resident","Study_Zone_Worker","ZoneGlobale","All_modes","27"
"2020-03-22","Kingabwa","Gombe","3h","Origin_Zone_Resident","Origin_Zone_Worker","ZoneGlobale","All_modes","40"
"2020-03-22","Kingabwa","Kalamu I","1h","Outside_Resident","Outside_Worker","ZoneGlobale","All_modes","27"
"2020-03-22","Kingabwa","Kalamu I","1h","Destination_Zone_Resident","Destination_Zone_Worker","ZoneGlobale","All_modes","40"
"2020-03-22","Kingabwa","Kalamu I","3h","Outside_Resident","Outside_Worker","ZoneGlobale","All_modes","95"
"2020-03-22","Kingabwa","Kalamu I","3h","Outside_Resident","Origin_Zone_Worker","ZoneGlobale","All_modes","40"
"2020-03-22","Kingabwa","Kalamu I","3h","Destination_Zone_Resident","Destination_Zone_Worker","ZoneGlobale","All_modes","95"
"2020-03-22","Kingabwa","Kalamu I","3h","Destination_Zone_Resident","Study_Zone_Worker","ZoneGlobale","All_modes","40"
"2020-03-22","Kingabwa","Kalamu I","3h","Destination_Zone_Resident","Origin_Zone_Worker","ZoneGlobale","All_modes","27"
"2020-03-22","Kingabwa","Kalamu II","1h","Outside_Resident","Outside_Worker","ZoneGlobale","All_modes","27"
"2020-03-22","Kingabwa","Kalamu II","1h","Destination_Zone_Resident","Destination_Zone_Worker","ZoneGlobale","All_modes","27"
"2020-03-22","Kingabwa","Kalamu II","1h","Destination_Zone_Resident","Study_Zone_Worker","ZoneGlobale","All_modes","40"
"2020-03-22","Kingabwa","Kalamu II","1h","Study_Zone_Resident","Study_Zone_Worker","ZoneGlobale","All_modes","54"
"2020-03-22","Kingabwa","Kalamu II","3h","Outside_Resident","Outside_Worker","ZoneGlobale","All_modes","95"
"2020-03-22","Kingabwa","Kalamu II","3h","Outside_Resident","Destination_Zone_Worker","ZoneGlobale","All_modes","27"
"2020-03-22","Kingabwa","Kalamu II","3h","Outside_Resident","Origin_Zone_Worker","ZoneGlobale","All_modes","27"
"2020-03-22","Kingabwa","Kalamu II","3h","Destination_Zone_Resident","Destination_Zone_Worker","ZoneGlobale","All_modes","81"
"2020-03-22","Kingabwa","Kalamu II","3h","Destination_Zone_Resident","Study_Zone_Worker","ZoneGlobale","All_modes","68"
"2020-03-22","Kingabwa","Kalamu II","3h","Study_Zone_Resident","Study_Zone_Worker","ZoneGlobale","All_modes","54"
"2020-03-22","Kingabwa","Kalamu II","3h","Origin_Zone_Resident","Origin_Zone_Worker","ZoneGlobale","All_modes","27"
"2020-03-22","Kingabwa","Kasa-Vubu","1h","Outside_Resident","Outside_Worker","ZoneGlobale","All_modes","27"
"2020-03-22","Kingabwa","Kasa-Vubu","1h","Destination_Zone_Resident","Destination_Zone_Worker","ZoneGlobale","All_modes","27"
"2020-03-22","Kingabwa","Kasa-Vubu","1h","Study_Zone_Resident","Study_Zone_Worker","ZoneGlobale","All_modes","40"
"2020-03-22","Kingabwa","Kasa-Vubu","3h","Outside_Resident","Outside_Worker","ZoneGlobale","All_modes","40"
"2020-03-22","Kingabwa","Kasa-Vubu","3h","Destination_Zone_Resident","Destination_Zone_Worker","ZoneGlobale","All_modes","54"
"2020-03-22","Kingabwa","Kasa-Vubu","3h","Destination_Zone_Resident","Origin_Zone_Worker","ZoneGlobale","All_modes","27"
"2020-03-22","Kingabwa","Kasa-Vubu","3h","Study_Zone_Resident","Study_Zone_Worker","ZoneGlobale","All_modes","40"
"2020-03-22","Kingabwa","Kikimi","1h","Outside_Resident","Outside_Worker","ZoneGlobale","All_modes","40"
"2020-03-22","Kingabwa","Kikimi","1h","Destination_Zone_Resident","Destination_Zone_Worker","ZoneGlobale","All_modes","27"
"2020-03-22","Kingabwa","Kikimi","1h","Origin_Zone_Resident","Origin_Zone_Worker","ZoneGlobale","All_modes","27"
"2020-03-22","Kingabwa","Kikimi","3h","Outside_Resident","Outside_Worker","ZoneGlobale","All_modes","40"
"2020-03-22","Kingabwa","Kikimi","3h","Outside_Resident","Study_Zone_Worker","ZoneGlobale","All_modes","40"
"2020-03-22","Kingabwa","Kikimi","3h","Destination_Zone_Resident","Destination_Zone_Worker","ZoneGlobale","All_modes","40"
"2020-03-22","Kingabwa","Kikimi","3h","Destination_Zone_Resident","Study_Zone_Worker","ZoneGlobale","All_modes","40"
"2020-03-22","Kingabwa","Kikimi","3h","Origin_Zone_Resident","Origin_Zone_Worker","ZoneGlobale","All_modes","27"
"2020-03-22","Kingabwa","Kimbanseke","1h","Outside_Resident","Outside_Worker","ZoneGlobale","All_modes","315"
"2020-03-22","Kingabwa","Kimbanseke","1h","Destination_Zone_Resident","Destination_Zone_Worker","ZoneGlobale","All_modes","40"
"2020-03-22","Kingabwa","Kimbanseke","1h","Destination_Zone_Resident","Study_Zone_Worker","ZoneGlobale","All_modes","27"
"2020-03-22","Kingabwa","Kimbanseke","1h","Study_Zone_Resident","Study_Zone_Worker","ZoneGlobale","All_modes","27"
"2020-03-22","Kingabwa","Kimbanseke","3h","Outside_Resident","Outside_Worker","ZoneGlobale","All_modes","356"
"2020-03-22","Kingabwa","Kimbanseke","3h","Outside_Resident","Study_Zone_Worker","ZoneGlobale","All_modes","54"
"2020-03-22","Kingabwa","Kimbanseke","3h","Destination_Zone_Resident","Outside_Worker","ZoneGlobale","All_modes","27"
"2020-03-22","Kingabwa","Kimbanseke","3h","Destination_Zone_Resident","Destination_Zone_Worker","ZoneGlobale","All_modes","95"
"2020-03-22","Kingabwa","Kimbanseke","3h","Destination_Zone_Resident","Study_Zone_Worker","ZoneGlobale","All_modes","95"
"2020-03-22","Kingabwa","Kimbanseke","3h","Destination_Zone_Resident","Origin_Zone_Worker","ZoneGlobale","All_modes","68"
"2020-03-22","Kingabwa","Kimbanseke","3h","Study_Zone_Resident","Destination_Zone_Worker","ZoneGlobale","All_modes","27"
"2020-03-22","Kingabwa","Kimbanseke","3h","Study_Zone_Resident","Study_Zone_Worker","ZoneGlobale","All_modes","95"
"2020-03-22","Kingabwa","Kimbanseke","3h","Origin_Zone_Resident","Origin_Zone_Worker","ZoneGlobale","All_modes","27"
"2020-03-22","Kingabwa","Kinshasa","1h","Outside_Resident","Outside_Worker","ZoneGlobale","All_modes","40"
"2020-03-22","Kingabwa","Kinshasa","1h","Destination_Zone_Resident","Destination_Zone_Worker","ZoneGlobale","All_modes","95"
"2020-03-22","Kingabwa","Kinshasa","1h","Destination_Zone_Resident","Study_Zone_Worker","ZoneGlobale","All_modes","27"
"2020-03-22","Kingabwa","Kinshasa","1h","Study_Zone_Resident","Study_Zone_Worker","ZoneGlobale","All_modes","27"
"2020-03-22","Kingabwa","Kinshasa","3h","Outside_Resident","Outside_Worker","ZoneGlobale","All_modes","40"
"2020-03-22","Kingabwa","Kinshasa","3h","Destination_Zone_Resident","Destination_Zone_Worker","ZoneGlobale","All_modes","286"
"2020-03-22","Kingabwa","Kinshasa","3h","Destination_Zone_Resident","Study_Zone_Worker","ZoneGlobale","All_modes","81"
"2020-03-22","Kingabwa","Kinshasa","3h","Study_Zone_Resident","Study_Zone_Worker","ZoneGlobale","All_modes","68"
"2020-03-22","Kingabwa","Kinshasa","3h","Origin_Zone_Resident","Origin_Zone_Worker","ZoneGlobale","All_modes","27"
"2020-03-22","Kingabwa","Kintambo","3h","Destination_Zone_Resident","Destination_Zone_Worker","ZoneGlobale","All_modes","40"
"2020-03-22","Kingabwa","Kintambo","3h","Study_Zone_Resident","Study_Zone_Worker","ZoneGlobale","All_modes","27"
"2020-03-22","Kingabwa","Kisantu","3h","Outside_Resident","Outside_Worker","ZoneGlobale","All_modes","27"
"2020-03-22","Kingabwa","Kisenso","1h","Outside_Resident","Outside_Worker","ZoneGlobale","All_modes","27"
"2020-03-22","Kingabwa","Kisenso","1h","Destination_Zone_Resident","Outside_Worker","ZoneGlobale","All_modes","40"
"2020-03-22","Kingabwa","Kisenso","1h","Destination_Zone_Resident","Destination_Zone_Worker","ZoneGlobale","All_modes","163"
"2020-03-22","Kingabwa","Kisenso","1h","Destination_Zone_Resident","Study_Zone_Worker","ZoneGlobale","All_modes","40"
"2020-03-22","Kingabwa","Kisenso","1h","Study_Zone_Resident","Study_Zone_Worker","ZoneGlobale","All_modes","54"
"2020-03-22","Kingabwa","Kisenso","3h","Outside_Resident","Outside_Worker","ZoneGlobale","All_modes","163"
"2020-03-22","Kingabwa","Kisenso","3h","Outside_Resident","Destination_Zone_Worker","ZoneGlobale","All_modes","68"
"2020-03-22","Kingabwa","Kisenso","3h","Outside_Resident","Study_Zone_Worker","ZoneGlobale","All_modes","40"
"2020-03-22","Kingabwa","Kisenso","3h","Outside_Resident","Origin_Zone_Worker","ZoneGlobale","All_modes","27"
"2020-03-22","Kingabwa","Kisenso","3h","Destination_Zone_Resident","Outside_Worker","ZoneGlobale","All_modes","68"
"2020-03-22","Kingabwa","Kisenso","3h","Destination_Zone_Resident","Destination_Zone_Worker","ZoneGlobale","All_modes","273"
"2020-03-22","Kingabwa","Kisenso","3h","Destination_Zone_Resident","Study_Zone_Worker","ZoneGlobale","All_modes","109"
"2020-03-22","Kingabwa","Kisenso","3h","Destination_Zone_Resident","Origin_Zone_Worker","ZoneGlobale","All_modes","54"
"2020-03-22","Kingabwa","Kisenso","3h","Study_Zone_Resident","Outside_Worker","ZoneGlobale","All_modes","27"
"2020-03-22","Kingabwa","Kisenso","3h","Study_Zone_Resident","Study_Zone_Worker","ZoneGlobale","All_modes","109"
"2020-03-22","Kingabwa","Kokolo","1h","Outside_Resident","Outside_Worker","ZoneGlobale","All_modes","27"
"2020-03-22","Kingabwa","Kokolo","1h","Outside_Resident","Study_Zone_Worker","ZoneGlobale","All_modes","27"
"2020-03-22","Kingabwa","Kokolo","1h","Destination_Zone_Resident","Destination_Zone_Worker","ZoneGlobale","All_modes","40"
"2020-03-22","Kingabwa","Kokolo","1h","Study_Zone_Resident","Study_Zone_Worker","ZoneGlobale","All_modes","27"
"2020-03-22","Kingabwa","Kokolo","3h","Outside_Resident","Outside_Worker","ZoneGlobale","All_modes","40"
"2020-03-22","Kingabwa","Kokolo","3h","Destination_Zone_Resident","Destination_Zone_Worker","ZoneGlobale","All_modes","81"
"2020-03-22","Kingabwa","Kokolo","3h","Study_Zone_Resident","Study_Zone_Worker","ZoneGlobale","All_modes","27"
"2020-03-22","Kingabwa","Lemba","1h","Outside_Resident","Outside_Worker","ZoneGlobale","All_modes","27"
"2020-03-22","Kingabwa","Lemba","1h","Destination_Zone_Resident","Destination_Zone_Worker","ZoneGlobale","All_modes","218"
"2020-03-22","Kingabwa","Lemba","1h","Destination_Zone_Resident","Study_Zone_Worker","ZoneGlobale","All_modes","54"
"2020-03-22","Kingabwa","Lemba","1h","Study_Zone_Resident","Study_Zone_Worker","ZoneGlobale","All_modes","68"
"2020-03-22","Kingabwa","Lemba","3h","Outside_Resident","Outside_Worker","ZoneGlobale","All_modes","122"
"2020-03-22","Kingabwa","Lemba","3h","Outside_Resident","Destination_Zone_Worker","ZoneGlobale","All_modes","54"
"2020-03-22","Kingabwa","Lemba","3h","Outside_Resident","Study_Zone_Worker","ZoneGlobale","All_modes","81"
"2020-03-22","Kingabwa","Lemba","3h","Outside_Resident","Origin_Zone_Worker","ZoneGlobale","All_modes","40"
"2020-03-22","Kingabwa","Lemba","3h","Destination_Zone_Resident","Destination_Zone_Worker","ZoneGlobale","All_modes","409"
"2020-03-22","Kingabwa","Lemba","3h","Destination_Zone_Resident","Study_Zone_Worker","ZoneGlobale","All_modes","122"
"2020-03-22","Kingabwa","Lemba","3h","Destination_Zone_Resident","Origin_Zone_Worker","ZoneGlobale","All_modes","40"
"2020-03-22","Kingabwa","Lemba","3h","Study_Zone_Resident","Study_Zone_Worker","ZoneGlobale","All_modes","218"
"2020-03-22","Kingabwa","Lemba","3h","Study_Zone_Resident","Origin_Zone_Worker","ZoneGlobale","All_modes","40"
"2020-03-22","Kingabwa","Lemba","3h","Origin_Zone_Resident","Study_Zone_Worker","ZoneGlobale","All_modes","27"
"2020-03-22","Kingabwa","Lemba","3h","Origin_Zone_Resident","Origin_Zone_Worker","ZoneGlobale","All_modes","40"
"2020-03-22","Kingabwa","Limete","1h","Outside_Resident","Outside_Worker","ZoneGlobale","All_modes","122"
"2020-03-22","Kingabwa","Limete","1h","Destination_Zone_Resident","Destination_Zone_Worker","ZoneGlobale","All_modes","532"
"2020-03-22","Kingabwa","Limete","1h","Destination_Zone_Resident","Study_Zone_Worker","ZoneGlobale","All_modes","81"
"2020-03-22","Kingabwa","Limete","1h","Destination_Zone_Resident","Origin_Zone_Worker","ZoneGlobale","All_modes","95"
"2020-03-22","Kingabwa","Limete","1h","Study_Zone_Resident","Outside_Worker","ZoneGlobale","All_modes","27"
"2020-03-22","Kingabwa","Limete","1h","Study_Zone_Resident","Destination_Zone_Worker","ZoneGlobale","All_modes","27"
"2020-03-22","Kingabwa","Limete","1h","Study_Zone_Resident","Study_Zone_Worker","ZoneGlobale","All_modes","136"
"2020-03-22","Kingabwa","Limete","1h","Origin_Zone_Resident","Destination_Zone_Worker","ZoneGlobale","All_modes","68"
"2020-03-22","Kingabwa","Limete","1h","Origin_Zone_Resident","Origin_Zone_Worker","ZoneGlobale","All_modes","163"
"2020-03-22","Kingabwa","Limete","3h","Outside_Resident","Outside_Worker","ZoneGlobale","All_modes","595"
"2020-03-22","Kingabwa","Limete","3h","Outside_Resident","Destination_Zone_Worker","ZoneGlobale","All_modes","68"
"2020-03-22","Kingabwa","Limete","3h","Outside_Resident","Study_Zone_Worker","ZoneGlobale","All_modes","136"
"2020-03-22","Kingabwa","Limete","3h","Outside_Resident","Origin_Zone_Worker","ZoneGlobale","All_modes","95"
"2020-03-22","Kingabwa","Limete","3h","Destination_Zone_Resident","Outside_Worker","ZoneGlobale","All_modes","54"
"2020-03-22","Kingabwa","Limete","3h","Destination_Zone_Resident","Destination_Zone_Worker","ZoneGlobale","All_modes","901"
"2020-03-22","Kingabwa","Limete","3h","Destination_Zone_Resident","Study_Zone_Worker","ZoneGlobale","All_modes","218"
"2020-03-22","Kingabwa","Limete","3h","Destination_Zone_Resident","Origin_Zone_Worker","ZoneGlobale","All_modes","259"
"2020-03-22","Kingabwa","Limete","3h","Study_Zone_Resident","Study_Zone_Worker","ZoneGlobale","All_modes","399"
"2020-03-22","Kingabwa","Limete","3h","Origin_Zone_Resident","Outside_Worker","ZoneGlobale","All_modes","54"
"2020-03-22","Kingabwa","Limete","3h","Origin_Zone_Resident","Destination_Zone_Worker","ZoneGlobale","All_modes","136"
"2020-03-22","Kingabwa","Limete","3h","Origin_Zone_Resident","Origin_Zone_Worker","ZoneGlobale","All_modes","382"
"2020-03-22","Kingabwa","Makala","1h","Destination_Zone_Resident","Destination_Zone_Worker","ZoneGlobale","All_modes","27"
"2020-03-22","Kingabwa","Makala","1h","Study_Zone_Resident","Study_Zone_Worker","ZoneGlobale","All_modes","27"
"2020-03-22","Kingabwa","Makala","3h","Outside_Resident","Outside_Worker","ZoneGlobale","All_modes","81"
"2020-03-22","Kingabwa","Makala","3h","Destination_Zone_Resident","Destination_Zone_Worker","ZoneGlobale","All_modes","68"
"2020-03-22","Kingabwa","Makala","3h","Destination_Zone_Resident","Study_Zone_Worker","ZoneGlobale","All_modes","54"
"2020-03-22","Kingabwa","Makala","3h","Study_Zone_Resident","Study_Zone_Worker","ZoneGlobale","All_modes","27"
"2020-03-22","Kingabwa","Maluku I","1h","Study_Zone_Resident","Study_Zone_Worker","ZoneGlobale","All_modes","27"
"2020-03-22","Kingabwa","Maluku I","3h","Study_Zone_Resident","Study_Zone_Worker","ZoneGlobale","All_modes","54"
"2020-03-22","Kingabwa","Maluku I","3h","Origin_Zone_Resident","Origin_Zone_Worker","ZoneGlobale","All_modes","27"
"2020-03-22","Kingabwa","Masina I","1h","Outside_Resident","Outside_Worker","ZoneGlobale","All_modes","27"
"2020-03-22","Kingabwa","Masina I","1h","Destination_Zone_Resident","Destination_Zone_Worker","ZoneGlobale","All_modes","27"
"2020-03-22","Kingabwa","Masina I","3h","Outside_Resident","Outside_Worker","ZoneGlobale","All_modes","40"
"2020-03-22","Kingabwa","Masina I","3h","Destination_Zone_Resident","Destination_Zone_Worker","ZoneGlobale","All_modes","95"
"2020-03-22","Kingabwa","Masina I","3h","Study_Zone_Resident","Study_Zone_Worker","ZoneGlobale","All_modes","40"
"2020-03-22","Kingabwa","Masina II","1h","Outside_Resident","Outside_Worker","ZoneGlobale","All_modes","122"
"2020-03-22","Kingabwa","Masina II","1h","Outside_Resident","Destination_Zone_Worker","ZoneGlobale","All_modes","40"
"2020-03-22","Kingabwa","Masina II","1h","Outside_Resident","Study_Zone_Worker","ZoneGlobale","All_modes","68"
"2020-03-22","Kingabwa","Masina II","1h","Destination_Zone_Resident","Outside_Worker","ZoneGlobale","All_modes","383"
"2020-03-22","Kingabwa","Masina II","1h","Destination_Zone_Resident","Destination_Zone_Worker","ZoneGlobale","All_modes","409"
"2020-03-22","Kingabwa","Masina II","1h","Destination_Zone_Resident","Study_Zone_Worker","ZoneGlobale","All_modes","122"
"2020-03-22","Kingabwa","Masina II","1h","Destination_Zone_Resident","Origin_Zone_Worker","ZoneGlobale","All_modes","68"
"2020-03-22","Kingabwa","Masina II","1h","Origin_Zone_Resident","Destination_Zone_Worker","ZoneGlobale","All_modes","27"
"2020-03-22","Kingabwa","Masina II","1h","Origin_Zone_Resident","Study_Zone_Worker","ZoneGlobale","All_modes","27"
"2020-03-22","Kingabwa","Masina II","1h","Origin_Zone_Resident","Origin_Zone_Worker","ZoneGlobale","All_modes","109"
"2020-03-22","Kingabwa","Masina II","3h","Outside_Resident","Outside_Worker","ZoneGlobale","All_modes","464"
"2020-03-22","Kingabwa","Masina II","3h","Outside_Resident","Destination_Zone_Worker","ZoneGlobale","All_modes","109"
"2020-03-22","Kingabwa","Masina II","3h","Outside_Resident","Study_Zone_Worker","ZoneGlobale","All_modes","122"
"2020-03-22","Kingabwa","Masina II","3h","Outside_Resident","Origin_Zone_Worker","ZoneGlobale","All_modes","177"
"2020-03-22","Kingabwa","Masina II","3h","Destination_Zone_Resident","Outside_Worker","ZoneGlobale","All_modes","122"
"2020-03-22","Kingabwa","Masina II","3h","Destination_Zone_Resident","Destination_Zone_Worker","ZoneGlobale","All_modes","983"
"2020-03-22","Kingabwa","Masina II","3h","Destination_Zone_Resident","Study_Zone_Worker","ZoneGlobale","All_modes","245"
"2020-03-22","Kingabwa","Masina II","3h","Destination_Zone_Resident","Origin_Zone_Worker","ZoneGlobale","All_modes","232"
"2020-03-22","Kingabwa","Masina II","3h","Study_Zone_Resident","Outside_Worker","ZoneGlobale","All_modes","27"
"2020-03-22","Kingabwa","Masina II","3h","Study_Zone_Resident","Destination_Zone_Worker","ZoneGlobale","All_modes","40"
"2020-03-22","Kingabwa","Masina II","3h","Study_Zone_Resident","Study_Zone_Worker","ZoneGlobale","All_modes","81"
"2020-03-22","Kingabwa","Masina II","3h","Origin_Zone_Resident","Destination_Zone_Worker","ZoneGlobale","All_modes","27"
"2020-03-22","Kingabwa","Masina II","3h","Origin_Zone_Resident","Study_Zone_Worker","ZoneGlobale","All_modes","191"
"2020-03-22","Kingabwa","Masina II","3h","Origin_Zone_Resident","Origin_Zone_Worker","ZoneGlobale","All_modes","519"
"2020-03-22","Kingabwa","Matete","1h","Outside_Resident","Outside_Worker","ZoneGlobale","All_modes","109"
"2020-03-22","Kingabwa","Matete","1h","Destination_Zone_Resident","Outside_Worker","ZoneGlobale","All_modes","81"
"2020-03-22","Kingabwa","Matete","1h","Destination_Zone_Resident","Destination_Zone_Worker","ZoneGlobale","All_modes","368"
"2020-03-22","Kingabwa","Matete","1h","Destination_Zone_Resident","Study_Zone_Worker","ZoneGlobale","All_modes","68"
"2020-03-22","Kingabwa","Matete","1h","Destination_Zone_Resident","Origin_Zone_Worker","ZoneGlobale","All_modes","81"
"2020-03-22","Kingabwa","Matete","1h","Study_Zone_Resident","Study_Zone_Worker","ZoneGlobale","All_modes","109"
"2020-03-22","Kingabwa","Matete","1h","Study_Zone_Resident","Origin_Zone_Worker","ZoneGlobale","All_modes","40"
"2020-03-22","Kingabwa","Matete","1h","Origin_Zone_Resident","Origin_Zone_Worker","ZoneGlobale","All_modes","40"
"2020-03-22","Kingabwa","Matete","3h","Outside_Resident","Outside_Worker","ZoneGlobale","All_modes","327"
"2020-03-22","Kingabwa","Matete","3h","Outside_Resident","Destination_Zone_Worker","ZoneGlobale","All_modes","109"
"2020-03-22","Kingabwa","Matete","3h","Outside_Resident","Study_Zone_Worker","ZoneGlobale","All_modes","109"
"2020-03-22","Kingabwa","Matete","3h","Outside_Resident","Origin_Zone_Worker","ZoneGlobale","All_modes","27"
"2020-03-22","Kingabwa","Matete","3h","Destination_Zone_Resident","Outside_Worker","ZoneGlobale","All_modes","68"
"2020-03-22","Kingabwa","Matete","3h","Destination_Zone_Resident","Destination_Zone_Worker","ZoneGlobale","All_modes","806"
"2020-03-22","Kingabwa","Matete","3h","Destination_Zone_Resident","Study_Zone_Worker","ZoneGlobale","All_modes","150"
"2020-03-22","Kingabwa","Matete","3h","Destination_Zone_Resident","Origin_Zone_Worker","ZoneGlobale","All_modes","150"
"2020-03-22","Kingabwa","Matete","3h","Study_Zone_Resident","Outside_Worker","ZoneGlobale","All_modes","27"
"2020-03-22","Kingabwa","Matete","3h","Study_Zone_Resident","Destination_Zone_Worker","ZoneGlobale","All_modes","27"
"2020-03-22","Kingabwa","Matete","3h","Study_Zone_Resident","Study_Zone_Worker","ZoneGlobale","All_modes","177"
"2020-03-22","Kingabwa","Matete","3h","Study_Zone_Resident","Origin_Zone_Worker","ZoneGlobale","All_modes","27"
"2020-03-22","Kingabwa","Matete","3h","Origin_Zone_Resident","Outside_Worker","ZoneGlobale","All_modes","40"
"2020-03-22","Kingabwa","Matete","3h","Origin_Zone_Resident","Destination_Zone_Worker","ZoneGlobale","All_modes","122"
"2020-03-22","Kingabwa","Matete","3h","Origin_Zone_Resident","Study_Zone_Worker","ZoneGlobale","All_modes","40"
"2020-03-22","Kingabwa","Matete","3h","Origin_Zone_Resident","Origin_Zone_Worker","ZoneGlobale","All_modes","122"
"2020-03-22","Kingabwa","Mont Ngafula I","1h","Destination_Zone_Resident","Destination_Zone_Worker","ZoneGlobale","All_modes","27"
"2020-03-22","Kingabwa","Mont Ngafula I","3h","Destination_Zone_Resident","Destination_Zone_Worker","ZoneGlobale","All_modes","27"
"2020-03-22","Kingabwa","Mont Ngafula I","3h","Study_Zone_Resident","Study_Zone_Worker","ZoneGlobale","All_modes","27"
"2020-03-22","Kingabwa","Mont Ngafula II","1h","Destination_Zone_Resident","Study_Zone_Worker","ZoneGlobale","All_modes","54"
"2020-03-22","Kingabwa","Ndjili","1h","Outside_Resident","Outside_Worker","ZoneGlobale","All_modes","54"
"2020-03-22","Kingabwa","Ndjili","1h","Outside_Resident","Destination_Zone_Worker","ZoneGlobale","All_modes","47"
"2020-03-22","Kingabwa","Ndjili","1h","Destination_Zone_Resident","Destination_Zone_Worker","ZoneGlobale","All_modes","218"
"2020-03-22","Kingabwa","Ndjili","1h","Destination_Zone_Resident","Study_Zone_Worker","ZoneGlobale","All_modes","40"
"2020-03-22","Kingabwa","Ndjili","1h","Destination_Zone_Resident","Origin_Zone_Worker","ZoneGlobale","All_modes","54"
"2020-03-22","Kingabwa","Ndjili","1h","Study_Zone_Resident","Study_Zone_Worker","ZoneGlobale","All_modes","40"
"2020-03-22","Kingabwa","Ndjili","3h","Outside_Resident","Outside_Worker","ZoneGlobale","All_modes","136"
"2020-03-22","Kingabwa","Ndjili","3h","Outside_Resident","Destination_Zone_Worker","ZoneGlobale","All_modes","88"
"2020-03-22","Kingabwa","Ndjili","3h","Outside_Resident","Study_Zone_Worker","ZoneGlobale","All_modes","171"
"2020-03-22","Kingabwa","Ndjili","3h","Outside_Resident","Origin_Zone_Worker","ZoneGlobale","All_modes","54"
"2020-03-22","Kingabwa","Ndjili","3h","Destination_Zone_Resident","Destination_Zone_Worker","ZoneGlobale","All_modes","464"
"2020-03-22","Kingabwa","Ndjili","3h","Destination_Zone_Resident","Study_Zone_Worker","ZoneGlobale","All_modes","109"
"2020-03-22","Kingabwa","Ndjili","3h","Destination_Zone_Resident","Origin_Zone_Worker","ZoneGlobale","All_modes","95"
"2020-03-22","Kingabwa","Ndjili","3h","Study_Zone_Resident","Outside_Worker","ZoneGlobale","All_modes","27"
"2020-03-22","Kingabwa","Ndjili","3h","Study_Zone_Resident","Destination_Zone_Worker","ZoneGlobale","All_modes","27"
"2020-03-22","Kingabwa","Ndjili","3h","Study_Zone_Resident","Study_Zone_Worker","ZoneGlobale","All_modes","218"
"2020-03-22","Kingabwa","Ndjili","3h","Study_Zone_Resident","Origin_Zone_Worker","ZoneGlobale","All_modes","27"
"2020-03-22","Kingabwa","Ndjili","3h","Origin_Zone_Resident","Origin_Zone_Worker","ZoneGlobale","All_modes","27"
"2020-03-22","Kingabwa","Ngiri-Ngiri","1h","Destination_Zone_Resident","Destination_Zone_Worker","ZoneGlobale","All_modes","68"
"2020-03-22","Kingabwa","Ngiri-Ngiri","3h","Destination_Zone_Resident","Destination_Zone_Worker","ZoneGlobale","All_modes","68"
"2020-03-22","Kingabwa","Ngiri-Ngiri","3h","Destination_Zone_Resident","Study_Zone_Worker","ZoneGlobale","All_modes","40"
"2020-03-22","Kingabwa","Ngiri-Ngiri","3h","Study_Zone_Resident","Study_Zone_Worker","ZoneGlobale","All_modes","40"
"2020-03-22","Kingabwa","Ngiri-Ngiri","3h","Origin_Zone_Resident","Origin_Zone_Worker","ZoneGlobale","All_modes","27"
"2020-03-22","Kingabwa","Nsele","1h","Outside_Resident","Outside_Worker","ZoneGlobale","All_modes","81"
"2020-03-22","Kingabwa","Nsele","1h","Outside_Resident","Origin_Zone_Worker","ZoneGlobale","All_modes","40"
"2020-03-22","Kingabwa","Nsele","1h","Destination_Zone_Resident","Destination_Zone_Worker","ZoneGlobale","All_modes","150"
"2020-03-22","Kingabwa","Nsele","1h","Destination_Zone_Resident","Study_Zone_Worker","ZoneGlobale","All_modes","68"
"2020-03-22","Kingabwa","Nsele","1h","Destination_Zone_Resident","Origin_Zone_Worker","ZoneGlobale","All_modes","27"
"2020-03-22","Kingabwa","Nsele","1h","Study_Zone_Resident","Study_Zone_Worker","ZoneGlobale","All_modes","163"
"2020-03-22","Kingabwa","Nsele","1h","Origin_Zone_Resident","Destination_Zone_Worker","ZoneGlobale","All_modes","40"
"2020-03-22","Kingabwa","Nsele","1h","Origin_Zone_Resident","Study_Zone_Worker","ZoneGlobale","All_modes","68"
"2020-03-22","Kingabwa","Nsele","1h","Origin_Zone_Resident","Origin_Zone_Worker","ZoneGlobale","All_modes","136"
"2020-03-22","Kingabwa","Nsele","3h","Outside_Resident","Outside_Worker","ZoneGlobale","All_modes","286"
"2020-03-22","Kingabwa","Nsele","3h","Outside_Resident","Destination_Zone_Worker","ZoneGlobale","All_modes","27"
"2020-03-22","Kingabwa","Nsele","3h","Outside_Resident","Study_Zone_Worker","ZoneGlobale","All_modes","54"
"2020-03-22","Kingabwa","Nsele","3h","Outside_Resident","Origin_Zone_Worker","ZoneGlobale","All_modes","122"
"2020-03-22","Kingabwa","Nsele","3h","Destination_Zone_Resident","Destination_Zone_Worker","ZoneGlobale","All_modes","300"
"2020-03-22","Kingabwa","Nsele","3h","Destination_Zone_Resident","Study_Zone_Worker","ZoneGlobale","All_modes","109"
"2020-03-22","Kingabwa","Nsele","3h","Destination_Zone_Resident","Origin_Zone_Worker","ZoneGlobale","All_modes","95"
"2020-03-22","Kingabwa","Nsele","3h","Study_Zone_Resident","Destination_Zone_Worker","ZoneGlobale","All_modes","27"
"2020-03-22","Kingabwa","Nsele","3h","Study_Zone_Resident","Study_Zone_Worker","ZoneGlobale","All_modes","396"
"2020-03-22","Kingabwa","Nsele","3h","Study_Zone_Resident","Origin_Zone_Worker","ZoneGlobale","All_modes","95"
"2020-03-22","Kingabwa","Nsele","3h","Origin_Zone_Resident","Outside_Worker","ZoneGlobale","All_modes","27"
"2020-03-22","Kingabwa","Nsele","3h","Origin_Zone_Resident","Destination_Zone_Worker","ZoneGlobale","All_modes","40"
"2020-03-22","Kingabwa","Nsele","3h","Origin_Zone_Resident","Study_Zone_Worker","ZoneGlobale","All_modes","136"
"2020-03-22","Kingabwa","Nsele","3h","Origin_Zone_Resident","Origin_Zone_Worker","ZoneGlobale","All_modes","683"
"2020-03-22","Kingabwa","Police","1h","Destination_Zone_Resident","Destination_Zone_Worker","ZoneGlobale","All_modes","27"
"2020-03-22","Kingabwa","Police","3h","Outside_Resident","Study_Zone_Worker","ZoneGlobale","All_modes","40"
"2020-03-22","Kingabwa","Police","3h","Destination_Zone_Resident","Destination_Zone_Worker","ZoneGlobale","All_modes","54"
"2020-03-22","Kingabwa","Police","3h","Study_Zone_Resident","Study_Zone_Worker","ZoneGlobale","All_modes","27"
"2020-03-22","Kingabwa","Selembao","1h","Outside_Resident","Outside_Worker","ZoneGlobale","All_modes","40"
"2020-03-22","Kingabwa","Selembao","1h","Destination_Zone_Resident","Destination_Zone_Worker","ZoneGlobale","All_modes","27"
"2020-03-22","Kingabwa","Selembao","1h","Study_Zone_Resident","Study_Zone_Worker","ZoneGlobale","All_modes","27"
"2020-03-22","Kingabwa","Selembao","3h","Outside_Resident","Outside_Worker","ZoneGlobale","All_modes","40"
"2020-03-22","Kingabwa","Selembao","3h","Outside_Resident","Study_Zone_Worker","ZoneGlobale","All_modes","27"
"2020-03-22","Kingabwa","Selembao","3h","Destination_Zone_Resident","Destination_Zone_Worker","ZoneGlobale","All_modes","54"
"2020-03-22","Kingabwa","Selembao","3h","Study_Zone_Resident","Study_Zone_Worker","ZoneGlobale","All_modes","68"
"2020-03-22","Kingabwa","Sona-Bata","1h","Outside_Resident","Study_Zone_Worker","ZoneGlobale","All_modes","118"
"2020-03-22","Kingabwa","Sona-Bata","3h","Outside_Resident","Outside_Worker","ZoneGlobale","All_modes","40"
"2020-03-22","Kingabwa","Sona-Bata","3h","Outside_Resident","Study_Zone_Worker","ZoneGlobale","All_modes","118"
"2020-03-22","Kingabwa","Sona-Bata","3h","Study_Zone_Resident","Study_Zone_Worker","ZoneGlobale","All_modes","122"
"2020-03-22","Kingabwa","Sona-Bata","3h","Origin_Zone_Resident","Study_Zone_Worker","ZoneGlobale","All_modes","40"
"2020-03-22","Kingabwa","Sona-Bata","3h","Origin_Zone_Resident","Origin_Zone_Worker","ZoneGlobale","All_modes","40"
"2020-03-22","Kinkonzi","Vaku","1h","Destination_Zone_Resident","Destination_Zone_Worker","ZoneGlobale","All_modes","40"
"2020-03-22","Kinkonzi","Vaku","3h","Destination_Zone_Resident","Destination_Zone_Worker","ZoneGlobale","All_modes","54"
"2020-03-22","Kinshasa","Barumbu","1h","Outside_Resident","Outside_Worker","ZoneGlobale","All_modes","341"
"2020-03-22","Kinshasa","Barumbu","1h","Outside_Resident","Destination_Zone_Worker","ZoneGlobale","All_modes","27"
"2020-03-22","Kinshasa","Barumbu","1h","Outside_Resident","Origin_Zone_Worker","ZoneGlobale","All_modes","54"
"2020-03-22","Kinshasa","Barumbu","1h","Destination_Zone_Resident","Outside_Worker","ZoneGlobale","All_modes","40"
"2020-03-22","Kinshasa","Barumbu","1h","Destination_Zone_Resident","Destination_Zone_Worker","ZoneGlobale","All_modes","724"
"2020-03-22","Kinshasa","Barumbu","1h","Destination_Zone_Resident","Study_Zone_Worker","ZoneGlobale","All_modes","177"
"2020-03-22","Kinshasa","Barumbu","1h","Destination_Zone_Resident","Origin_Zone_Worker","ZoneGlobale","All_modes","218"
"2020-03-22","Kinshasa","Barumbu","1h","Study_Zone_Resident","Destination_Zone_Worker","ZoneGlobale","All_modes","27"
"2020-03-22","Kinshasa","Barumbu","1h","Study_Zone_Resident","Study_Zone_Worker","ZoneGlobale","All_modes","95"
"2020-03-22","Kinshasa","Barumbu","1h","Origin_Zone_Resident","Destination_Zone_Worker","ZoneGlobale","All_modes","150"
"2020-03-22","Kinshasa","Barumbu","1h","Origin_Zone_Resident","Study_Zone_Worker","ZoneGlobale","All_modes","68"
"2020-03-22","Kinshasa","Barumbu","1h","Origin_Zone_Resident","Origin_Zone_Worker","ZoneGlobale","All_modes","341"
"2020-03-22","Kinshasa","Barumbu","3h","Outside_Resident","Outside_Worker","ZoneGlobale","All_modes","724"
"2020-03-22","Kinshasa","Barumbu","3h","Outside_Resident","Destination_Zone_Worker","ZoneGlobale","All_modes","150"
"2020-03-22","Kinshasa","Barumbu","3h","Outside_Resident","Study_Zone_Worker","ZoneGlobale","All_modes","88"
"2020-03-22","Kinshasa","Barumbu","3h","Outside_Resident","Origin_Zone_Worker","ZoneGlobale","All_modes","335"
"2020-03-22","Kinshasa","Barumbu","3h","Destination_Zone_Resident","Outside_Worker","ZoneGlobale","All_modes","68"
"2020-03-22","Kinshasa","Barumbu","3h","Destination_Zone_Resident","Destination_Zone_Worker","ZoneGlobale","All_modes","1394"
"2020-03-22","Kinshasa","Barumbu","3h","Destination_Zone_Resident","Study_Zone_Worker","ZoneGlobale","All_modes","341"
"2020-03-22","Kinshasa","Barumbu","3h","Destination_Zone_Resident","Origin_Zone_Worker","ZoneGlobale","All_modes","546"
"2020-03-22","Kinshasa","Barumbu","3h","Study_Zone_Resident","Outside_Worker","ZoneGlobale","All_modes","54"
"2020-03-22","Kinshasa","Barumbu","3h","Study_Zone_Resident","Study_Zone_Worker","ZoneGlobale","All_modes","150"
"2020-03-22","Kinshasa","Barumbu","3h","Study_Zone_Resident","Origin_Zone_Worker","ZoneGlobale","All_modes","54"
"2020-03-22","Kinshasa","Barumbu","3h","Origin_Zone_Resident","Outside_Worker","ZoneGlobale","All_modes","40"
"2020-03-22","Kinshasa","Barumbu","3h","Origin_Zone_Resident","Destination_Zone_Worker","ZoneGlobale","All_modes","314"
"2020-03-22","Kinshasa","Barumbu","3h","Origin_Zone_Resident","Study_Zone_Worker","ZoneGlobale","All_modes","163"
"2020-03-22","Kinshasa","Barumbu","3h","Origin_Zone_Resident","Origin_Zone_Worker","ZoneGlobale","All_modes","1401"
"2020-03-22","Kinshasa","Binza Meteo","1h","Destination_Zone_Resident","Destination_Zone_Worker","ZoneGlobale","All_modes","95"
"2020-03-22","Kinshasa","Binza Meteo","1h","Destination_Zone_Resident","Study_Zone_Worker","ZoneGlobale","All_modes","27"
"2020-03-22","Kinshasa","Binza Meteo","1h","Study_Zone_Resident","Origin_Zone_Worker","ZoneGlobale","All_modes","27"
"2020-03-22","Kinshasa","Binza Meteo","1h","Origin_Zone_Resident","Outside_Worker","ZoneGlobale","All_modes","90"
"2020-03-22","Kinshasa","Binza Meteo","3h","Outside_Resident","Outside_Worker","ZoneGlobale","All_modes","40"
"2020-03-22","Kinshasa","Binza Meteo","3h","Outside_Resident","Destination_Zone_Worker","ZoneGlobale","All_modes","27"
"2020-03-22","Kinshasa","Binza Meteo","3h","Outside_Resident","Study_Zone_Worker","ZoneGlobale","All_modes","81"
"2020-03-22","Kinshasa","Binza Meteo","3h","Destination_Zone_Resident","Destination_Zone_Worker","ZoneGlobale","All_modes","163"
"2020-03-22","Kinshasa","Binza Meteo","3h","Destination_Zone_Resident","Study_Zone_Worker","ZoneGlobale","All_modes","68"
"2020-03-22","Kinshasa","Binza Meteo","3h","Destination_Zone_Resident","Origin_Zone_Worker","ZoneGlobale","All_modes","54"
"2020-03-22","Kinshasa","Binza Meteo","3h","Study_Zone_Resident","Study_Zone_Worker","ZoneGlobale","All_modes","81"
"2020-03-22","Kinshasa","Binza Meteo","3h","Study_Zone_Resident","Origin_Zone_Worker","ZoneGlobale","All_modes","27"
"2020-03-22","Kinshasa","Binza Meteo","3h","Origin_Zone_Resident","Origin_Zone_Worker","ZoneGlobale","All_modes","40"
"2020-03-22","Kinshasa","Binza Ozone","3h","Outside_Resident","Outside_Worker","ZoneGlobale","All_modes","40"
"2020-03-22","Kinshasa","Binza Ozone","3h","Destination_Zone_Resident","Destination_Zone_Worker","ZoneGlobale","All_modes","27"
"2020-03-22","Kinshasa","Binza Ozone","3h","Destination_Zone_Resident","Study_Zone_Worker","ZoneGlobale","All_modes","27"
"2020-03-22","Kinshasa","Binza Ozone","3h","Destination_Zone_Resident","Origin_Zone_Worker","ZoneGlobale","All_modes","54"
"2020-03-22","Kinshasa","Bumbu","1h","Destination_Zone_Resident","Destination_Zone_Worker","ZoneGlobale","All_modes","40"
"2020-03-22","Kinshasa","Bumbu","3h","Outside_Resident","Outside_Worker","ZoneGlobale","All_modes","81"
"2020-03-22","Kinshasa","Bumbu","3h","Destination_Zone_Resident","Destination_Zone_Worker","ZoneGlobale","All_modes","109"
"2020-03-22","Kinshasa","Bumbu","3h","Destination_Zone_Resident","Origin_Zone_Worker","ZoneGlobale","All_modes","40"
"2020-03-22","Kinshasa","Bumbu","3h","Study_Zone_Resident","Study_Zone_Worker","ZoneGlobale","All_modes","27"
"2020-03-22","Kinshasa","Bumbu","3h","Study_Zone_Resident","Origin_Zone_Worker","ZoneGlobale","All_modes","40"
"2020-03-22","Kinshasa","Gombe","1h","Outside_Resident","Outside_Worker","ZoneGlobale","All_modes","49"
"2020-03-22","Kinshasa","Gombe","1h","Destination_Zone_Resident","Destination_Zone_Worker","ZoneGlobale","All_modes","136"
"2020-03-22","Kinshasa","Gombe","1h","Destination_Zone_Resident","Study_Zone_Worker","ZoneGlobale","All_modes","40"
"2020-03-22","Kinshasa","Gombe","1h","Study_Zone_Resident","Study_Zone_Worker","ZoneGlobale","All_modes","54"
"2020-03-22","Kinshasa","Gombe","1h","Origin_Zone_Resident","Origin_Zone_Worker","ZoneGlobale","All_modes","109"
"2020-03-22","Kinshasa","Gombe","3h","Outside_Resident","Outside_Worker","ZoneGlobale","All_modes","136"
"2020-03-22","Kinshasa","Gombe","3h","Outside_Resident","Destination_Zone_Worker","ZoneGlobale","All_modes","40"
"2020-03-22","Kinshasa","Gombe","3h","Outside_Resident","Origin_Zone_Worker","ZoneGlobale","All_modes","54"
"2020-03-22","Kinshasa","Gombe","3h","Destination_Zone_Resident","Outside_Worker","ZoneGlobale","All_modes","27"
"2020-03-22","Kinshasa","Gombe","3h","Destination_Zone_Resident","Destination_Zone_Worker","ZoneGlobale","All_modes","276"
"2020-03-22","Kinshasa","Gombe","3h","Destination_Zone_Resident","Study_Zone_Worker","ZoneGlobale","All_modes","54"
"2020-03-22","Kinshasa","Gombe","3h","Destination_Zone_Resident","Origin_Zone_Worker","ZoneGlobale","All_modes","109"
"2020-03-22","Kinshasa","Gombe","3h","Study_Zone_Resident","Destination_Zone_Worker","ZoneGlobale","All_modes","27"
"2020-03-22","Kinshasa","Gombe","3h","Study_Zone_Resident","Study_Zone_Worker","ZoneGlobale","All_modes","81"
"2020-03-22","Kinshasa","Gombe","3h","Origin_Zone_Resident","Destination_Zone_Worker","ZoneGlobale","All_modes","95"
"2020-03-22","Kinshasa","Gombe","3h","Origin_Zone_Resident","Study_Zone_Worker","ZoneGlobale","All_modes","27"
"2020-03-22","Kinshasa","Gombe","3h","Origin_Zone_Resident","Origin_Zone_Worker","ZoneGlobale","All_modes","382"
"2020-03-22","Kinshasa","Kalamu I","1h","Outside_Resident","Outside_Worker","ZoneGlobale","All_modes","40"
"2020-03-22","Kinshasa","Kalamu I","1h","Destination_Zone_Resident","Destination_Zone_Worker","ZoneGlobale","All_modes","68"
"2020-03-22","Kinshasa","Kalamu I","1h","Origin_Zone_Resident","Origin_Zone_Worker","ZoneGlobale","All_modes","27"
"2020-03-22","Kinshasa","Kalamu I","3h","Outside_Resident","Outside_Worker","ZoneGlobale","All_modes","68"
"2020-03-22","Kinshasa","Kalamu I","3h","Outside_Resident","Study_Zone_Worker","ZoneGlobale","All_modes","27"
"2020-03-22","Kinshasa","Kalamu I","3h","Outside_Resident","Origin_Zone_Worker","ZoneGlobale","All_modes","27"
"2020-03-22","Kinshasa","Kalamu I","3h","Destination_Zone_Resident","Destination_Zone_Worker","ZoneGlobale","All_modes","150"
"2020-03-22","Kinshasa","Kalamu I","3h","Destination_Zone_Resident","Origin_Zone_Worker","ZoneGlobale","All_modes","68"
"2020-03-22","Kinshasa","Kalamu I","3h","Study_Zone_Resident","Study_Zone_Worker","ZoneGlobale","All_modes","40"
"2020-03-22","Kinshasa","Kalamu I","3h","Study_Zone_Resident","Origin_Zone_Worker","ZoneGlobale","All_modes","27"
"2020-03-22","Kinshasa","Kalamu I","3h","Origin_Zone_Resident","Origin_Zone_Worker","ZoneGlobale","All_modes","54"
"2020-03-22","Kinshasa","Kalamu II","1h","Outside_Resident","Outside_Worker","ZoneGlobale","All_modes","54"
"2020-03-22","Kinshasa","Kalamu II","1h","Outside_Resident","Origin_Zone_Worker","ZoneGlobale","All_modes","27"
"2020-03-22","Kinshasa","Kalamu II","1h","Destination_Zone_Resident","Destination_Zone_Worker","ZoneGlobale","All_modes","136"
"2020-03-22","Kinshasa","Kalamu II","1h","Destination_Zone_Resident","Origin_Zone_Worker","ZoneGlobale","All_modes","40"
"2020-03-22","Kinshasa","Kalamu II","1h","Study_Zone_Resident","Study_Zone_Worker","ZoneGlobale","All_modes","68"
"2020-03-22","Kinshasa","Kalamu II","1h","Origin_Zone_Resident","Origin_Zone_Worker","ZoneGlobale","All_modes","27"
"2020-03-22","Kinshasa","Kalamu II","3h","Outside_Resident","Outside_Worker","ZoneGlobale","All_modes","180"
"2020-03-22","Kinshasa","Kalamu II","3h","Outside_Resident","Destination_Zone_Worker","ZoneGlobale","All_modes","40"
"2020-03-22","Kinshasa","Kalamu II","3h","Outside_Resident","Study_Zone_Worker","ZoneGlobale","All_modes","40"
"2020-03-22","Kinshasa","Kalamu II","3h","Outside_Resident","Origin_Zone_Worker","ZoneGlobale","All_modes","54"
"2020-03-22","Kinshasa","Kalamu II","3h","Destination_Zone_Resident","Outside_Worker","ZoneGlobale","All_modes","40"
"2020-03-22","Kinshasa","Kalamu II","3h","Destination_Zone_Resident","Destination_Zone_Worker","ZoneGlobale","All_modes","163"
"2020-03-22","Kinshasa","Kalamu II","3h","Destination_Zone_Resident","Study_Zone_Worker","ZoneGlobale","All_modes","109"
"2020-03-22","Kinshasa","Kalamu II","3h","Destination_Zone_Resident","Origin_Zone_Worker","ZoneGlobale","All_modes","232"
"2020-03-22","Kinshasa","Kalamu II","3h","Study_Zone_Resident","Destination_Zone_Worker","ZoneGlobale","All_modes","27"
"2020-03-22","Kinshasa","Kalamu II","3h","Study_Zone_Resident","Study_Zone_Worker","ZoneGlobale","All_modes","109"
"2020-03-22","Kinshasa","Kalamu II","3h","Study_Zone_Resident","Origin_Zone_Worker","ZoneGlobale","All_modes","81"
"2020-03-22","Kinshasa","Kalamu II","3h","Origin_Zone_Resident","Study_Zone_Worker","ZoneGlobale","All_modes","40"
"2020-03-22","Kinshasa","Kalamu II","3h","Origin_Zone_Resident","Origin_Zone_Worker","ZoneGlobale","All_modes","122"
"2020-03-22","Kinshasa","Kasa-Vubu","1h","Outside_Resident","Outside_Worker","ZoneGlobale","All_modes","27"
"2020-03-22","Kinshasa","Kasa-Vubu","1h","Outside_Resident","Destination_Zone_Worker","ZoneGlobale","All_modes","27"
"2020-03-22","Kinshasa","Kasa-Vubu","1h","Destination_Zone_Resident","Outside_Worker","ZoneGlobale","All_modes","27"
"2020-03-22","Kinshasa","Kasa-Vubu","1h","Destination_Zone_Resident","Destination_Zone_Worker","ZoneGlobale","All_modes","191"
"2020-03-22","Kinshasa","Kasa-Vubu","1h","Destination_Zone_Resident","Study_Zone_Worker","ZoneGlobale","All_modes","27"
"2020-03-22","Kinshasa","Kasa-Vubu","1h","Study_Zone_Resident","Study_Zone_Worker","ZoneGlobale","All_modes","41"
"2020-03-22","Kinshasa","Kasa-Vubu","3h","Outside_Resident","Outside_Worker","ZoneGlobale","All_modes","245"
"2020-03-22","Kinshasa","Kasa-Vubu","3h","Outside_Resident","Origin_Zone_Worker","ZoneGlobale","All_modes","81"
"2020-03-22","Kinshasa","Kasa-Vubu","3h","Destination_Zone_Resident","Outside_Worker","ZoneGlobale","All_modes","27"
"2020-03-22","Kinshasa","Kasa-Vubu","3h","Destination_Zone_Resident","Destination_Zone_Worker","ZoneGlobale","All_modes","300"
"2020-03-22","Kinshasa","Kasa-Vubu","3h","Destination_Zone_Resident","Study_Zone_Worker","ZoneGlobale","All_modes","68"
"2020-03-22","Kinshasa","Kasa-Vubu","3h","Destination_Zone_Resident","Origin_Zone_Worker","ZoneGlobale","All_modes","40"
"2020-03-22","Kinshasa","Kasa-Vubu","3h","Study_Zone_Resident","Destination_Zone_Worker","ZoneGlobale","All_modes","27"
"2020-03-22","Kinshasa","Kasa-Vubu","3h","Study_Zone_Resident","Study_Zone_Worker","ZoneGlobale","All_modes","81"
"2020-03-22","Kinshasa","Kasa-Vubu","3h","Study_Zone_Resident","Origin_Zone_Worker","ZoneGlobale","All_modes","68"
"2020-03-22","Kinshasa","Kasa-Vubu","3h","Origin_Zone_Resident","Origin_Zone_Worker","ZoneGlobale","All_modes","139"
"2020-03-22","Kinshasa","Kikimi","1h","Outside_Resident","Outside_Worker","ZoneGlobale","All_modes","27"
"2020-03-22","Kinshasa","Kikimi","3h","Outside_Resident","Outside_Worker","ZoneGlobale","All_modes","68"
"2020-03-22","Kinshasa","Kikimi","3h","Destination_Zone_Resident","Destination_Zone_Worker","ZoneGlobale","All_modes","40"
"2020-03-22","Kinshasa","Kimbanseke","1h","Destination_Zone_Resident","Destination_Zone_Worker","ZoneGlobale","All_modes","40"
"2020-03-22","Kinshasa","Kimbanseke","1h","Destination_Zone_Resident","Study_Zone_Worker","ZoneGlobale","All_modes","27"
"2020-03-22","Kinshasa","Kimbanseke","3h","Outside_Resident","Outside_Worker","ZoneGlobale","All_modes","40"
"2020-03-22","Kinshasa","Kimbanseke","3h","Destination_Zone_Resident","Study_Zone_Worker","ZoneGlobale","All_modes","40"
"2020-03-22","Kinshasa","Kingabwa","1h","Outside_Resident","Outside_Worker","ZoneGlobale","All_modes","40"
"2020-03-22","Kinshasa","Kingabwa","1h","Destination_Zone_Resident","Destination_Zone_Worker","ZoneGlobale","All_modes","27"
"2020-03-22","Kinshasa","Kingabwa","3h","Outside_Resident","Outside_Worker","ZoneGlobale","All_modes","68"
"2020-03-22","Kinshasa","Kingabwa","3h","Outside_Resident","Origin_Zone_Worker","ZoneGlobale","All_modes","40"
"2020-03-22","Kinshasa","Kingabwa","3h","Destination_Zone_Resident","Destination_Zone_Worker","ZoneGlobale","All_modes","81"
"2020-03-22","Kinshasa","Kingabwa","3h","Destination_Zone_Resident","Study_Zone_Worker","ZoneGlobale","All_modes","68"
"2020-03-22","Kinshasa","Kingabwa","3h","Study_Zone_Resident","Destination_Zone_Worker","ZoneGlobale","All_modes","27"
"2020-03-22","Kinshasa","Kingabwa","3h","Study_Zone_Resident","Study_Zone_Worker","ZoneGlobale","All_modes","40"
"2020-03-22","Kinshasa","Kingabwa","3h","Study_Zone_Resident","Origin_Zone_Worker","ZoneGlobale","All_modes","27"
"2020-03-22","Kinshasa","Kingabwa","3h","Origin_Zone_Resident","Origin_Zone_Worker","ZoneGlobale","All_modes","40"
"2020-03-22","Kinshasa","Kintambo","3h","Outside_Resident","Outside_Worker","ZoneGlobale","All_modes","27"
"2020-03-22","Kinshasa","Kintambo","3h","Destination_Zone_Resident","Destination_Zone_Worker","ZoneGlobale","All_modes","54"
"2020-03-22","Kinshasa","Kintambo","3h","Destination_Zone_Resident","Study_Zone_Worker","ZoneGlobale","All_modes","27"
"2020-03-22","Kinshasa","Kintambo","3h","Study_Zone_Resident","Study_Zone_Worker","ZoneGlobale","All_modes","68"
"2020-03-22","Kinshasa","Kisenso","3h","Outside_Resident","Study_Zone_Worker","ZoneGlobale","All_modes","40"
"2020-03-22","Kinshasa","Kisenso","3h","Destination_Zone_Resident","Destination_Zone_Worker","ZoneGlobale","All_modes","40"
"2020-03-22","Kinshasa","Kisenso","3h","Destination_Zone_Resident","Study_Zone_Worker","ZoneGlobale","All_modes","27"
"2020-03-22","Kinshasa","Kokolo","1h","Outside_Resident","Outside_Worker","ZoneGlobale","All_modes","27"
"2020-03-22","Kinshasa","Kokolo","1h","Outside_Resident","Destination_Zone_Worker","ZoneGlobale","All_modes","40"
"2020-03-22","Kinshasa","Kokolo","1h","Destination_Zone_Resident","Destination_Zone_Worker","ZoneGlobale","All_modes","81"
"2020-03-22","Kinshasa","Kokolo","1h","Destination_Zone_Resident","Study_Zone_Worker","ZoneGlobale","All_modes","40"
"2020-03-22","Kinshasa","Kokolo","1h","Study_Zone_Resident","Study_Zone_Worker","ZoneGlobale","All_modes","54"
"2020-03-22","Kinshasa","Kokolo","1h","Origin_Zone_Resident","Origin_Zone_Worker","ZoneGlobale","All_modes","40"
"2020-03-22","Kinshasa","Kokolo","3h","Outside_Resident","Outside_Worker","ZoneGlobale","All_modes","54"
"2020-03-22","Kinshasa","Kokolo","3h","Outside_Resident","Destination_Zone_Worker","ZoneGlobale","All_modes","40"
"2020-03-22","Kinshasa","Kokolo","3h","Destination_Zone_Resident","Outside_Worker","ZoneGlobale","All_modes","27"
"2020-03-22","Kinshasa","Kokolo","3h","Destination_Zone_Resident","Destination_Zone_Worker","ZoneGlobale","All_modes","218"
"2020-03-22","Kinshasa","Kokolo","3h","Destination_Zone_Resident","Study_Zone_Worker","ZoneGlobale","All_modes","81"
"2020-03-22","Kinshasa","Kokolo","3h","Study_Zone_Resident","Study_Zone_Worker","ZoneGlobale","All_modes","81"
"2020-03-22","Kinshasa","Kokolo","3h","Study_Zone_Resident","Origin_Zone_Worker","ZoneGlobale","All_modes","27"
"2020-03-22","Kinshasa","Kokolo","3h","Origin_Zone_Resident","Study_Zone_Worker","ZoneGlobale","All_modes","27"
"2020-03-22","Kinshasa","Kokolo","3h","Origin_Zone_Resident","Origin_Zone_Worker","ZoneGlobale","All_modes","81"
"2020-03-22","Kinshasa","Lemba","1h","Destination_Zone_Resident","Destination_Zone_Worker","ZoneGlobale","All_modes","27"
"2020-03-22","Kinshasa","Lemba","3h","Outside_Resident","Outside_Worker","ZoneGlobale","All_modes","54"
"2020-03-22","Kinshasa","Lemba","3h","Outside_Resident","Origin_Zone_Worker","ZoneGlobale","All_modes","27"
"2020-03-22","Kinshasa","Lemba","3h","Destination_Zone_Resident","Destination_Zone_Worker","ZoneGlobale","All_modes","95"
"2020-03-22","Kinshasa","Lemba","3h","Destination_Zone_Resident","Study_Zone_Worker","ZoneGlobale","All_modes","27"
"2020-03-22","Kinshasa","Lemba","3h","Study_Zone_Resident","Study_Zone_Worker","ZoneGlobale","All_modes","27"
"2020-03-22","Kinshasa","Limete","1h","Destination_Zone_Resident","Destination_Zone_Worker","ZoneGlobale","All_modes","136"
"2020-03-22","Kinshasa","Limete","1h","Destination_Zone_Resident","Study_Zone_Worker","ZoneGlobale","All_modes","27"
"2020-03-22","Kinshasa","Limete","1h","Study_Zone_Resident","Study_Zone_Worker","ZoneGlobale","All_modes","40"
"2020-03-22","Kinshasa","Limete","3h","Outside_Resident","Outside_Worker","ZoneGlobale","All_modes","95"
"2020-03-22","Kinshasa","Limete","3h","Destination_Zone_Resident","Destination_Zone_Worker","ZoneGlobale","All_modes","163"
"2020-03-22","Kinshasa","Limete","3h","Destination_Zone_Resident","Study_Zone_Worker","ZoneGlobale","All_modes","68"
"2020-03-22","Kinshasa","Limete","3h","Destination_Zone_Resident","Origin_Zone_Worker","ZoneGlobale","All_modes","40"
"2020-03-22","Kinshasa","Limete","3h","Study_Zone_Resident","Study_Zone_Worker","ZoneGlobale","All_modes","109"
"2020-03-22","Kinshasa","Limete","3h","Study_Zone_Resident","Origin_Zone_Worker","ZoneGlobale","All_modes","40"
"2020-03-22","Kinshasa","Makala","1h","Outside_Resident","Outside_Worker","ZoneGlobale","All_modes","27"
"2020-03-22","Kinshasa","Makala","3h","Destination_Zone_Resident","Outside_Worker","ZoneGlobale","All_modes","27"
"2020-03-22","Kinshasa","Makala","3h","Destination_Zone_Resident","Study_Zone_Worker","ZoneGlobale","All_modes","109"
"2020-03-22","Kinshasa","Makala","3h","Destination_Zone_Resident","Origin_Zone_Worker","ZoneGlobale","All_modes","40"
"2020-03-22","Kinshasa","Makala","3h","Study_Zone_Resident","Study_Zone_Worker","ZoneGlobale","All_modes","27"
"2020-03-22","Kinshasa","Maluku I","1h","Study_Zone_Resident","Study_Zone_Worker","ZoneGlobale","All_modes","27"
"2020-03-22","Kinshasa","Maluku I","1h","Origin_Zone_Resident","Origin_Zone_Worker","ZoneGlobale","All_modes","95"
"2020-03-22","Kinshasa","Maluku I","3h","Outside_Resident","Origin_Zone_Worker","ZoneGlobale","All_modes","40"
"2020-03-22","Kinshasa","Maluku I","3h","Destination_Zone_Resident","Origin_Zone_Worker","ZoneGlobale","All_modes","27"
"2020-03-22","Kinshasa","Maluku I","3h","Study_Zone_Resident","Study_Zone_Worker","ZoneGlobale","All_modes","68"
"2020-03-22","Kinshasa","Maluku I","3h","Origin_Zone_Resident","Origin_Zone_Worker","ZoneGlobale","All_modes","218"
"2020-03-22","Kinshasa","Masina I","3h","Outside_Resident","Destination_Zone_Worker","ZoneGlobale","All_modes","27"
"2020-03-22","Kinshasa","Masina I","3h","Destination_Zone_Resident","Outside_Worker","ZoneGlobale","All_modes","27"
"2020-03-22","Kinshasa","Masina I","3h","Destination_Zone_Resident","Study_Zone_Worker","ZoneGlobale","All_modes","27"
"2020-03-22","Kinshasa","Masina I","3h","Destination_Zone_Resident","Origin_Zone_Worker","ZoneGlobale","All_modes","27"
"2020-03-22","Kinshasa","Masina II","1h","Outside_Resident","Outside_Worker","ZoneGlobale","All_modes","27"
"2020-03-22","Kinshasa","Masina II","1h","Destination_Zone_Resident","Destination_Zone_Worker","ZoneGlobale","All_modes","54"
"2020-03-22","Kinshasa","Masina II","1h","Study_Zone_Resident","Study_Zone_Worker","ZoneGlobale","All_modes","27"
"2020-03-22","Kinshasa","Masina II","3h","Outside_Resident","Outside_Worker","ZoneGlobale","All_modes","95"
"2020-03-22","Kinshasa","Masina II","3h","Destination_Zone_Resident","Outside_Worker","ZoneGlobale","All_modes","54"
"2020-03-22","Kinshasa","Masina II","3h","Destination_Zone_Resident","Destination_Zone_Worker","ZoneGlobale","All_modes","150"
"2020-03-22","Kinshasa","Masina II","3h","Study_Zone_Resident","Study_Zone_Worker","ZoneGlobale","All_modes","40"
"2020-03-22","Kinshasa","Masina II","3h","Origin_Zone_Resident","Origin_Zone_Worker","ZoneGlobale","All_modes","27"
"2020-03-22","Kinshasa","Matete","1h","Destination_Zone_Resident","Destination_Zone_Worker","ZoneGlobale","All_modes","40"
"2020-03-22","Kinshasa","Matete","3h","Outside_Resident","Outside_Worker","ZoneGlobale","All_modes","54"
"2020-03-22","Kinshasa","Matete","3h","Outside_Resident","Destination_Zone_Worker","ZoneGlobale","All_modes","40"
"2020-03-22","Kinshasa","Matete","3h","Destination_Zone_Resident","Destination_Zone_Worker","ZoneGlobale","All_modes","95"
"2020-03-22","Kinshasa","Matete","3h","Study_Zone_Resident","Study_Zone_Worker","ZoneGlobale","All_modes","27"
"2020-03-22","Kinshasa","Mont Ngafula I","3h","Outside_Resident","Outside_Worker","ZoneGlobale","All_modes","27"
"2020-03-22","Kinshasa","Mont Ngafula II","1h","Destination_Zone_Resident","Destination_Zone_Worker","ZoneGlobale","All_modes","27"
"2020-03-22","Kinshasa","Mont Ngafula II","1h","Destination_Zone_Resident","Study_Zone_Worker","ZoneGlobale","All_modes","27"
"2020-03-22","Kinshasa","Mont Ngafula II","3h","Destination_Zone_Resident","Destination_Zone_Worker","ZoneGlobale","All_modes","27"
"2020-03-22","Kinshasa","Mont Ngafula II","3h","Destination_Zone_Resident","Study_Zone_Worker","ZoneGlobale","All_modes","27"
"2020-03-22","Kinshasa","Ndjili","1h","Destination_Zone_Resident","Destination_Zone_Worker","ZoneGlobale","All_modes","27"
"2020-03-22","Kinshasa","Ndjili","1h","Destination_Zone_Resident","Origin_Zone_Worker","ZoneGlobale","All_modes","27"
"2020-03-22","Kinshasa","Ndjili","3h","Outside_Resident","Outside_Worker","ZoneGlobale","All_modes","27"
"2020-03-22","Kinshasa","Ndjili","3h","Destination_Zone_Resident","Destination_Zone_Worker","ZoneGlobale","All_modes","40"
"2020-03-22","Kinshasa","Ndjili","3h","Destination_Zone_Resident","Origin_Zone_Worker","ZoneGlobale","All_modes","68"
"2020-03-22","Kinshasa","Ndjili","3h","Origin_Zone_Resident","Origin_Zone_Worker","ZoneGlobale","All_modes","27"
"2020-03-22","Kinshasa","Ngiri-Ngiri","1h","Outside_Resident","Outside_Worker","ZoneGlobale","All_modes","27"
"2020-03-22","Kinshasa","Ngiri-Ngiri","1h","Destination_Zone_Resident","Destination_Zone_Worker","ZoneGlobale","All_modes","54"
"2020-03-22","Kinshasa","Ngiri-Ngiri","1h","Destination_Zone_Resident","Origin_Zone_Worker","ZoneGlobale","All_modes","54"
"2020-03-22","Kinshasa","Ngiri-Ngiri","1h","Study_Zone_Resident","Study_Zone_Worker","ZoneGlobale","All_modes","54"
"2020-03-22","Kinshasa","Ngiri-Ngiri","1h","Origin_Zone_Resident","Origin_Zone_Worker","ZoneGlobale","All_modes","27"
"2020-03-22","Kinshasa","Ngiri-Ngiri","3h","Outside_Resident","Outside_Worker","ZoneGlobale","All_modes","54"
"2020-03-22","Kinshasa","Ngiri-Ngiri","3h","Destination_Zone_Resident","Outside_Worker","ZoneGlobale","All_modes","27"
"2020-03-22","Kinshasa","Ngiri-Ngiri","3h","Destination_Zone_Resident","Destination_Zone_Worker","ZoneGlobale","All_modes","122"
"2020-03-22","Kinshasa","Ngiri-Ngiri","3h","Destination_Zone_Resident","Study_Zone_Worker","ZoneGlobale","All_modes","27"
"2020-03-22","Kinshasa","Ngiri-Ngiri","3h","Destination_Zone_Resident","Origin_Zone_Worker","ZoneGlobale","All_modes","68"
"2020-03-22","Kinshasa","Ngiri-Ngiri","3h","Study_Zone_Resident","Study_Zone_Worker","ZoneGlobale","All_modes","81"
"2020-03-22","Kinshasa","Ngiri-Ngiri","3h","Study_Zone_Resident","Origin_Zone_Worker","ZoneGlobale","All_modes","27"
"2020-03-22","Kinshasa","Ngiri-Ngiri","3h","Origin_Zone_Resident","Destination_Zone_Worker","ZoneGlobale","All_modes","27"
"2020-03-22","Kinshasa","Ngiri-Ngiri","3h","Origin_Zone_Resident","Origin_Zone_Worker","ZoneGlobale","All_modes","40"
"2020-03-22","Kinshasa","Nsele","1h","Outside_Resident","Outside_Worker","ZoneGlobale","All_modes","68"
"2020-03-22","Kinshasa","Nsele","1h","Outside_Resident","Origin_Zone_Worker","ZoneGlobale","All_modes","27"
"2020-03-22","Kinshasa","Nsele","1h","Destination_Zone_Resident","Origin_Zone_Worker","ZoneGlobale","All_modes","27"
"2020-03-22","Kinshasa","Nsele","1h","Study_Zone_Resident","Study_Zone_Worker","ZoneGlobale","All_modes","109"
"2020-03-22","Kinshasa","Nsele","1h","Study_Zone_Resident","Origin_Zone_Worker","ZoneGlobale","All_modes","40"
"2020-03-22","Kinshasa","Nsele","1h","Origin_Zone_Resident","Origin_Zone_Worker","ZoneGlobale","All_modes","232"
"2020-03-22","Kinshasa","Nsele","3h","Outside_Resident","Outside_Worker","ZoneGlobale","All_modes","204"
"2020-03-22","Kinshasa","Nsele","3h","Outside_Resident","Origin_Zone_Worker","ZoneGlobale","All_modes","68"
"2020-03-22","Kinshasa","Nsele","3h","Destination_Zone_Resident","Outside_Worker","ZoneGlobale","All_modes","27"
"2020-03-22","Kinshasa","Nsele","3h","Destination_Zone_Resident","Destination_Zone_Worker","ZoneGlobale","All_modes","68"
"2020-03-22","Kinshasa","Nsele","3h","Destination_Zone_Resident","Study_Zone_Worker","ZoneGlobale","All_modes","54"
"2020-03-22","Kinshasa","Nsele","3h","Destination_Zone_Resident","Origin_Zone_Worker","ZoneGlobale","All_modes","40"
"2020-03-22","Kinshasa","Nsele","3h","Study_Zone_Resident","Study_Zone_Worker","ZoneGlobale","All_modes","204"
"2020-03-22","Kinshasa","Nsele","3h","Study_Zone_Resident","Origin_Zone_Worker","ZoneGlobale","All_modes","109"
"2020-03-22","Kinshasa","Nsele","3h","Origin_Zone_Resident","Outside_Worker","ZoneGlobale","All_modes","54"
"2020-03-22","Kinshasa","Nsele","3h","Origin_Zone_Resident","Study_Zone_Worker","ZoneGlobale","All_modes","136"
"2020-03-22","Kinshasa","Nsele","3h","Origin_Zone_Resident","Origin_Zone_Worker","ZoneGlobale","All_modes","860"
"2020-03-22","Kinshasa","Police","1h","Outside_Resident","Outside_Worker","ZoneGlobale","All_modes","109"
"2020-03-22","Kinshasa","Police","1h","Outside_Resident","Destination_Zone_Worker","ZoneGlobale","All_modes","54"
"2020-03-22","Kinshasa","Police","1h","Outside_Resident","Origin_Zone_Worker","ZoneGlobale","All_modes","27"
"2020-03-22","Kinshasa","Police","1h","Destination_Zone_Resident","Outside_Worker","ZoneGlobale","All_modes","27"
"2020-03-22","Kinshasa","Police","1h","Destination_Zone_Resident","Destination_Zone_Worker","ZoneGlobale","All_modes","396"
"2020-03-22","Kinshasa","Police","1h","Destination_Zone_Resident","Study_Zone_Worker","ZoneGlobale","All_modes","81"
"2020-03-22","Kinshasa","Police","1h","Destination_Zone_Resident","Origin_Zone_Worker","ZoneGlobale","All_modes","81"
"2020-03-22","Kinshasa","Police","1h","Study_Zone_Resident","Study_Zone_Worker","ZoneGlobale","All_modes","109"
"2020-03-22","Kinshasa","Police","1h","Study_Zone_Resident","Origin_Zone_Worker","ZoneGlobale","All_modes","27"
"2020-03-22","Kinshasa","Police","1h","Origin_Zone_Resident","Destination_Zone_Worker","ZoneGlobale","All_modes","54"
"2020-03-22","Kinshasa","Police","1h","Origin_Zone_Resident","Origin_Zone_Worker","ZoneGlobale","All_modes","232"
"2020-03-22","Kinshasa","Police","3h","Outside_Resident","Outside_Worker","ZoneGlobale","All_modes","516"
"2020-03-22","Kinshasa","Police","3h","Outside_Resident","Destination_Zone_Worker","ZoneGlobale","All_modes","136"
"2020-03-22","Kinshasa","Police","3h","Outside_Resident","Study_Zone_Worker","ZoneGlobale","All_modes","27"
"2020-03-22","Kinshasa","Police","3h","Outside_Resident","Origin_Zone_Worker","ZoneGlobale","All_modes","150"
"2020-03-22","Kinshasa","Police","3h","Destination_Zone_Resident","Outside_Worker","ZoneGlobale","All_modes","54"
"2020-03-22","Kinshasa","Police","3h","Destination_Zone_Resident","Destination_Zone_Worker","ZoneGlobale","All_modes","642"
"2020-03-22","Kinshasa","Police","3h","Destination_Zone_Resident","Study_Zone_Worker","ZoneGlobale","All_modes","232"
"2020-03-22","Kinshasa","Police","3h","Destination_Zone_Resident","Origin_Zone_Worker","ZoneGlobale","All_modes","177"
"2020-03-22","Kinshasa","Police","3h","Study_Zone_Resident","Study_Zone_Worker","ZoneGlobale","All_modes","177"
"2020-03-22","Kinshasa","Police","3h","Study_Zone_Resident","Origin_Zone_Worker","ZoneGlobale","All_modes","68"
"2020-03-22","Kinshasa","Police","3h","Origin_Zone_Resident","Outside_Worker","ZoneGlobale","All_modes","27"
"2020-03-22","Kinshasa","Police","3h","Origin_Zone_Resident","Study_Zone_Worker","ZoneGlobale","All_modes","98"
"2020-03-22","Kinshasa","Police","3h","Origin_Zone_Resident","Origin_Zone_Worker","ZoneGlobale","All_modes","642"
"2020-03-22","Kinshasa","Selembao","1h","Outside_Resident","Outside_Worker","ZoneGlobale","All_modes","27"
"2020-03-22","Kinshasa","Selembao","1h","Destination_Zone_Resident","Study_Zone_Worker","ZoneGlobale","All_modes","40"
"2020-03-22","Kinshasa","Selembao","3h","Outside_Resident","Outside_Worker","ZoneGlobale","All_modes","27"
"2020-03-22","Kinshasa","Selembao","3h","Destination_Zone_Resident","Outside_Worker","ZoneGlobale","All_modes","27"
"2020-03-22","Kinshasa","Selembao","3h","Destination_Zone_Resident","Study_Zone_Worker","ZoneGlobale","All_modes","40"
"2020-03-22","Kinshasa","Selembao","3h","Study_Zone_Resident","Study_Zone_Worker","ZoneGlobale","All_modes","54"
"2020-03-22","Kintambo","Barumbu","1h","Outside_Resident","Outside_Worker","ZoneGlobale","All_modes","27"
"2020-03-22","Kintambo","Binza Meteo","1h","Outside_Resident","Outside_Worker","ZoneGlobale","All_modes","286"
"2020-03-22","Kintambo","Binza Meteo","1h","Outside_Resident","Study_Zone_Worker","ZoneGlobale","All_modes","27"
"2020-03-22","Kintambo","Binza Meteo","1h","Destination_Zone_Resident","Outside_Worker","ZoneGlobale","All_modes","54"
"2020-03-22","Kintambo","Binza Meteo","1h","Destination_Zone_Resident","Destination_Zone_Worker","ZoneGlobale","All_modes","1052"
"2020-03-22","Kintambo","Binza Meteo","1h","Destination_Zone_Resident","Study_Zone_Worker","ZoneGlobale","All_modes","122"
"2020-03-22","Kintambo","Binza Meteo","1h","Destination_Zone_Resident","Origin_Zone_Worker","ZoneGlobale","All_modes","191"
"2020-03-22","Kintambo","Binza Meteo","1h","Study_Zone_Resident","Outside_Worker","ZoneGlobale","All_modes","40"
"2020-03-22","Kintambo","Binza Meteo","1h","Study_Zone_Resident","Study_Zone_Worker","ZoneGlobale","All_modes","109"
"2020-03-22","Kintambo","Binza Meteo","1h","Study_Zone_Resident","Origin_Zone_Worker","ZoneGlobale","All_modes","40"
"2020-03-22","Kintambo","Binza Meteo","1h","Origin_Zone_Resident","Outside_Worker","ZoneGlobale","All_modes","27"
"2020-03-22","Kintambo","Binza Meteo","1h","Origin_Zone_Resident","Destination_Zone_Worker","ZoneGlobale","All_modes","81"
"2020-03-22","Kintambo","Binza Meteo","1h","Origin_Zone_Resident","Study_Zone_Worker","ZoneGlobale","All_modes","68"
"2020-03-22","Kintambo","Binza Meteo","1h","Origin_Zone_Resident","Origin_Zone_Worker","ZoneGlobale","All_modes","286"
"2020-03-22","Kintambo","Binza Meteo","3h","Outside_Resident","Outside_Worker","ZoneGlobale","All_modes","546"
"2020-03-22","Kintambo","Binza Meteo","3h","Outside_Resident","Destination_Zone_Worker","ZoneGlobale","All_modes","382"
"2020-03-22","Kintambo","Binza Meteo","3h","Outside_Resident","Study_Zone_Worker","ZoneGlobale","All_modes","27"
"2020-03-22","Kintambo","Binza Meteo","3h","Outside_Resident","Origin_Zone_Worker","ZoneGlobale","All_modes","177"
"2020-03-22","Kintambo","Binza Meteo","3h","Destination_Zone_Resident","Outside_Worker","ZoneGlobale","All_modes","95"
"2020-03-22","Kintambo","Binza Meteo","3h","Destination_Zone_Resident","Destination_Zone_Worker","ZoneGlobale","All_modes","1661"
"2020-03-22","Kintambo","Binza Meteo","3h","Destination_Zone_Resident","Study_Zone_Worker","ZoneGlobale","All_modes","314"
"2020-03-22","Kintambo","Binza Meteo","3h","Destination_Zone_Resident","Origin_Zone_Worker","ZoneGlobale","All_modes","532"
"2020-03-22","Kintambo","Binza Meteo","3h","Study_Zone_Resident","Outside_Worker","ZoneGlobale","All_modes","68"
"2020-03-22","Kintambo","Binza Meteo","3h","Study_Zone_Resident","Destination_Zone_Worker","ZoneGlobale","All_modes","54"
"2020-03-22","Kintambo","Binza Meteo","3h","Study_Zone_Resident","Study_Zone_Worker","ZoneGlobale","All_modes","204"
"2020-03-22","Kintambo","Binza Meteo","3h","Study_Zone_Resident","Origin_Zone_Worker","ZoneGlobale","All_modes","136"
"2020-03-22","Kintambo","Binza Meteo","3h","Origin_Zone_Resident","Outside_Worker","ZoneGlobale","All_modes","54"
"2020-03-22","Kintambo","Binza Meteo","3h","Origin_Zone_Resident","Destination_Zone_Worker","ZoneGlobale","All_modes","191"
"2020-03-22","Kintambo","Binza Meteo","3h","Origin_Zone_Resident","Study_Zone_Worker","ZoneGlobale","All_modes","122"
"2020-03-22","Kintambo","Binza Meteo","3h","Origin_Zone_Resident","Origin_Zone_Worker","ZoneGlobale","All_modes","1092"
"2020-03-22","Kintambo","Binza Ozone","1h","Outside_Resident","Outside_Worker","ZoneGlobale","All_modes","40"
"2020-03-22","Kintambo","Binza Ozone","1h","Outside_Resident","Study_Zone_Worker","ZoneGlobale","All_modes","118"
"2020-03-22","Kintambo","Binza Ozone","1h","Destination_Zone_Resident","Destination_Zone_Worker","ZoneGlobale","All_modes","150"
"2020-03-22","Kintambo","Binza Ozone","1h","Destination_Zone_Resident","Study_Zone_Worker","ZoneGlobale","All_modes","68"
"2020-03-22","Kintambo","Binza Ozone","1h","Destination_Zone_Resident","Origin_Zone_Worker","ZoneGlobale","All_modes","27"
"2020-03-22","Kintambo","Binza Ozone","1h","Origin_Zone_Resident","Origin_Zone_Worker","ZoneGlobale","All_modes","27"
"2020-03-22","Kintambo","Binza Ozone","3h","Outside_Resident","Outside_Worker","ZoneGlobale","All_modes","185"
"2020-03-22","Kintambo","Binza Ozone","3h","Outside_Resident","Origin_Zone_Worker","ZoneGlobale","All_modes","27"
"2020-03-22","Kintambo","Binza Ozone","3h","Destination_Zone_Resident","Destination_Zone_Worker","ZoneGlobale","All_modes","286"
"2020-03-22","Kintambo","Binza Ozone","3h","Destination_Zone_Resident","Study_Zone_Worker","ZoneGlobale","All_modes","122"
"2020-03-22","Kintambo","Binza Ozone","3h","Destination_Zone_Resident","Origin_Zone_Worker","ZoneGlobale","All_modes","81"
"2020-03-22","Kintambo","Binza Ozone","3h","Study_Zone_Resident","Study_Zone_Worker","ZoneGlobale","All_modes","54"
"2020-03-22","Kintambo","Binza Ozone","3h","Origin_Zone_Resident","Origin_Zone_Worker","ZoneGlobale","All_modes","68"
"2020-03-22","Kintambo","Bumbu","1h","Outside_Resident","Outside_Worker","ZoneGlobale","All_modes","27"
"2020-03-22","Kintambo","Bumbu","1h","Destination_Zone_Resident","Destination_Zone_Worker","ZoneGlobale","All_modes","40"
"2020-03-22","Kintambo","Bumbu","1h","Study_Zone_Resident","Study_Zone_Worker","ZoneGlobale","All_modes","27"
"2020-03-22","Kintambo","Bumbu","3h","Outside_Resident","Outside_Worker","ZoneGlobale","All_modes","54"
"2020-03-22","Kintambo","Bumbu","3h","Outside_Resident","Study_Zone_Worker","ZoneGlobale","All_modes","40"
"2020-03-22","Kintambo","Bumbu","3h","Destination_Zone_Resident","Outside_Worker","ZoneGlobale","All_modes","27"
"2020-03-22","Kintambo","Bumbu","3h","Destination_Zone_Resident","Destination_Zone_Worker","ZoneGlobale","All_modes","95"
"2020-03-22","Kintambo","Bumbu","3h","Destination_Zone_Resident","Study_Zone_Worker","ZoneGlobale","All_modes","68"
"2020-03-22","Kintambo","Bumbu","3h","Study_Zone_Resident","Outside_Worker","ZoneGlobale","All_modes","27"
"2020-03-22","Kintambo","Bumbu","3h","Study_Zone_Resident","Destination_Zone_Worker","ZoneGlobale","All_modes","27"
"2020-03-22","Kintambo","Bumbu","3h","Study_Zone_Resident","Study_Zone_Worker","ZoneGlobale","All_modes","54"
"2020-03-22","Kintambo","Bumbu","3h","Study_Zone_Resident","Origin_Zone_Worker","ZoneGlobale","All_modes","40"
"2020-03-22","Kintambo","Bumbu","3h","Origin_Zone_Resident","Origin_Zone_Worker","ZoneGlobale","All_modes","54"
"2020-03-22","Kintambo","Gombe","1h","Destination_Zone_Resident","Destination_Zone_Worker","ZoneGlobale","All_modes","27"
"2020-03-22","Kintambo","Gombe","1h","Study_Zone_Resident","Study_Zone_Worker","ZoneGlobale","All_modes","27"
"2020-03-22","Kintambo","Gombe","3h","Outside_Resident","Study_Zone_Worker","ZoneGlobale","All_modes","27"
"2020-03-22","Kintambo","Gombe","3h","Destination_Zone_Resident","Destination_Zone_Worker","ZoneGlobale","All_modes","158"
"2020-03-22","Kintambo","Gombe","3h","Study_Zone_Resident","Study_Zone_Worker","ZoneGlobale","All_modes","27"
"2020-03-22","Kintambo","Kalamu I","1h","Outside_Resident","Outside_Worker","ZoneGlobale","All_modes","27"
"2020-03-22","Kintambo","Kalamu I","1h","Destination_Zone_Resident","Destination_Zone_Worker","ZoneGlobale","All_modes","27"
"2020-03-22","Kintambo","Kalamu I","3h","Outside_Resident","Outside_Worker","ZoneGlobale","All_modes","144"
"2020-03-22","Kintambo","Kalamu I","3h","Destination_Zone_Resident","Destination_Zone_Worker","ZoneGlobale","All_modes","68"
"2020-03-22","Kintambo","Kalamu I","3h","Destination_Zone_Resident","Study_Zone_Worker","ZoneGlobale","All_modes","27"
"2020-03-22","Kintambo","Kalamu I","3h","Destination_Zone_Resident","Origin_Zone_Worker","ZoneGlobale","All_modes","27"
"2020-03-22","Kintambo","Kalamu I","3h","Study_Zone_Resident","Study_Zone_Worker","ZoneGlobale","All_modes","27"
"2020-03-22","Kintambo","Kalamu II","1h","Study_Zone_Resident","Study_Zone_Worker","ZoneGlobale","All_modes","27"
"2020-03-22","Kintambo","Kalamu II","3h","Outside_Resident","Study_Zone_Worker","ZoneGlobale","All_modes","27"
"2020-03-22","Kintambo","Kalamu II","3h","Study_Zone_Resident","Study_Zone_Worker","ZoneGlobale","All_modes","27"
"2020-03-22","Kintambo","Kasa-Vubu","1h","Outside_Resident","Study_Zone_Worker","ZoneGlobale","All_modes","27"
"2020-03-22","Kintambo","Kasa-Vubu","1h","Destination_Zone_Resident","Destination_Zone_Worker","ZoneGlobale","All_modes","27"
"2020-03-22","Kintambo","Kasa-Vubu","1h","Study_Zone_Resident","Study_Zone_Worker","ZoneGlobale","All_modes","27"
"2020-03-22","Kintambo","Kasa-Vubu","3h","Outside_Resident","Outside_Worker","ZoneGlobale","All_modes","54"
"2020-03-22","Kintambo","Kasa-Vubu","3h","Outside_Resident","Study_Zone_Worker","ZoneGlobale","All_modes","57"
"2020-03-22","Kintambo","Kasa-Vubu","3h","Destination_Zone_Resident","Destination_Zone_Worker","ZoneGlobale","All_modes","40"
"2020-03-22","Kintambo","Kasa-Vubu","3h","Destination_Zone_Resident","Study_Zone_Worker","ZoneGlobale","All_modes","27"
"2020-03-22","Kintambo","Kasa-Vubu","3h","Destination_Zone_Resident","Origin_Zone_Worker","ZoneGlobale","All_modes","27"
"2020-03-22","Kintambo","Kasa-Vubu","3h","Origin_Zone_Resident","Origin_Zone_Worker","ZoneGlobale","All_modes","40"
"2020-03-22","Kintambo","Kingabwa","3h","Study_Zone_Resident","Study_Zone_Worker","ZoneGlobale","All_modes","40"
"2020-03-22","Kintambo","Kinshasa","3h","Destination_Zone_Resident","Destination_Zone_Worker","ZoneGlobale","All_modes","68"
"2020-03-22","Kintambo","Kinshasa","3h","Study_Zone_Resident","Destination_Zone_Worker","ZoneGlobale","All_modes","27"
"2020-03-22","Kintambo","Kinshasa","3h","Study_Zone_Resident","Study_Zone_Worker","ZoneGlobale","All_modes","27"
"2020-03-22","Kintambo","Kokolo","1h","Outside_Resident","Outside_Worker","ZoneGlobale","All_modes","122"
"2020-03-22","Kintambo","Kokolo","1h","Outside_Resident","Destination_Zone_Worker","ZoneGlobale","All_modes","40"
"2020-03-22","Kintambo","Kokolo","1h","Outside_Resident","Study_Zone_Worker","ZoneGlobale","All_modes","54"
"2020-03-22","Kintambo","Kokolo","1h","Destination_Zone_Resident","Outside_Worker","ZoneGlobale","All_modes","27"
"2020-03-22","Kintambo","Kokolo","1h","Destination_Zone_Resident","Destination_Zone_Worker","ZoneGlobale","All_modes","847"
"2020-03-22","Kintambo","Kokolo","1h","Destination_Zone_Resident","Study_Zone_Worker","ZoneGlobale","All_modes","122"
"2020-03-22","Kintambo","Kokolo","1h","Destination_Zone_Resident","Origin_Zone_Worker","ZoneGlobale","All_modes","68"
"2020-03-22","Kintambo","Kokolo","1h","Study_Zone_Resident","Study_Zone_Worker","ZoneGlobale","All_modes","122"
"2020-03-22","Kintambo","Kokolo","1h","Origin_Zone_Resident","Destination_Zone_Worker","ZoneGlobale","All_modes","27"
"2020-03-22","Kintambo","Kokolo","1h","Origin_Zone_Resident","Study_Zone_Worker","ZoneGlobale","All_modes","81"
"2020-03-22","Kintambo","Kokolo","1h","Origin_Zone_Resident","Origin_Zone_Worker","ZoneGlobale","All_modes","273"
"2020-03-22","Kintambo","Kokolo","3h","Outside_Resident","Outside_Worker","ZoneGlobale","All_modes","409"
"2020-03-22","Kintambo","Kokolo","3h","Outside_Resident","Destination_Zone_Worker","ZoneGlobale","All_modes","109"
"2020-03-22","Kintambo","Kokolo","3h","Outside_Resident","Study_Zone_Worker","ZoneGlobale","All_modes","109"
"2020-03-22","Kintambo","Kokolo","3h","Outside_Resident","Origin_Zone_Worker","ZoneGlobale","All_modes","109"
"2020-03-22","Kintambo","Kokolo","3h","Destination_Zone_Resident","Outside_Worker","ZoneGlobale","All_modes","54"
"2020-03-22","Kintambo","Kokolo","3h","Destination_Zone_Resident","Destination_Zone_Worker","ZoneGlobale","All_modes","1106"
"2020-03-22","Kintambo","Kokolo","3h","Destination_Zone_Resident","Study_Zone_Worker","ZoneGlobale","All_modes","355"
"2020-03-22","Kintambo","Kokolo","3h","Destination_Zone_Resident","Origin_Zone_Worker","ZoneGlobale","All_modes","245"
"2020-03-22","Kintambo","Kokolo","3h","Study_Zone_Resident","Destination_Zone_Worker","ZoneGlobale","All_modes","27"
"2020-03-22","Kintambo","Kokolo","3h","Study_Zone_Resident","Study_Zone_Worker","ZoneGlobale","All_modes","109"
"2020-03-22","Kintambo","Kokolo","3h","Study_Zone_Resident","Origin_Zone_Worker","ZoneGlobale","All_modes","27"
"2020-03-22","Kintambo","Kokolo","3h","Origin_Zone_Resident","Outside_Worker","ZoneGlobale","All_modes","54"
"2020-03-22","Kintambo","Kokolo","3h","Origin_Zone_Resident","Destination_Zone_Worker","ZoneGlobale","All_modes","81"
"2020-03-22","Kintambo","Kokolo","3h","Origin_Zone_Resident","Study_Zone_Worker","ZoneGlobale","All_modes","95"
"2020-03-22","Kintambo","Kokolo","3h","Origin_Zone_Resident","Origin_Zone_Worker","ZoneGlobale","All_modes","1010"
"2020-03-22","Kintambo","Lemba","1h","Destination_Zone_Resident","Destination_Zone_Worker","ZoneGlobale","All_modes","40"
"2020-03-22","Kintambo","Lemba","1h","Study_Zone_Resident","Study_Zone_Worker","ZoneGlobale","All_modes","44"
"2020-03-22","Kintambo","Lemba","3h","Outside_Resident","Outside_Worker","ZoneGlobale","All_modes","40"
"2020-03-22","Kintambo","Lemba","3h","Destination_Zone_Resident","Destination_Zone_Worker","ZoneGlobale","All_modes","68"
"2020-03-22","Kintambo","Lemba","3h","Destination_Zone_Resident","Study_Zone_Worker","ZoneGlobale","All_modes","54"
"2020-03-22","Kintambo","Lemba","3h","Study_Zone_Resident","Study_Zone_Worker","ZoneGlobale","All_modes","44"
"2020-03-22","Kintambo","Limete","1h","Destination_Zone_Resident","Destination_Zone_Worker","ZoneGlobale","All_modes","40"
"2020-03-22","Kintambo","Limete","3h","Destination_Zone_Resident","Destination_Zone_Worker","ZoneGlobale","All_modes","40"
"2020-03-22","Kintambo","Limete","3h","Study_Zone_Resident","Study_Zone_Worker","ZoneGlobale","All_modes","62"
"2020-03-22","Kintambo","Maluku I","3h","Study_Zone_Resident","Study_Zone_Worker","ZoneGlobale","All_modes","40"
"2020-03-22","Kintambo","Masina II","1h","Destination_Zone_Resident","Destination_Zone_Worker","ZoneGlobale","All_modes","27"
"2020-03-22","Kintambo","Mont Ngafula I","3h","Study_Zone_Resident","Study_Zone_Worker","ZoneGlobale","All_modes","27"
"2020-03-22","Kintambo","Mont Ngafula II","1h","Destination_Zone_Resident","Destination_Zone_Worker","ZoneGlobale","All_modes","54"
"2020-03-22","Kintambo","Mont Ngafula II","3h","Outside_Resident","Outside_Worker","ZoneGlobale","All_modes","27"
"2020-03-22","Kintambo","Mont Ngafula II","3h","Outside_Resident","Study_Zone_Worker","ZoneGlobale","All_modes","27"
"2020-03-22","Kintambo","Mont Ngafula II","3h","Destination_Zone_Resident","Destination_Zone_Worker","ZoneGlobale","All_modes","68"
"2020-03-22","Kintambo","Mont Ngafula II","3h","Destination_Zone_Resident","Study_Zone_Worker","ZoneGlobale","All_modes","27"
"2020-03-22","Kintambo","Mont Ngafula II","3h","Destination_Zone_Resident","Origin_Zone_Worker","ZoneGlobale","All_modes","40"
"2020-03-22","Kintambo","Mont Ngafula II","3h","Study_Zone_Resident","Study_Zone_Worker","ZoneGlobale","All_modes","54"
"2020-03-22","Kintambo","Ndjili","3h","Outside_Resident","Outside_Worker","ZoneGlobale","All_modes","27"
"2020-03-22","Kintambo","Ngiri-Ngiri","1h","Destination_Zone_Resident","Destination_Zone_Worker","ZoneGlobale","All_modes","95"
"2020-03-22","Kintambo","Ngiri-Ngiri","1h","Study_Zone_Resident","Study_Zone_Worker","ZoneGlobale","All_modes","54"
"2020-03-22","Kintambo","Ngiri-Ngiri","3h","Outside_Resident","Outside_Worker","ZoneGlobale","All_modes","40"
"2020-03-22","Kintambo","Ngiri-Ngiri","3h","Destination_Zone_Resident","Destination_Zone_Worker","ZoneGlobale","All_modes","122"
"2020-03-22","Kintambo","Ngiri-Ngiri","3h","Destination_Zone_Resident","Study_Zone_Worker","ZoneGlobale","All_modes","40"
"2020-03-22","Kintambo","Ngiri-Ngiri","3h","Destination_Zone_Resident","Origin_Zone_Worker","ZoneGlobale","All_modes","68"
"2020-03-22","Kintambo","Ngiri-Ngiri","3h","Study_Zone_Resident","Study_Zone_Worker","ZoneGlobale","All_modes","54"
"2020-03-22","Kintambo","Ngiri-Ngiri","3h","Origin_Zone_Resident","Study_Zone_Worker","ZoneGlobale","All_modes","27"
"2020-03-22","Kintambo","Ngiri-Ngiri","3h","Origin_Zone_Resident","Origin_Zone_Worker","ZoneGlobale","All_modes","68"
"2020-03-22","Kintambo","Nsele","1h","Outside_Resident","Outside_Worker","ZoneGlobale","All_modes","27"
"2020-03-22","Kintambo","Nsele","1h","Study_Zone_Resident","Study_Zone_Worker","ZoneGlobale","All_modes","54"
"2020-03-22","Kintambo","Nsele","3h","Outside_Resident","Outside_Worker","ZoneGlobale","All_modes","40"
"2020-03-22","Kintambo","Nsele","3h","Destination_Zone_Resident","Destination_Zone_Worker","ZoneGlobale","All_modes","40"
"2020-03-22","Kintambo","Nsele","3h","Study_Zone_Resident","Study_Zone_Worker","ZoneGlobale","All_modes","109"
"2020-03-22","Kintambo","Nsele","3h","Origin_Zone_Resident","Origin_Zone_Worker","ZoneGlobale","All_modes","95"
"2020-03-22","Kintambo","Police","1h","Destination_Zone_Resident","Destination_Zone_Worker","ZoneGlobale","All_modes","40"
"2020-03-22","Kintambo","Police","3h","Outside_Resident","Outside_Worker","ZoneGlobale","All_modes","40"
"2020-03-22","Kintambo","Police","3h","Destination_Zone_Resident","Destination_Zone_Worker","ZoneGlobale","All_modes","54"
"2020-03-22","Kintambo","Police","3h","Study_Zone_Resident","Study_Zone_Worker","ZoneGlobale","All_modes","27"
"2020-03-22","Kintambo","Selembao","3h","Destination_Zone_Resident","Outside_Worker","ZoneGlobale","All_modes","27"
"2020-03-22","Kintambo","Selembao","3h","Destination_Zone_Resident","Destination_Zone_Worker","ZoneGlobale","All_modes","54"
"2020-03-22","Kintambo","Selembao","3h","Destination_Zone_Resident","Study_Zone_Worker","ZoneGlobale","All_modes","40"
"2020-03-22","Kintambo","Selembao","3h","Destination_Zone_Resident","Origin_Zone_Worker","ZoneGlobale","All_modes","27"
"2020-03-22","Kintambo","Selembao","3h","Study_Zone_Resident","Study_Zone_Worker","ZoneGlobale","All_modes","27"
"2020-03-22","Kintambo","Selembao","3h","Study_Zone_Resident","Origin_Zone_Worker","ZoneGlobale","All_modes","40"
"2020-03-22","Kintambo","Selembao","3h","Origin_Zone_Resident","Origin_Zone_Worker","ZoneGlobale","All_modes","40"
"2020-03-22","Kipushi","Fungurume","1h","Outside_Resident","Outside_Worker","ZoneGlobale","All_modes","35"
"2020-03-22","Kipushi","Fungurume","1h","Destination_Zone_Resident","Destination_Zone_Worker","ZoneGlobale","All_modes","35"
"2020-03-22","Kipushi","Fungurume","3h","Outside_Resident","Outside_Worker","ZoneGlobale","All_modes","141"
"2020-03-22","Kipushi","Fungurume","3h","Outside_Resident","Destination_Zone_Worker","ZoneGlobale","All_modes","35"
"2020-03-22","Kipushi","Fungurume","3h","Outside_Resident","Study_Zone_Worker","ZoneGlobale","All_modes","35"
"2020-03-22","Kipushi","Fungurume","3h","Destination_Zone_Resident","Destination_Zone_Worker","ZoneGlobale","All_modes","35"
"2020-03-22","Kipushi","Fungurume","3h","Destination_Zone_Resident","Study_Zone_Worker","ZoneGlobale","All_modes","35"
"2020-03-22","Kipushi","Fungurume","3h","Study_Zone_Resident","Study_Zone_Worker","ZoneGlobale","All_modes","70"
"2020-03-22","Kipushi","Fungurume","3h","Origin_Zone_Resident","Origin_Zone_Worker","ZoneGlobale","All_modes","35"
"2020-03-22","Kipushi","Kampemba","1h","Outside_Resident","Outside_Worker","ZoneGlobale","All_modes","141"
"2020-03-22","Kipushi","Kampemba","1h","Outside_Resident","Origin_Zone_Worker","ZoneGlobale","All_modes","70"
"2020-03-22","Kipushi","Kampemba","1h","Study_Zone_Resident","Study_Zone_Worker","ZoneGlobale","All_modes","248"
"2020-03-22","Kipushi","Kampemba","1h","Origin_Zone_Resident","Study_Zone_Worker","ZoneGlobale","All_modes","35"
"2020-03-22","Kipushi","Kampemba","3h","Outside_Resident","Outside_Worker","ZoneGlobale","All_modes","70"
"2020-03-22","Kipushi","Kampemba","3h","Outside_Resident","Origin_Zone_Worker","ZoneGlobale","All_modes","141"
"2020-03-22","Kipushi","Kampemba","3h","Destination_Zone_Resident","Study_Zone_Worker","ZoneGlobale","All_modes","35"
"2020-03-22","Kipushi","Kampemba","3h","Destination_Zone_Resident","Origin_Zone_Worker","ZoneGlobale","All_modes","70"
"2020-03-22","Kipushi","Kampemba","3h","Study_Zone_Resident","Study_Zone_Worker","ZoneGlobale","All_modes","106"
"2020-03-22","Kipushi","Kampemba","3h","Study_Zone_Resident","Origin_Zone_Worker","ZoneGlobale","All_modes","70"
"2020-03-22","Kipushi","Kampemba","3h","Origin_Zone_Resident","Origin_Zone_Worker","ZoneGlobale","All_modes","70"
"2020-03-22","Kipushi","Kapolowe","1h","Outside_Resident","Destination_Zone_Worker","ZoneGlobale","All_modes","35"
"2020-03-22","Kipushi","Kapolowe","1h","Outside_Resident","Study_Zone_Worker","ZoneGlobale","All_modes","70"
"2020-03-22","Kipushi","Kapolowe","1h","Study_Zone_Resident","Study_Zone_Worker","ZoneGlobale","All_modes","106"
"2020-03-22","Kipushi","Kapolowe","1h","Origin_Zone_Resident","Study_Zone_Worker","ZoneGlobale","All_modes","35"
"2020-03-22","Kipushi","Kapolowe","1h","Origin_Zone_Resident","Origin_Zone_Worker","ZoneGlobale","All_modes","70"
"2020-03-22","Kipushi","Kapolowe","3h","Outside_Resident","Outside_Worker","ZoneGlobale","All_modes","35"
"2020-03-22","Kipushi","Kapolowe","3h","Outside_Resident","Destination_Zone_Worker","ZoneGlobale","All_modes","35"
"2020-03-22","Kipushi","Kapolowe","3h","Outside_Resident","Study_Zone_Worker","ZoneGlobale","All_modes","70"
"2020-03-22","Kipushi","Kapolowe","3h","Outside_Resident","Origin_Zone_Worker","ZoneGlobale","All_modes","35"
"2020-03-22","Kipushi","Kapolowe","3h","Destination_Zone_Resident","Destination_Zone_Worker","ZoneGlobale","All_modes","35"
"2020-03-22","Kipushi","Kapolowe","3h","Study_Zone_Resident","Study_Zone_Worker","ZoneGlobale","All_modes","212"
"2020-03-22","Kipushi","Kapolowe","3h","Origin_Zone_Resident","Outside_Worker","ZoneGlobale","All_modes","35"
"2020-03-22","Kipushi","Kapolowe","3h","Origin_Zone_Resident","Study_Zone_Worker","ZoneGlobale","All_modes","35"
"2020-03-22","Kipushi","Kapolowe","3h","Origin_Zone_Resident","Origin_Zone_Worker","ZoneGlobale","All_modes","248"
"2020-03-22","Kipushi","Kikula","1h","Outside_Resident","Outside_Worker","ZoneGlobale","All_modes","35"
"2020-03-22","Kipushi","Kikula","1h","Outside_Resident","Origin_Zone_Worker","ZoneGlobale","All_modes","35"
"2020-03-22","Kipushi","Kikula","1h","Destination_Zone_Resident","Origin_Zone_Worker","ZoneGlobale","All_modes","35"
"2020-03-22","Kipushi","Kikula","1h","Origin_Zone_Resident","Origin_Zone_Worker","ZoneGlobale","All_modes","35"
"2020-03-22","Kipushi","Kikula","3h","Outside_Resident","Outside_Worker","ZoneGlobale","All_modes","35"
"2020-03-22","Kipushi","Kikula","3h","Outside_Resident","Origin_Zone_Worker","ZoneGlobale","All_modes","35"
"2020-03-22","Kipushi","Kikula","3h","Destination_Zone_Resident","Origin_Zone_Worker","ZoneGlobale","All_modes","35"
"2020-03-22","Kipushi","Kikula","3h","Origin_Zone_Resident","Origin_Zone_Worker","ZoneGlobale","All_modes","70"
"2020-03-22","Kipushi","Likasi","1h","Outside_Resident","Outside_Worker","ZoneGlobale","All_modes","35"
"2020-03-22","Kipushi","Likasi","1h","Destination_Zone_Resident","Destination_Zone_Worker","ZoneGlobale","All_modes","35"
"2020-03-22","Kipushi","Likasi","1h","Study_Zone_Resident","Study_Zone_Worker","ZoneGlobale","All_modes","141"
"2020-03-22","Kipushi","Likasi","3h","Outside_Resident","Outside_Worker","ZoneGlobale","All_modes","35"
"2020-03-22","Kipushi","Likasi","3h","Destination_Zone_Resident","Outside_Worker","ZoneGlobale","All_modes","35"
"2020-03-22","Kipushi","Likasi","3h","Destination_Zone_Resident","Destination_Zone_Worker","ZoneGlobale","All_modes","35"
"2020-03-22","Kipushi","Likasi","3h","Study_Zone_Resident","Destination_Zone_Worker","ZoneGlobale","All_modes","35"
"2020-03-22","Kipushi","Likasi","3h","Study_Zone_Resident","Study_Zone_Worker","ZoneGlobale","All_modes","177"
"2020-03-22","Kipushi","Lubumbashi","1h","Outside_Resident","Outside_Worker","ZoneGlobale","All_modes","1135"
"2020-03-22","Kipushi","Lubumbashi","1h","Outside_Resident","Destination_Zone_Worker","ZoneGlobale","All_modes","958"
"2020-03-22","Kipushi","Lubumbashi","1h","Outside_Resident","Study_Zone_Worker","ZoneGlobale","All_modes","141"
"2020-03-22","Kipushi","Lubumbashi","1h","Outside_Resident","Origin_Zone_Worker","ZoneGlobale","All_modes","567"
"2020-03-22","Kipushi","Lubumbashi","1h","Destination_Zone_Resident","Outside_Worker","ZoneGlobale","All_modes","106"
"2020-03-22","Kipushi","Lubumbashi","1h","Destination_Zone_Resident","Destination_Zone_Worker","ZoneGlobale","All_modes","9773"
"2020-03-22","Kipushi","Lubumbashi","1h","Destination_Zone_Resident","Study_Zone_Worker","ZoneGlobale","All_modes","177"
"2020-03-22","Kipushi","Lubumbashi","1h","Destination_Zone_Resident","Origin_Zone_Worker","ZoneGlobale","All_modes","922"
"2020-03-22","Kipushi","Lubumbashi","1h","Study_Zone_Resident","Destination_Zone_Worker","ZoneGlobale","All_modes","106"
"2020-03-22","Kipushi","Lubumbashi","1h","Study_Zone_Resident","Study_Zone_Worker","ZoneGlobale","All_modes","802"
"2020-03-22","Kipushi","Lubumbashi","1h","Origin_Zone_Resident","Outside_Worker","ZoneGlobale","All_modes","35"
"2020-03-22","Kipushi","Lubumbashi","1h","Origin_Zone_Resident","Destination_Zone_Worker","ZoneGlobale","All_modes","1028"
"2020-03-22","Kipushi","Lubumbashi","1h","Origin_Zone_Resident","Study_Zone_Worker","ZoneGlobale","All_modes","35"
"2020-03-22","Kipushi","Lubumbashi","1h","Origin_Zone_Resident","Origin_Zone_Worker","ZoneGlobale","All_modes","1774"
"2020-03-22","Kipushi","Lubumbashi","3h","Outside_Resident","Outside_Worker","ZoneGlobale","All_modes","2195"
"2020-03-22","Kipushi","Lubumbashi","3h","Outside_Resident","Destination_Zone_Worker","ZoneGlobale","All_modes","3803"
"2020-03-22","Kipushi","Lubumbashi","3h","Outside_Resident","Study_Zone_Worker","ZoneGlobale","All_modes","155"
"2020-03-22","Kipushi","Lubumbashi","3h","Outside_Resident","Origin_Zone_Worker","ZoneGlobale","All_modes","1808"
"2020-03-22","Kipushi","Lubumbashi","3h","Destination_Zone_Resident","Outside_Worker","ZoneGlobale","All_modes","70"
"2020-03-22","Kipushi","Lubumbashi","3h","Destination_Zone_Resident","Destination_Zone_Worker","ZoneGlobale","All_modes","15117"
"2020-03-22","Kipushi","Lubumbashi","3h","Destination_Zone_Resident","Study_Zone_Worker","ZoneGlobale","All_modes","106"
"2020-03-22","Kipushi","Lubumbashi","3h","Destination_Zone_Resident","Origin_Zone_Worker","ZoneGlobale","All_modes","2668"
"2020-03-22","Kipushi","Lubumbashi","3h","Study_Zone_Resident","Destination_Zone_Worker","ZoneGlobale","All_modes","141"
"2020-03-22","Kipushi","Lubumbashi","3h","Study_Zone_Resident","Study_Zone_Worker","ZoneGlobale","All_modes","1170"
"2020-03-22","Kipushi","Lubumbashi","3h","Study_Zone_Resident","Origin_Zone_Worker","ZoneGlobale","All_modes","70"
"2020-03-22","Kipushi","Lubumbashi","3h","Origin_Zone_Resident","Outside_Worker","ZoneGlobale","All_modes","120"
"2020-03-22","Kipushi","Lubumbashi","3h","Origin_Zone_Resident","Destination_Zone_Worker","ZoneGlobale","All_modes","2660"
"2020-03-22","Kipushi","Lubumbashi","3h","Origin_Zone_Resident","Study_Zone_Worker","ZoneGlobale","All_modes","35"
"2020-03-22","Kipushi","Lubumbashi","3h","Origin_Zone_Resident","Origin_Zone_Worker","ZoneGlobale","All_modes","4500"
"2020-03-22","Kipushi","Manika","1h","Outside_Resident","Outside_Worker","ZoneGlobale","All_modes","106"
"2020-03-22","Kipushi","Manika","1h","Outside_Resident","Destination_Zone_Worker","ZoneGlobale","All_modes","35"
"2020-03-22","Kipushi","Manika","1h","Outside_Resident","Study_Zone_Worker","ZoneGlobale","All_modes","35"
"2020-03-22","Kipushi","Manika","1h","Outside_Resident","Origin_Zone_Worker","ZoneGlobale","All_modes","70"
"2020-03-22","Kipushi","Manika","1h","Destination_Zone_Resident","Destination_Zone_Worker","ZoneGlobale","All_modes","390"
"2020-03-22","Kipushi","Manika","1h","Destination_Zone_Resident","Study_Zone_Worker","ZoneGlobale","All_modes","70"
"2020-03-22","Kipushi","Manika","1h","Destination_Zone_Resident","Origin_Zone_Worker","ZoneGlobale","All_modes","283"
"2020-03-22","Kipushi","Manika","1h","Study_Zone_Resident","Study_Zone_Worker","ZoneGlobale","All_modes","35"
"2020-03-22","Kipushi","Manika","1h","Origin_Zone_Resident","Destination_Zone_Worker","ZoneGlobale","All_modes","35"
"2020-03-22","Kipushi","Manika","1h","Origin_Zone_Resident","Study_Zone_Worker","ZoneGlobale","All_modes","35"
"2020-03-22","Kipushi","Manika","1h","Origin_Zone_Resident","Origin_Zone_Worker","ZoneGlobale","All_modes","283"
"2020-03-22","Kipushi","Manika","3h","Outside_Resident","Outside_Worker","ZoneGlobale","All_modes","212"
"2020-03-22","Kipushi","Manika","3h","Outside_Resident","Study_Zone_Worker","ZoneGlobale","All_modes","70"
"2020-03-22","Kipushi","Manika","3h","Outside_Resident","Origin_Zone_Worker","ZoneGlobale","All_modes","567"
"2020-03-22","Kipushi","Manika","3h","Destination_Zone_Resident","Outside_Worker","ZoneGlobale","All_modes","35"
"2020-03-22","Kipushi","Manika","3h","Destination_Zone_Resident","Destination_Zone_Worker","ZoneGlobale","All_modes","283"
"2020-03-22","Kipushi","Manika","3h","Destination_Zone_Resident","Study_Zone_Worker","ZoneGlobale","All_modes","35"
"2020-03-22","Kipushi","Manika","3h","Destination_Zone_Resident","Origin_Zone_Worker","ZoneGlobale","All_modes","425"
"2020-03-22","Kipushi","Manika","3h","Study_Zone_Resident","Study_Zone_Worker","ZoneGlobale","All_modes","177"
"2020-03-22","Kipushi","Manika","3h","Study_Zone_Resident","Origin_Zone_Worker","ZoneGlobale","All_modes","70"
"2020-03-22","Kipushi","Manika","3h","Origin_Zone_Resident","Outside_Worker","ZoneGlobale","All_modes","35"
"2020-03-22","Kipushi","Manika","3h","Origin_Zone_Resident","Study_Zone_Worker","ZoneGlobale","All_modes","212"
"2020-03-22","Kipushi","Manika","3h","Origin_Zone_Resident","Origin_Zone_Worker","ZoneGlobale","All_modes","957"
"2020-03-22","Kipushi","Rwashi","1h","Outside_Resident","Outside_Worker","ZoneGlobale","All_modes","106"
"2020-03-22","Kipushi","Rwashi","1h","Outside_Resident","Destination_Zone_Worker","ZoneGlobale","All_modes","70"
"2020-03-22","Kipushi","Rwashi","1h","Outside_Resident","Study_Zone_Worker","ZoneGlobale","All_modes","35"
"2020-03-22","Kipushi","Rwashi","1h","Outside_Resident","Origin_Zone_Worker","ZoneGlobale","All_modes","35"
"2020-03-22","Kipushi","Rwashi","1h","Destination_Zone_Resident","Destination_Zone_Worker","ZoneGlobale","All_modes","70"
"2020-03-22","Kipushi","Rwashi","1h","Destination_Zone_Resident","Study_Zone_Worker","ZoneGlobale","All_modes","141"
"2020-03-22","Kipushi","Rwashi","1h","Destination_Zone_Resident","Origin_Zone_Worker","ZoneGlobale","All_modes","106"
"2020-03-22","Kipushi","Rwashi","1h","Study_Zone_Resident","Destination_Zone_Worker","ZoneGlobale","All_modes","35"
"2020-03-22","Kipushi","Rwashi","1h","Study_Zone_Resident","Study_Zone_Worker","ZoneGlobale","All_modes","106"
"2020-03-22","Kipushi","Rwashi","1h","Origin_Zone_Resident","Destination_Zone_Worker","ZoneGlobale","All_modes","35"
"2020-03-22","Kipushi","Rwashi","1h","Origin_Zone_Resident","Origin_Zone_Worker","ZoneGlobale","All_modes","141"
"2020-03-22","Kipushi","Rwashi","3h","Outside_Resident","Outside_Worker","ZoneGlobale","All_modes","248"
"2020-03-22","Kipushi","Rwashi","3h","Outside_Resident","Destination_Zone_Worker","ZoneGlobale","All_modes","35"
"2020-03-22","Kipushi","Rwashi","3h","Outside_Resident","Study_Zone_Worker","ZoneGlobale","All_modes","35"
"2020-03-22","Kipushi","Rwashi","3h","Outside_Resident","Origin_Zone_Worker","ZoneGlobale","All_modes","106"
"2020-03-22","Kipushi","Rwashi","3h","Destination_Zone_Resident","Destination_Zone_Worker","ZoneGlobale","All_modes","70"
"2020-03-22","Kipushi","Rwashi","3h","Destination_Zone_Resident","Study_Zone_Worker","ZoneGlobale","All_modes","141"
"2020-03-22","Kipushi","Rwashi","3h","Destination_Zone_Resident","Origin_Zone_Worker","ZoneGlobale","All_modes","177"
"2020-03-22","Kipushi","Rwashi","3h","Study_Zone_Resident","Outside_Worker","ZoneGlobale","All_modes","35"
"2020-03-22","Kipushi","Rwashi","3h","Study_Zone_Resident","Destination_Zone_Worker","ZoneGlobale","All_modes","70"
"2020-03-22","Kipushi","Rwashi","3h","Study_Zone_Resident","Study_Zone_Worker","ZoneGlobale","All_modes","390"
"2020-03-22","Kipushi","Rwashi","3h","Study_Zone_Resident","Origin_Zone_Worker","ZoneGlobale","All_modes","35"
"2020-03-22","Kipushi","Rwashi","3h","Origin_Zone_Resident","Destination_Zone_Worker","ZoneGlobale","All_modes","70"
"2020-03-22","Kipushi","Rwashi","3h","Origin_Zone_Resident","Study_Zone_Worker","ZoneGlobale","All_modes","106"
"2020-03-22","Kipushi","Rwashi","3h","Origin_Zone_Resident","Origin_Zone_Worker","ZoneGlobale","All_modes","212"
"2020-03-22","Kipushi","Sakania","1h","Outside_Resident","Outside_Worker","ZoneGlobale","All_modes","599"
"2020-03-22","Kipushi","Sakania","1h","Outside_Resident","Destination_Zone_Worker","ZoneGlobale","All_modes","425"
"2020-03-22","Kipushi","Sakania","1h","Outside_Resident","Study_Zone_Worker","ZoneGlobale","All_modes","35"
"2020-03-22","Kipushi","Sakania","1h","Outside_Resident","Origin_Zone_Worker","ZoneGlobale","All_modes","35"
"2020-03-22","Kipushi","Sakania","1h","Destination_Zone_Resident","Outside_Worker","ZoneGlobale","All_modes","35"
"2020-03-22","Kipushi","Sakania","1h","Destination_Zone_Resident","Destination_Zone_Worker","ZoneGlobale","All_modes","2563"
"2020-03-22","Kipushi","Sakania","1h","Destination_Zone_Resident","Study_Zone_Worker","ZoneGlobale","All_modes","248"
"2020-03-22","Kipushi","Sakania","1h","Destination_Zone_Resident","Origin_Zone_Worker","ZoneGlobale","All_modes","70"
"2020-03-22","Kipushi","Sakania","1h","Study_Zone_Resident","Destination_Zone_Worker","ZoneGlobale","All_modes","70"
"2020-03-22","Kipushi","Sakania","1h","Study_Zone_Resident","Study_Zone_Worker","ZoneGlobale","All_modes","709"
"2020-03-22","Kipushi","Sakania","1h","Origin_Zone_Resident","Destination_Zone_Worker","ZoneGlobale","All_modes","212"
"2020-03-22","Kipushi","Sakania","1h","Origin_Zone_Resident","Origin_Zone_Worker","ZoneGlobale","All_modes","106"
"2020-03-22","Kipushi","Sakania","3h","Outside_Resident","Outside_Worker","ZoneGlobale","All_modes","492"
"2020-03-22","Kipushi","Sakania","3h","Outside_Resident","Destination_Zone_Worker","ZoneGlobale","All_modes","1170"
"2020-03-22","Kipushi","Sakania","3h","Outside_Resident","Study_Zone_Worker","ZoneGlobale","All_modes","141"
"2020-03-22","Kipushi","Sakania","3h","Outside_Resident","Origin_Zone_Worker","ZoneGlobale","All_modes","141"
"2020-03-22","Kipushi","Sakania","3h","Destination_Zone_Resident","Outside_Worker","ZoneGlobale","All_modes","106"
"2020-03-22","Kipushi","Sakania","3h","Destination_Zone_Resident","Destination_Zone_Worker","ZoneGlobale","All_modes","3249"
"2020-03-22","Kipushi","Sakania","3h","Destination_Zone_Resident","Study_Zone_Worker","ZoneGlobale","All_modes","177"
"2020-03-22","Kipushi","Sakania","3h","Destination_Zone_Resident","Origin_Zone_Worker","ZoneGlobale","All_modes","354"
"2020-03-22","Kipushi","Sakania","3h","Study_Zone_Resident","Study_Zone_Worker","ZoneGlobale","All_modes","567"
"2020-03-22","Kipushi","Sakania","3h","Origin_Zone_Resident","Outside_Worker","ZoneGlobale","All_modes","70"
"2020-03-22","Kipushi","Sakania","3h","Origin_Zone_Resident","Destination_Zone_Worker","ZoneGlobale","All_modes","496"
"2020-03-22","Kipushi","Sakania","3h","Origin_Zone_Resident","Origin_Zone_Worker","ZoneGlobale","All_modes","496"
"2020-03-22","Kipushi","Tshamilemba","1h","Outside_Resident","Outside_Worker","ZoneGlobale","All_modes","35"
"2020-03-22","Kipushi","Tshamilemba","1h","Outside_Resident","Origin_Zone_Worker","ZoneGlobale","All_modes","35"
"2020-03-22","Kipushi","Tshamilemba","1h","Destination_Zone_Resident","Destination_Zone_Worker","ZoneGlobale","All_modes","71"
"2020-03-22","Kipushi","Tshamilemba","1h","Destination_Zone_Resident","Origin_Zone_Worker","ZoneGlobale","All_modes","35"
"2020-03-22","Kipushi","Tshamilemba","1h","Origin_Zone_Resident","Study_Zone_Worker","ZoneGlobale","All_modes","35"
"2020-03-22","Kipushi","Tshamilemba","1h","Origin_Zone_Resident","Origin_Zone_Worker","ZoneGlobale","All_modes","35"
"2020-03-22","Kipushi","Tshamilemba","3h","Outside_Resident","Outside_Worker","ZoneGlobale","All_modes","35"
"2020-03-22","Kipushi","Tshamilemba","3h","Outside_Resident","Destination_Zone_Worker","ZoneGlobale","All_modes","141"
"2020-03-22","Kipushi","Tshamilemba","3h","Outside_Resident","Study_Zone_Worker","ZoneGlobale","All_modes","70"
"2020-03-22","Kipushi","Tshamilemba","3h","Destination_Zone_Resident","Outside_Worker","ZoneGlobale","All_modes","70"
"2020-03-22","Kipushi","Tshamilemba","3h","Destination_Zone_Resident","Destination_Zone_Worker","ZoneGlobale","All_modes","212"
"2020-03-22","Kipushi","Tshamilemba","3h","Destination_Zone_Resident","Study_Zone_Worker","ZoneGlobale","All_modes","212"
"2020-03-22","Kipushi","Tshamilemba","3h","Destination_Zone_Resident","Origin_Zone_Worker","ZoneGlobale","All_modes","70"
"2020-03-22","Kipushi","Tshamilemba","3h","Study_Zone_Resident","Study_Zone_Worker","ZoneGlobale","All_modes","70"
"2020-03-22","Kipushi","Tshamilemba","3h","Study_Zone_Resident","Origin_Zone_Worker","ZoneGlobale","All_modes","35"
"2020-03-22","Kipushi","Tshamilemba","3h","Origin_Zone_Resident","Origin_Zone_Worker","ZoneGlobale","All_modes","35"
"2020-03-22","Kirotshe","Birambizo","3h","Study_Zone_Resident","Study_Zone_Worker","ZoneGlobale","All_modes","47"
"2020-03-22","Kirotshe","Bunyakiri","3h","Destination_Zone_Resident","Origin_Zone_Worker","ZoneGlobale","All_modes","47"
"2020-03-22","Kirotshe","Ibanda","3h","Origin_Zone_Resident","Origin_Zone_Worker","ZoneGlobale","All_modes","31"
"2020-03-22","Kirotshe","Idjwi","1h","Outside_Resident","Outside_Worker","ZoneGlobale","All_modes","310"
"2020-03-22","Kirotshe","Idjwi","1h","Outside_Resident","Destination_Zone_Worker","ZoneGlobale","All_modes","47"
"2020-03-22","Kirotshe","Idjwi","1h","Outside_Resident","Origin_Zone_Worker","ZoneGlobale","All_modes","47"
"2020-03-22","Kirotshe","Idjwi","1h","Destination_Zone_Resident","Destination_Zone_Worker","ZoneGlobale","All_modes","47"
"2020-03-22","Kirotshe","Idjwi","1h","Destination_Zone_Resident","Study_Zone_Worker","ZoneGlobale","All_modes","79"
"2020-03-22","Kirotshe","Idjwi","1h","Study_Zone_Resident","Study_Zone_Worker","ZoneGlobale","All_modes","95"
"2020-03-22","Kirotshe","Idjwi","1h","Origin_Zone_Resident","Study_Zone_Worker","ZoneGlobale","All_modes","95"
"2020-03-22","Kirotshe","Idjwi","3h","Outside_Resident","Outside_Worker","ZoneGlobale","All_modes","414"
"2020-03-22","Kirotshe","Idjwi","3h","Outside_Resident","Destination_Zone_Worker","ZoneGlobale","All_modes","143"
"2020-03-22","Kirotshe","Idjwi","3h","Outside_Resident","Study_Zone_Worker","ZoneGlobale","All_modes","143"
"2020-03-22","Kirotshe","Idjwi","3h","Outside_Resident","Origin_Zone_Worker","ZoneGlobale","All_modes","110"
"2020-03-22","Kirotshe","Idjwi","3h","Destination_Zone_Resident","Outside_Worker","ZoneGlobale","All_modes","47"
"2020-03-22","Kirotshe","Idjwi","3h","Destination_Zone_Resident","Destination_Zone_Worker","ZoneGlobale","All_modes","206"
"2020-03-22","Kirotshe","Idjwi","3h","Destination_Zone_Resident","Study_Zone_Worker","ZoneGlobale","All_modes","366"
"2020-03-22","Kirotshe","Idjwi","3h","Destination_Zone_Resident","Origin_Zone_Worker","ZoneGlobale","All_modes","143"
"2020-03-22","Kirotshe","Idjwi","3h","Study_Zone_Resident","Outside_Worker","ZoneGlobale","All_modes","109"
"2020-03-22","Kirotshe","Idjwi","3h","Study_Zone_Resident","Destination_Zone_Worker","ZoneGlobale","All_modes","95"
"2020-03-22","Kirotshe","Idjwi","3h","Study_Zone_Resident","Study_Zone_Worker","ZoneGlobale","All_modes","621"
"2020-03-22","Kirotshe","Idjwi","3h","Study_Zone_Resident","Origin_Zone_Worker","ZoneGlobale","All_modes","270"
"2020-03-22","Kirotshe","Idjwi","3h","Origin_Zone_Resident","Outside_Worker","ZoneGlobale","All_modes","47"
"2020-03-22","Kirotshe","Idjwi","3h","Origin_Zone_Resident","Destination_Zone_Worker","ZoneGlobale","All_modes","95"
"2020-03-22","Kirotshe","Idjwi","3h","Origin_Zone_Resident","Study_Zone_Worker","ZoneGlobale","All_modes","143"
"2020-03-22","Kirotshe","Idjwi","3h","Origin_Zone_Resident","Origin_Zone_Worker","ZoneGlobale","All_modes","509"
"2020-03-22","Kirotshe","Itebero","3h","Outside_Resident","Outside_Worker","ZoneGlobale","All_modes","47"
"2020-03-22","Kirotshe","Itebero","3h","Study_Zone_Resident","Origin_Zone_Worker","ZoneGlobale","All_modes","47"
"2020-03-22","Kirotshe","Itebero","3h","Origin_Zone_Resident","Origin_Zone_Worker","ZoneGlobale","All_modes","95"
"2020-03-22","Kirotshe","Karisimbi","1h","Outside_Resident","Outside_Worker","ZoneGlobale","All_modes","143"
"2020-03-22","Kirotshe","Karisimbi","1h","Outside_Resident","Destination_Zone_Worker","ZoneGlobale","All_modes","95"
"2020-03-22","Kirotshe","Karisimbi","1h","Outside_Resident","Study_Zone_Worker","ZoneGlobale","All_modes","95"
"2020-03-22","Kirotshe","Karisimbi","1h","Destination_Zone_Resident","Outside_Worker","ZoneGlobale","All_modes","95"
"2020-03-22","Kirotshe","Karisimbi","1h","Destination_Zone_Resident","Destination_Zone_Worker","ZoneGlobale","All_modes","717"
"2020-03-22","Kirotshe","Karisimbi","1h","Destination_Zone_Resident","Study_Zone_Worker","ZoneGlobale","All_modes","95"
"2020-03-22","Kirotshe","Karisimbi","1h","Destination_Zone_Resident","Origin_Zone_Worker","ZoneGlobale","All_modes","222"
"2020-03-22","Kirotshe","Karisimbi","1h","Study_Zone_Resident","Destination_Zone_Worker","ZoneGlobale","All_modes","95"
"2020-03-22","Kirotshe","Karisimbi","1h","Study_Zone_Resident","Study_Zone_Worker","ZoneGlobale","All_modes","143"
"2020-03-22","Kirotshe","Karisimbi","1h","Origin_Zone_Resident","Outside_Worker","ZoneGlobale","All_modes","95"
"2020-03-22","Kirotshe","Karisimbi","1h","Origin_Zone_Resident","Destination_Zone_Worker","ZoneGlobale","All_modes","95"
"2020-03-22","Kirotshe","Karisimbi","1h","Origin_Zone_Resident","Origin_Zone_Worker","ZoneGlobale","All_modes","286"
"2020-03-22","Kirotshe","Karisimbi","3h","Outside_Resident","Outside_Worker","ZoneGlobale","All_modes","860"
"2020-03-22","Kirotshe","Karisimbi","3h","Outside_Resident","Destination_Zone_Worker","ZoneGlobale","All_modes","430"
"2020-03-22","Kirotshe","Karisimbi","3h","Outside_Resident","Study_Zone_Worker","ZoneGlobale","All_modes","270"
"2020-03-22","Kirotshe","Karisimbi","3h","Outside_Resident","Origin_Zone_Worker","ZoneGlobale","All_modes","654"
"2020-03-22","Kirotshe","Karisimbi","3h","Destination_Zone_Resident","Outside_Worker","ZoneGlobale","All_modes","334"
"2020-03-22","Kirotshe","Karisimbi","3h","Destination_Zone_Resident","Destination_Zone_Worker","ZoneGlobale","All_modes","2534"
"2020-03-22","Kirotshe","Karisimbi","3h","Destination_Zone_Resident","Study_Zone_Worker","ZoneGlobale","All_modes","397"
"2020-03-22","Kirotshe","Karisimbi","3h","Destination_Zone_Resident","Origin_Zone_Worker","ZoneGlobale","All_modes","557"
"2020-03-22","Kirotshe","Karisimbi","3h","Study_Zone_Resident","Outside_Worker","ZoneGlobale","All_modes","47"
"2020-03-22","Kirotshe","Karisimbi","3h","Study_Zone_Resident","Destination_Zone_Worker","ZoneGlobale","All_modes","143"
"2020-03-22","Kirotshe","Karisimbi","3h","Study_Zone_Resident","Study_Zone_Worker","ZoneGlobale","All_modes","127"
"2020-03-22","Kirotshe","Karisimbi","3h","Study_Zone_Resident","Origin_Zone_Worker","ZoneGlobale","All_modes","191"
"2020-03-22","Kirotshe","Karisimbi","3h","Origin_Zone_Resident","Outside_Worker","ZoneGlobale","All_modes","143"
"2020-03-22","Kirotshe","Karisimbi","3h","Origin_Zone_Resident","Destination_Zone_Worker","ZoneGlobale","All_modes","143"
"2020-03-22","Kirotshe","Karisimbi","3h","Origin_Zone_Resident","Study_Zone_Worker","ZoneGlobale","All_modes","31"
"2020-03-22","Kirotshe","Karisimbi","3h","Origin_Zone_Resident","Origin_Zone_Worker","ZoneGlobale","All_modes","2327"
"2020-03-22","Kirotshe","Masisi","1h","Outside_Resident","Outside_Worker","ZoneGlobale","All_modes","1004"
"2020-03-22","Kirotshe","Masisi","1h","Outside_Resident","Destination_Zone_Worker","ZoneGlobale","All_modes","286"
"2020-03-22","Kirotshe","Masisi","1h","Outside_Resident","Origin_Zone_Worker","ZoneGlobale","All_modes","430"
"2020-03-22","Kirotshe","Masisi","1h","Destination_Zone_Resident","Outside_Worker","ZoneGlobale","All_modes","143"
"2020-03-22","Kirotshe","Masisi","1h","Destination_Zone_Resident","Destination_Zone_Worker","ZoneGlobale","All_modes","2135"
"2020-03-22","Kirotshe","Masisi","1h","Destination_Zone_Resident","Origin_Zone_Worker","ZoneGlobale","All_modes","2534"
"2020-03-22","Kirotshe","Masisi","1h","Study_Zone_Resident","Destination_Zone_Worker","ZoneGlobale","All_modes","31"
"2020-03-22","Kirotshe","Masisi","1h","Study_Zone_Resident","Study_Zone_Worker","ZoneGlobale","All_modes","79"
"2020-03-22","Kirotshe","Masisi","1h","Origin_Zone_Resident","Destination_Zone_Worker","ZoneGlobale","All_modes","334"
"2020-03-22","Kirotshe","Masisi","1h","Origin_Zone_Resident","Study_Zone_Worker","ZoneGlobale","All_modes","47"
"2020-03-22","Kirotshe","Masisi","1h","Origin_Zone_Resident","Origin_Zone_Worker","ZoneGlobale","All_modes","3044"
"2020-03-22","Kirotshe","Masisi","3h","Outside_Resident","Outside_Worker","ZoneGlobale","All_modes","5579"
"2020-03-22","Kirotshe","Masisi","3h","Outside_Resident","Destination_Zone_Worker","ZoneGlobale","All_modes","1801"
"2020-03-22","Kirotshe","Masisi","3h","Outside_Resident","Study_Zone_Worker","ZoneGlobale","All_modes","47"
"2020-03-22","Kirotshe","Masisi","3h","Outside_Resident","Origin_Zone_Worker","ZoneGlobale","All_modes","3969"
"2020-03-22","Kirotshe","Masisi","3h","Destination_Zone_Resident","Outside_Worker","ZoneGlobale","All_modes","430"
"2020-03-22","Kirotshe","Masisi","3h","Destination_Zone_Resident","Destination_Zone_Worker","ZoneGlobale","All_modes","7141"
"2020-03-22","Kirotshe","Masisi","3h","Destination_Zone_Resident","Study_Zone_Worker","ZoneGlobale","All_modes","95"
"2020-03-22","Kirotshe","Masisi","3h","Destination_Zone_Resident","Origin_Zone_Worker","ZoneGlobale","All_modes","7571"
"2020-03-22","Kirotshe","Masisi","3h","Study_Zone_Resident","Destination_Zone_Worker","ZoneGlobale","All_modes","79"
"2020-03-22","Kirotshe","Masisi","3h","Study_Zone_Resident","Study_Zone_Worker","ZoneGlobale","All_modes","1067"
"2020-03-22","Kirotshe","Masisi","3h","Study_Zone_Resident","Origin_Zone_Worker","ZoneGlobale","All_modes","222"
"2020-03-22","Kirotshe","Masisi","3h","Origin_Zone_Resident","Outside_Worker","ZoneGlobale","All_modes","478"
"2020-03-22","Kirotshe","Masisi","3h","Origin_Zone_Resident","Destination_Zone_Worker","ZoneGlobale","All_modes","2343"
"2020-03-22","Kirotshe","Masisi","3h","Origin_Zone_Resident","Origin_Zone_Worker","ZoneGlobale","All_modes","19127"
"2020-03-22","Kirotshe","Minova","1h","Outside_Resident","Outside_Worker","ZoneGlobale","All_modes","206"
"2020-03-22","Kirotshe","Minova","1h","Outside_Resident","Destination_Zone_Worker","ZoneGlobale","All_modes","158"
"2020-03-22","Kirotshe","Minova","1h","Outside_Resident","Study_Zone_Worker","ZoneGlobale","All_modes","31"
"2020-03-22","Kirotshe","Minova","1h","Outside_Resident","Origin_Zone_Worker","ZoneGlobale","All_modes","239"
"2020-03-22","Kirotshe","Minova","1h","Destination_Zone_Resident","Outside_Worker","ZoneGlobale","All_modes","47"
"2020-03-22","Kirotshe","Minova","1h","Destination_Zone_Resident","Destination_Zone_Worker","ZoneGlobale","All_modes","744"
"2020-03-22","Kirotshe","Minova","1h","Destination_Zone_Resident","Origin_Zone_Worker","ZoneGlobale","All_modes","381"
"2020-03-22","Kirotshe","Minova","1h","Study_Zone_Resident","Study_Zone_Worker","ZoneGlobale","All_modes","110"
"2020-03-22","Kirotshe","Minova","1h","Origin_Zone_Resident","Outside_Worker","ZoneGlobale","All_modes","47"
"2020-03-22","Kirotshe","Minova","1h","Origin_Zone_Resident","Destination_Zone_Worker","ZoneGlobale","All_modes","47"
"2020-03-22","Kirotshe","Minova","1h","Origin_Zone_Resident","Origin_Zone_Worker","ZoneGlobale","All_modes","716"
"2020-03-22","Kirotshe","Minova","3h","Outside_Resident","Outside_Worker","ZoneGlobale","All_modes","1047"
"2020-03-22","Kirotshe","Minova","3h","Outside_Resident","Destination_Zone_Worker","ZoneGlobale","All_modes","285"
"2020-03-22","Kirotshe","Minova","3h","Outside_Resident","Study_Zone_Worker","ZoneGlobale","All_modes","127"
"2020-03-22","Kirotshe","Minova","3h","Outside_Resident","Origin_Zone_Worker","ZoneGlobale","All_modes","1050"
"2020-03-22","Kirotshe","Minova","3h","Destination_Zone_Resident","Outside_Worker","ZoneGlobale","All_modes","206"
"2020-03-22","Kirotshe","Minova","3h","Destination_Zone_Resident","Destination_Zone_Worker","ZoneGlobale","All_modes","2757"
"2020-03-22","Kirotshe","Minova","3h","Destination_Zone_Resident","Study_Zone_Worker","ZoneGlobale","All_modes","127"
"2020-03-22","Kirotshe","Minova","3h","Destination_Zone_Resident","Origin_Zone_Worker","ZoneGlobale","All_modes","1969"
"2020-03-22","Kirotshe","Minova","3h","Study_Zone_Resident","Outside_Worker","ZoneGlobale","All_modes","127"
"2020-03-22","Kirotshe","Minova","3h","Study_Zone_Resident","Study_Zone_Worker","ZoneGlobale","All_modes","269"
"2020-03-22","Kirotshe","Minova","3h","Study_Zone_Resident","Origin_Zone_Worker","ZoneGlobale","All_modes","143"
"2020-03-22","Kirotshe","Minova","3h","Origin_Zone_Resident","Outside_Worker","ZoneGlobale","All_modes","47"
"2020-03-22","Kirotshe","Minova","3h","Origin_Zone_Resident","Destination_Zone_Worker","ZoneGlobale","All_modes","332"
"2020-03-22","Kirotshe","Minova","3h","Origin_Zone_Resident","Study_Zone_Worker","ZoneGlobale","All_modes","95"
"2020-03-22","Kirotshe","Minova","3h","Origin_Zone_Resident","Origin_Zone_Worker","ZoneGlobale","All_modes","2596"
"2020-03-22","Kirotshe","Mweso","1h","Outside_Resident","Outside_Worker","ZoneGlobale","All_modes","47"
"2020-03-22","Kirotshe","Mweso","1h","Destination_Zone_Resident","Destination_Zone_Worker","ZoneGlobale","All_modes","334"
"2020-03-22","Kirotshe","Mweso","1h","Destination_Zone_Resident","Origin_Zone_Worker","ZoneGlobale","All_modes","95"
"2020-03-22","Kirotshe","Mweso","1h","Study_Zone_Resident","Study_Zone_Worker","ZoneGlobale","All_modes","143"
"2020-03-22","Kirotshe","Mweso","1h","Origin_Zone_Resident","Origin_Zone_Worker","ZoneGlobale","All_modes","191"
"2020-03-22","Kirotshe","Mweso","3h","Outside_Resident","Outside_Worker","ZoneGlobale","All_modes","239"
"2020-03-22","Kirotshe","Mweso","3h","Outside_Resident","Destination_Zone_Worker","ZoneGlobale","All_modes","191"
"2020-03-22","Kirotshe","Mweso","3h","Outside_Resident","Study_Zone_Worker","ZoneGlobale","All_modes","47"
"2020-03-22","Kirotshe","Mweso","3h","Outside_Resident","Origin_Zone_Worker","ZoneGlobale","All_modes","95"
"2020-03-22","Kirotshe","Mweso","3h","Destination_Zone_Resident","Destination_Zone_Worker","ZoneGlobale","All_modes","621"
"2020-03-22","Kirotshe","Mweso","3h","Destination_Zone_Resident","Study_Zone_Worker","ZoneGlobale","All_modes","47"
"2020-03-22","Kirotshe","Mweso","3h","Destination_Zone_Resident","Origin_Zone_Worker","ZoneGlobale","All_modes","286"
"2020-03-22","Kirotshe","Mweso","3h","Study_Zone_Resident","Destination_Zone_Worker","ZoneGlobale","All_modes","95"
"2020-03-22","Kirotshe","Mweso","3h","Study_Zone_Resident","Study_Zone_Worker","ZoneGlobale","All_modes","191"
"2020-03-22","Kirotshe","Mweso","3h","Origin_Zone_Resident","Outside_Worker","ZoneGlobale","All_modes","47"
"2020-03-22","Kirotshe","Mweso","3h","Origin_Zone_Resident","Destination_Zone_Worker","ZoneGlobale","All_modes","95"
"2020-03-22","Kirotshe","Mweso","3h","Origin_Zone_Resident","Study_Zone_Worker","ZoneGlobale","All_modes","47"
"2020-03-22","Kirotshe","Mweso","3h","Origin_Zone_Resident","Origin_Zone_Worker","ZoneGlobale","All_modes","813"
"2020-03-22","Kirotshe","Nyiragongo","1h","Outside_Resident","Outside_Worker","ZoneGlobale","All_modes","143"
"2020-03-22","Kirotshe","Nyiragongo","1h","Outside_Resident","Destination_Zone_Worker","ZoneGlobale","All_modes","47"
"2020-03-22","Kirotshe","Nyiragongo","1h","Destination_Zone_Resident","Outside_Worker","ZoneGlobale","All_modes","47"
"2020-03-22","Kirotshe","Nyiragongo","1h","Destination_Zone_Resident","Destination_Zone_Worker","ZoneGlobale","All_modes","239"
"2020-03-22","Kirotshe","Nyiragongo","1h","Destination_Zone_Resident","Study_Zone_Worker","ZoneGlobale","All_modes","95"
"2020-03-22","Kirotshe","Nyiragongo","1h","Destination_Zone_Resident","Origin_Zone_Worker","ZoneGlobale","All_modes","318"
"2020-03-22","Kirotshe","Nyiragongo","1h","Study_Zone_Resident","Destination_Zone_Worker","ZoneGlobale","All_modes","47"
"2020-03-22","Kirotshe","Nyiragongo","1h","Study_Zone_Resident","Study_Zone_Worker","ZoneGlobale","All_modes","127"
"2020-03-22","Kirotshe","Nyiragongo","1h","Study_Zone_Resident","Origin_Zone_Worker","ZoneGlobale","All_modes","143"
"2020-03-22","Kirotshe","Nyiragongo","1h","Origin_Zone_Resident","Origin_Zone_Worker","ZoneGlobale","All_modes","478"
"2020-03-22","Kirotshe","Nyiragongo","3h","Outside_Resident","Outside_Worker","ZoneGlobale","All_modes","717"
"2020-03-22","Kirotshe","Nyiragongo","3h","Outside_Resident","Destination_Zone_Worker","ZoneGlobale","All_modes","286"
"2020-03-22","Kirotshe","Nyiragongo","3h","Outside_Resident","Study_Zone_Worker","ZoneGlobale","All_modes","143"
"2020-03-22","Kirotshe","Nyiragongo","3h","Outside_Resident","Origin_Zone_Worker","ZoneGlobale","All_modes","382"
"2020-03-22","Kirotshe","Nyiragongo","3h","Destination_Zone_Resident","Outside_Worker","ZoneGlobale","All_modes","191"
"2020-03-22","Kirotshe","Nyiragongo","3h","Destination_Zone_Resident","Destination_Zone_Worker","ZoneGlobale","All_modes","892"
"2020-03-22","Kirotshe","Nyiragongo","3h","Destination_Zone_Resident","Study_Zone_Worker","ZoneGlobale","All_modes","95"
"2020-03-22","Kirotshe","Nyiragongo","3h","Destination_Zone_Resident","Origin_Zone_Worker","ZoneGlobale","All_modes","1083"
"2020-03-22","Kirotshe","Nyiragongo","3h","Study_Zone_Resident","Study_Zone_Worker","ZoneGlobale","All_modes","668"
"2020-03-22","Kirotshe","Nyiragongo","3h","Study_Zone_Resident","Origin_Zone_Worker","ZoneGlobale","All_modes","95"
"2020-03-22","Kirotshe","Nyiragongo","3h","Origin_Zone_Resident","Outside_Worker","ZoneGlobale","All_modes","47"
"2020-03-22","Kirotshe","Nyiragongo","3h","Origin_Zone_Resident","Destination_Zone_Worker","ZoneGlobale","All_modes","143"
"2020-03-22","Kirotshe","Nyiragongo","3h","Origin_Zone_Resident","Study_Zone_Worker","ZoneGlobale","All_modes","47"
"2020-03-22","Kirotshe","Nyiragongo","3h","Origin_Zone_Resident","Origin_Zone_Worker","ZoneGlobale","All_modes","4303"
"2020-03-22","Kirotshe","Rutshuru","1h","Outside_Resident","Outside_Worker","ZoneGlobale","All_modes","47"
"2020-03-22","Kirotshe","Rutshuru","1h","Destination_Zone_Resident","Destination_Zone_Worker","ZoneGlobale","All_modes","47"
"2020-03-22","Kirotshe","Rutshuru","1h","Study_Zone_Resident","Study_Zone_Worker","ZoneGlobale","All_modes","95"
"2020-03-22","Kirotshe","Rutshuru","1h","Origin_Zone_Resident","Origin_Zone_Worker","ZoneGlobale","All_modes","143"
"2020-03-22","Kirotshe","Rutshuru","3h","Outside_Resident","Outside_Worker","ZoneGlobale","All_modes","143"
"2020-03-22","Kirotshe","Rutshuru","3h","Outside_Resident","Study_Zone_Worker","ZoneGlobale","All_modes","95"
"2020-03-22","Kirotshe","Rutshuru","3h","Outside_Resident","Origin_Zone_Worker","ZoneGlobale","All_modes","143"
"2020-03-22","Kirotshe","Rutshuru","3h","Destination_Zone_Resident","Outside_Worker","ZoneGlobale","All_modes","47"
"2020-03-22","Kirotshe","Rutshuru","3h","Destination_Zone_Resident","Destination_Zone_Worker","ZoneGlobale","All_modes","47"
"2020-03-22","Kirotshe","Rutshuru","3h","Study_Zone_Resident","Study_Zone_Worker","ZoneGlobale","All_modes","143"
"2020-03-22","Kirotshe","Rutshuru","3h","Origin_Zone_Resident","Study_Zone_Worker","ZoneGlobale","All_modes","47"
"2020-03-22","Kirotshe","Rutshuru","3h","Origin_Zone_Resident","Origin_Zone_Worker","ZoneGlobale","All_modes","382"
"2020-03-22","Kisantu","Binza Meteo","3h","Outside_Resident","Study_Zone_Worker","ZoneGlobale","All_modes","27"
"2020-03-22","Kisantu","Binza Ozone","3h","Destination_Zone_Resident","Study_Zone_Worker","ZoneGlobale","All_modes","27"
"2020-03-22","Kisantu","Boko-Kivulu","1h","Outside_Resident","Outside_Worker","ZoneGlobale","All_modes","272"
"2020-03-22","Kisantu","Boko-Kivulu","1h","Outside_Resident","Study_Zone_Worker","ZoneGlobale","All_modes","27"
"2020-03-22","Kisantu","Boko-Kivulu","1h","Outside_Resident","Origin_Zone_Worker","ZoneGlobale","All_modes","40"
"2020-03-22","Kisantu","Boko-Kivulu","1h","Destination_Zone_Resident","Destination_Zone_Worker","ZoneGlobale","All_modes","545"
"2020-03-22","Kisantu","Boko-Kivulu","1h","Destination_Zone_Resident","Origin_Zone_Worker","ZoneGlobale","All_modes","163"
"2020-03-22","Kisantu","Boko-Kivulu","1h","Study_Zone_Resident","Study_Zone_Worker","ZoneGlobale","All_modes","27"
"2020-03-22","Kisantu","Boko-Kivulu","1h","Origin_Zone_Resident","Destination_Zone_Worker","ZoneGlobale","All_modes","27"
"2020-03-22","Kisantu","Boko-Kivulu","1h","Origin_Zone_Resident","Origin_Zone_Worker","ZoneGlobale","All_modes","150"
"2020-03-22","Kisantu","Boko-Kivulu","3h","Outside_Resident","Outside_Worker","ZoneGlobale","All_modes","695"
"2020-03-22","Kisantu","Boko-Kivulu","3h","Outside_Resident","Destination_Zone_Worker","ZoneGlobale","All_modes","81"
"2020-03-22","Kisantu","Boko-Kivulu","3h","Outside_Resident","Origin_Zone_Worker","ZoneGlobale","All_modes","231"
"2020-03-22","Kisantu","Boko-Kivulu","3h","Destination_Zone_Resident","Outside_Worker","ZoneGlobale","All_modes","68"
"2020-03-22","Kisantu","Boko-Kivulu","3h","Destination_Zone_Resident","Destination_Zone_Worker","ZoneGlobale","All_modes","776"
"2020-03-22","Kisantu","Boko-Kivulu","3h","Destination_Zone_Resident","Origin_Zone_Worker","ZoneGlobale","All_modes","408"
"2020-03-22","Kisantu","Boko-Kivulu","3h","Study_Zone_Resident","Study_Zone_Worker","ZoneGlobale","All_modes","68"
"2020-03-22","Kisantu","Boko-Kivulu","3h","Origin_Zone_Resident","Outside_Worker","ZoneGlobale","All_modes","81"
"2020-03-22","Kisantu","Boko-Kivulu","3h","Origin_Zone_Resident","Destination_Zone_Worker","ZoneGlobale","All_modes","190"
"2020-03-22","Kisantu","Boko-Kivulu","3h","Origin_Zone_Resident","Origin_Zone_Worker","ZoneGlobale","All_modes","599"
"2020-03-22","Kisantu","Kalamu I","3h","Outside_Resident","Outside_Worker","ZoneGlobale","All_modes","27"
"2020-03-22","Kisantu","Kimpese","3h","Study_Zone_Resident","Study_Zone_Worker","ZoneGlobale","All_modes","27"
"2020-03-22","Kisantu","Kwilu-Ngongo","1h","Study_Zone_Resident","Study_Zone_Worker","ZoneGlobale","All_modes","84"
"2020-03-22","Kisantu","Masa","1h","Outside_Resident","Outside_Worker","ZoneGlobale","All_modes","27"
"2020-03-22","Kisantu","Masa","1h","Study_Zone_Resident","Study_Zone_Worker","ZoneGlobale","All_modes","81"
"2020-03-22","Kisantu","Masa","3h","Outside_Resident","Outside_Worker","ZoneGlobale","All_modes","68"
"2020-03-22","Kisantu","Masa","3h","Destination_Zone_Resident","Destination_Zone_Worker","ZoneGlobale","All_modes","40"
"2020-03-22","Kisantu","Masa","3h","Study_Zone_Resident","Study_Zone_Worker","ZoneGlobale","All_modes","68"
"2020-03-22","Kisantu","Mbanza-Ngungu","3h","Outside_Resident","Origin_Zone_Worker","ZoneGlobale","All_modes","27"
"2020-03-22","Kisantu","Mbanza-Ngungu","3h","Study_Zone_Resident","Study_Zone_Worker","ZoneGlobale","All_modes","40"
"2020-03-22","Kisantu","Mbanza-Ngungu","3h","Origin_Zone_Resident","Origin_Zone_Worker","ZoneGlobale","All_modes","40"
"2020-03-22","Kisantu","Mont Ngafula I","1h","Study_Zone_Resident","Study_Zone_Worker","ZoneGlobale","All_modes","27"
"2020-03-22","Kisantu","Mont Ngafula I","3h","Outside_Resident","Outside_Worker","ZoneGlobale","All_modes","27"
"2020-03-22","Kisantu","Mont Ngafula I","3h","Outside_Resident","Study_Zone_Worker","ZoneGlobale","All_modes","27"
"2020-03-22","Kisantu","Mont Ngafula I","3h","Study_Zone_Resident","Study_Zone_Worker","ZoneGlobale","All_modes","40"
"2020-03-22","Kisantu","Ngidinga","3h","Outside_Resident","Outside_Worker","ZoneGlobale","All_modes","27"
"2020-03-22","Kisantu","Nsona-Mpangu","3h","Study_Zone_Resident","Study_Zone_Worker","ZoneGlobale","All_modes","27"
"2020-03-22","Kisantu","Selembao","3h","Outside_Resident","Outside_Worker","ZoneGlobale","All_modes","27"
"2020-03-22","Kisantu","Sona-Bata","1h","Outside_Resident","Outside_Worker","ZoneGlobale","All_modes","27"
"2020-03-22","Kisantu","Sona-Bata","1h","Outside_Resident","Study_Zone_Worker","ZoneGlobale","All_modes","27"
"2020-03-22","Kisantu","Sona-Bata","1h","Destination_Zone_Resident","Destination_Zone_Worker","ZoneGlobale","All_modes","27"
"2020-03-22","Kisantu","Sona-Bata","1h","Study_Zone_Resident","Study_Zone_Worker","ZoneGlobale","All_modes","342"
"2020-03-22","Kisantu","Sona-Bata","3h","Outside_Resident","Outside_Worker","ZoneGlobale","All_modes","95"
"2020-03-22","Kisantu","Sona-Bata","3h","Outside_Resident","Study_Zone_Worker","ZoneGlobale","All_modes","40"
"2020-03-22","Kisantu","Sona-Bata","3h","Outside_Resident","Origin_Zone_Worker","ZoneGlobale","All_modes","27"
"2020-03-22","Kisantu","Sona-Bata","3h","Destination_Zone_Resident","Outside_Worker","ZoneGlobale","All_modes","27"
"2020-03-22","Kisantu","Sona-Bata","3h","Destination_Zone_Resident","Destination_Zone_Worker","ZoneGlobale","All_modes","68"
"2020-03-22","Kisantu","Sona-Bata","3h","Study_Zone_Resident","Outside_Worker","ZoneGlobale","All_modes","27"
"2020-03-22","Kisantu","Sona-Bata","3h","Study_Zone_Resident","Study_Zone_Worker","ZoneGlobale","All_modes","27"
"2020-03-22","Kisantu","Sona-Bata","3h","Origin_Zone_Resident","Origin_Zone_Worker","ZoneGlobale","All_modes","81"
"2020-03-22","Kisenso","Barumbu","3h","Destination_Zone_Resident","Destination_Zone_Worker","ZoneGlobale","All_modes","68"
"2020-03-22","Kisenso","Binza Meteo","3h","Outside_Resident","Outside_Worker","ZoneGlobale","All_modes","27"
"2020-03-22","Kisenso","Binza Meteo","3h","Destination_Zone_Resident","Destination_Zone_Worker","ZoneGlobale","All_modes","81"
"2020-03-22","Kisenso","Binza Meteo","3h","Study_Zone_Resident","Study_Zone_Worker","ZoneGlobale","All_modes","27"
"2020-03-22","Kisenso","Binza Meteo","3h","Origin_Zone_Resident","Origin_Zone_Worker","ZoneGlobale","All_modes","27"
"2020-03-22","Kisenso","Bumbu","1h","Destination_Zone_Resident","Destination_Zone_Worker","ZoneGlobale","All_modes","27"
"2020-03-22","Kisenso","Kalamu I","3h","Destination_Zone_Resident","Destination_Zone_Worker","ZoneGlobale","All_modes","40"
"2020-03-22","Kisenso","Kalamu II","1h","Outside_Resident","Outside_Worker","ZoneGlobale","All_modes","27"
"2020-03-22","Kisenso","Kalamu II","3h","Outside_Resident","Outside_Worker","ZoneGlobale","All_modes","40"
"2020-03-22","Kisenso","Kalamu II","3h","Destination_Zone_Resident","Destination_Zone_Worker","ZoneGlobale","All_modes","54"
"2020-03-22","Kisenso","Kalamu II","3h","Origin_Zone_Resident","Origin_Zone_Worker","ZoneGlobale","All_modes","27"
"2020-03-22","Kisenso","Kasa-Vubu","3h","Study_Zone_Resident","Study_Zone_Worker","ZoneGlobale","All_modes","27"
"2020-03-22","Kisenso","Kikimi","3h","Outside_Resident","Outside_Worker","ZoneGlobale","All_modes","109"
"2020-03-22","Kisenso","Kikimi","3h","Outside_Resident","Study_Zone_Worker","ZoneGlobale","All_modes","27"
"2020-03-22","Kisenso","Kikimi","3h","Outside_Resident","Origin_Zone_Worker","ZoneGlobale","All_modes","54"
"2020-03-22","Kisenso","Kikimi","3h","Destination_Zone_Resident","Destination_Zone_Worker","ZoneGlobale","All_modes","54"
"2020-03-22","Kisenso","Kikimi","3h","Study_Zone_Resident","Study_Zone_Worker","ZoneGlobale","All_modes","27"
"2020-03-22","Kisenso","Kikimi","3h","Origin_Zone_Resident","Study_Zone_Worker","ZoneGlobale","All_modes","27"
"2020-03-22","Kisenso","Kikimi","3h","Origin_Zone_Resident","Origin_Zone_Worker","ZoneGlobale","All_modes","122"
"2020-03-22","Kisenso","Kimbanseke","1h","Outside_Resident","Outside_Worker","ZoneGlobale","All_modes","177"
"2020-03-22","Kisenso","Kimbanseke","1h","Outside_Resident","Destination_Zone_Worker","ZoneGlobale","All_modes","54"
"2020-03-22","Kisenso","Kimbanseke","1h","Destination_Zone_Resident","Outside_Worker","ZoneGlobale","All_modes","27"
"2020-03-22","Kisenso","Kimbanseke","1h","Destination_Zone_Resident","Destination_Zone_Worker","ZoneGlobale","All_modes","382"
"2020-03-22","Kisenso","Kimbanseke","1h","Destination_Zone_Resident","Study_Zone_Worker","ZoneGlobale","All_modes","81"
"2020-03-22","Kisenso","Kimbanseke","1h","Destination_Zone_Resident","Origin_Zone_Worker","ZoneGlobale","All_modes","95"
"2020-03-22","Kisenso","Kimbanseke","1h","Study_Zone_Resident","Destination_Zone_Worker","ZoneGlobale","All_modes","27"
"2020-03-22","Kisenso","Kimbanseke","1h","Origin_Zone_Resident","Origin_Zone_Worker","ZoneGlobale","All_modes","232"
"2020-03-22","Kisenso","Kimbanseke","3h","Outside_Resident","Outside_Worker","ZoneGlobale","All_modes","573"
"2020-03-22","Kisenso","Kimbanseke","3h","Outside_Resident","Destination_Zone_Worker","ZoneGlobale","All_modes","54"
"2020-03-22","Kisenso","Kimbanseke","3h","Outside_Resident","Study_Zone_Worker","ZoneGlobale","All_modes","95"
"2020-03-22","Kisenso","Kimbanseke","3h","Outside_Resident","Origin_Zone_Worker","ZoneGlobale","All_modes","163"
"2020-03-22","Kisenso","Kimbanseke","3h","Destination_Zone_Resident","Outside_Worker","ZoneGlobale","All_modes","68"
"2020-03-22","Kisenso","Kimbanseke","3h","Destination_Zone_Resident","Destination_Zone_Worker","ZoneGlobale","All_modes","573"
"2020-03-22","Kisenso","Kimbanseke","3h","Destination_Zone_Resident","Study_Zone_Worker","ZoneGlobale","All_modes","163"
"2020-03-22","Kisenso","Kimbanseke","3h","Destination_Zone_Resident","Origin_Zone_Worker","ZoneGlobale","All_modes","273"
"2020-03-22","Kisenso","Kimbanseke","3h","Study_Zone_Resident","Destination_Zone_Worker","ZoneGlobale","All_modes","54"
"2020-03-22","Kisenso","Kimbanseke","3h","Study_Zone_Resident","Study_Zone_Worker","ZoneGlobale","All_modes","81"
"2020-03-22","Kisenso","Kimbanseke","3h","Study_Zone_Resident","Origin_Zone_Worker","ZoneGlobale","All_modes","40"
"2020-03-22","Kisenso","Kimbanseke","3h","Origin_Zone_Resident","Outside_Worker","ZoneGlobale","All_modes","40"
"2020-03-22","Kisenso","Kimbanseke","3h","Origin_Zone_Resident","Destination_Zone_Worker","ZoneGlobale","All_modes","95"
"2020-03-22","Kisenso","Kimbanseke","3h","Origin_Zone_Resident","Study_Zone_Worker","ZoneGlobale","All_modes","81"
"2020-03-22","Kisenso","Kimbanseke","3h","Origin_Zone_Resident","Origin_Zone_Worker","ZoneGlobale","All_modes","887"
"2020-03-22","Kisenso","Kingabwa","1h","Destination_Zone_Resident","Destination_Zone_Worker","ZoneGlobale","All_modes","54"
"2020-03-22","Kisenso","Kingabwa","1h","Study_Zone_Resident","Study_Zone_Worker","ZoneGlobale","All_modes","27"
"2020-03-22","Kisenso","Kingabwa","1h","Origin_Zone_Resident","Origin_Zone_Worker","ZoneGlobale","All_modes","40"
"2020-03-22","Kisenso","Kingabwa","3h","Outside_Resident","Outside_Worker","ZoneGlobale","All_modes","95"
"2020-03-22","Kisenso","Kingabwa","3h","Outside_Resident","Study_Zone_Worker","ZoneGlobale","All_modes","27"
"2020-03-22","Kisenso","Kingabwa","3h","Outside_Resident","Origin_Zone_Worker","ZoneGlobale","All_modes","27"
"2020-03-22","Kisenso","Kingabwa","3h","Destination_Zone_Resident","Destination_Zone_Worker","ZoneGlobale","All_modes","122"
"2020-03-22","Kisenso","Kingabwa","3h","Destination_Zone_Resident","Study_Zone_Worker","ZoneGlobale","All_modes","40"
"2020-03-22","Kisenso","Kingabwa","3h","Study_Zone_Resident","Study_Zone_Worker","ZoneGlobale","All_modes","109"
"2020-03-22","Kisenso","Kingabwa","3h","Origin_Zone_Resident","Study_Zone_Worker","ZoneGlobale","All_modes","54"
"2020-03-22","Kisenso","Kingabwa","3h","Origin_Zone_Resident","Origin_Zone_Worker","ZoneGlobale","All_modes","136"
"2020-03-22","Kisenso","Kinshasa","3h","Destination_Zone_Resident","Destination_Zone_Worker","ZoneGlobale","All_modes","27"
"2020-03-22","Kisenso","Kokolo","3h","Outside_Resident","Outside_Worker","ZoneGlobale","All_modes","27"
"2020-03-22","Kisenso","Lemba","1h","Outside_Resident","Outside_Worker","ZoneGlobale","All_modes","218"
"2020-03-22","Kisenso","Lemba","1h","Outside_Resident","Destination_Zone_Worker","ZoneGlobale","All_modes","27"
"2020-03-22","Kisenso","Lemba","1h","Outside_Resident","Study_Zone_Worker","ZoneGlobale","All_modes","27"
"2020-03-22","Kisenso","Lemba","1h","Destination_Zone_Resident","Destination_Zone_Worker","ZoneGlobale","All_modes","396"
"2020-03-22","Kisenso","Lemba","1h","Destination_Zone_Resident","Study_Zone_Worker","ZoneGlobale","All_modes","81"
"2020-03-22","Kisenso","Lemba","1h","Destination_Zone_Resident","Origin_Zone_Worker","ZoneGlobale","All_modes","54"
"2020-03-22","Kisenso","Lemba","1h","Study_Zone_Resident","Study_Zone_Worker","ZoneGlobale","All_modes","68"
"2020-03-22","Kisenso","Lemba","1h","Origin_Zone_Resident","Destination_Zone_Worker","ZoneGlobale","All_modes","68"
"2020-03-22","Kisenso","Lemba","1h","Origin_Zone_Resident","Origin_Zone_Worker","ZoneGlobale","All_modes","218"
"2020-03-22","Kisenso","Lemba","3h","Outside_Resident","Outside_Worker","ZoneGlobale","All_modes","618"
"2020-03-22","Kisenso","Lemba","3h","Outside_Resident","Destination_Zone_Worker","ZoneGlobale","All_modes","136"
"2020-03-22","Kisenso","Lemba","3h","Outside_Resident","Study_Zone_Worker","ZoneGlobale","All_modes","109"
"2020-03-22","Kisenso","Lemba","3h","Outside_Resident","Origin_Zone_Worker","ZoneGlobale","All_modes","191"
"2020-03-22","Kisenso","Lemba","3h","Destination_Zone_Resident","Outside_Worker","ZoneGlobale","All_modes","27"
"2020-03-22","Kisenso","Lemba","3h","Destination_Zone_Resident","Destination_Zone_Worker","ZoneGlobale","All_modes","696"
"2020-03-22","Kisenso","Lemba","3h","Destination_Zone_Resident","Study_Zone_Worker","ZoneGlobale","All_modes","204"
"2020-03-22","Kisenso","Lemba","3h","Destination_Zone_Resident","Origin_Zone_Worker","ZoneGlobale","All_modes","204"
"2020-03-22","Kisenso","Lemba","3h","Study_Zone_Resident","Study_Zone_Worker","ZoneGlobale","All_modes","232"
"2020-03-22","Kisenso","Lemba","3h","Study_Zone_Resident","Origin_Zone_Worker","ZoneGlobale","All_modes","40"
"2020-03-22","Kisenso","Lemba","3h","Origin_Zone_Resident","Outside_Worker","ZoneGlobale","All_modes","122"
"2020-03-22","Kisenso","Lemba","3h","Origin_Zone_Resident","Destination_Zone_Worker","ZoneGlobale","All_modes","150"
"2020-03-22","Kisenso","Lemba","3h","Origin_Zone_Resident","Study_Zone_Worker","ZoneGlobale","All_modes","68"
"2020-03-22","Kisenso","Lemba","3h","Origin_Zone_Resident","Origin_Zone_Worker","ZoneGlobale","All_modes","792"
"2020-03-22","Kisenso","Limete","1h","Destination_Zone_Resident","Destination_Zone_Worker","ZoneGlobale","All_modes","40"
"2020-03-22","Kisenso","Limete","1h","Study_Zone_Resident","Study_Zone_Worker","ZoneGlobale","All_modes","27"
"2020-03-22","Kisenso","Limete","3h","Outside_Resident","Outside_Worker","ZoneGlobale","All_modes","68"
"2020-03-22","Kisenso","Limete","3h","Outside_Resident","Study_Zone_Worker","ZoneGlobale","All_modes","27"
"2020-03-22","Kisenso","Limete","3h","Destination_Zone_Resident","Destination_Zone_Worker","ZoneGlobale","All_modes","81"
"2020-03-22","Kisenso","Limete","3h","Destination_Zone_Resident","Study_Zone_Worker","ZoneGlobale","All_modes","40"
"2020-03-22","Kisenso","Limete","3h","Study_Zone_Resident","Study_Zone_Worker","ZoneGlobale","All_modes","109"
"2020-03-22","Kisenso","Makala","3h","Outside_Resident","Outside_Worker","ZoneGlobale","All_modes","27"
"2020-03-22","Kisenso","Masina I","3h","Outside_Resident","Outside_Worker","ZoneGlobale","All_modes","40"
"2020-03-22","Kisenso","Masina I","3h","Destination_Zone_Resident","Destination_Zone_Worker","ZoneGlobale","All_modes","40"
"2020-03-22","Kisenso","Masina I","3h","Destination_Zone_Resident","Study_Zone_Worker","ZoneGlobale","All_modes","27"
"2020-03-22","Kisenso","Masina I","3h","Origin_Zone_Resident","Origin_Zone_Worker","ZoneGlobale","All_modes","27"
"2020-03-22","Kisenso","Masina II","1h","Outside_Resident","Outside_Worker","ZoneGlobale","All_modes","40"
"2020-03-22","Kisenso","Masina II","1h","Destination_Zone_Resident","Destination_Zone_Worker","ZoneGlobale","All_modes","82"
"2020-03-22","Kisenso","Masina II","3h","Outside_Resident","Outside_Worker","ZoneGlobale","All_modes","68"
"2020-03-22","Kisenso","Masina II","3h","Destination_Zone_Resident","Destination_Zone_Worker","ZoneGlobale","All_modes","191"
"2020-03-22","Kisenso","Masina II","3h","Study_Zone_Resident","Study_Zone_Worker","ZoneGlobale","All_modes","27"
"2020-03-22","Kisenso","Masina II","3h","Origin_Zone_Resident","Origin_Zone_Worker","ZoneGlobale","All_modes","40"
"2020-03-22","Kisenso","Matete","1h","Outside_Resident","Outside_Worker","ZoneGlobale","All_modes","629"
"2020-03-22","Kisenso","Matete","1h","Outside_Resident","Destination_Zone_Worker","ZoneGlobale","All_modes","109"
"2020-03-22","Kisenso","Matete","1h","Outside_Resident","Study_Zone_Worker","ZoneGlobale","All_modes","68"
"2020-03-22","Kisenso","Matete","1h","Outside_Resident","Origin_Zone_Worker","ZoneGlobale","All_modes","54"
"2020-03-22","Kisenso","Matete","1h","Destination_Zone_Resident","Outside_Worker","ZoneGlobale","All_modes","54"
"2020-03-22","Kisenso","Matete","1h","Destination_Zone_Resident","Destination_Zone_Worker","ZoneGlobale","All_modes","532"
"2020-03-22","Kisenso","Matete","1h","Destination_Zone_Resident","Study_Zone_Worker","ZoneGlobale","All_modes","54"
"2020-03-22","Kisenso","Matete","1h","Destination_Zone_Resident","Origin_Zone_Worker","ZoneGlobale","All_modes","109"
"2020-03-22","Kisenso","Matete","1h","Study_Zone_Resident","Study_Zone_Worker","ZoneGlobale","All_modes","139"
"2020-03-22","Kisenso","Matete","1h","Origin_Zone_Resident","Destination_Zone_Worker","ZoneGlobale","All_modes","68"
"2020-03-22","Kisenso","Matete","1h","Origin_Zone_Resident","Study_Zone_Worker","ZoneGlobale","All_modes","68"
"2020-03-22","Kisenso","Matete","1h","Origin_Zone_Resident","Origin_Zone_Worker","ZoneGlobale","All_modes","245"
"2020-03-22","Kisenso","Matete","3h","Outside_Resident","Outside_Worker","ZoneGlobale","All_modes","1325"
"2020-03-22","Kisenso","Matete","3h","Outside_Resident","Destination_Zone_Worker","ZoneGlobale","All_modes","314"
"2020-03-22","Kisenso","Matete","3h","Outside_Resident","Study_Zone_Worker","ZoneGlobale","All_modes","95"
"2020-03-22","Kisenso","Matete","3h","Outside_Resident","Origin_Zone_Worker","ZoneGlobale","All_modes","382"
"2020-03-22","Kisenso","Matete","3h","Destination_Zone_Resident","Outside_Worker","ZoneGlobale","All_modes","95"
"2020-03-22","Kisenso","Matete","3h","Destination_Zone_Resident","Destination_Zone_Worker","ZoneGlobale","All_modes","1133"
"2020-03-22","Kisenso","Matete","3h","Destination_Zone_Resident","Study_Zone_Worker","ZoneGlobale","All_modes","204"
"2020-03-22","Kisenso","Matete","3h","Destination_Zone_Resident","Origin_Zone_Worker","ZoneGlobale","All_modes","423"
"2020-03-22","Kisenso","Matete","3h","Study_Zone_Resident","Outside_Worker","ZoneGlobale","All_modes","27"
"2020-03-22","Kisenso","Matete","3h","Study_Zone_Resident","Study_Zone_Worker","ZoneGlobale","All_modes","300"
"2020-03-22","Kisenso","Matete","3h","Study_Zone_Resident","Origin_Zone_Worker","ZoneGlobale","All_modes","54"
"2020-03-22","Kisenso","Matete","3h","Origin_Zone_Resident","Outside_Worker","ZoneGlobale","All_modes","109"
"2020-03-22","Kisenso","Matete","3h","Origin_Zone_Resident","Destination_Zone_Worker","ZoneGlobale","All_modes","218"
"2020-03-22","Kisenso","Matete","3h","Origin_Zone_Resident","Study_Zone_Worker","ZoneGlobale","All_modes","191"
"2020-03-22","Kisenso","Matete","3h","Origin_Zone_Resident","Origin_Zone_Worker","ZoneGlobale","All_modes","1161"
"2020-03-22","Kisenso","Mont Ngafula I","1h","Outside_Resident","Outside_Worker","ZoneGlobale","All_modes","81"
"2020-03-22","Kisenso","Mont Ngafula I","1h","Outside_Resident","Destination_Zone_Worker","ZoneGlobale","All_modes","27"
"2020-03-22","Kisenso","Mont Ngafula I","1h","Destination_Zone_Resident","Destination_Zone_Worker","ZoneGlobale","All_modes","136"
"2020-03-22","Kisenso","Mont Ngafula I","1h","Destination_Zone_Resident","Study_Zone_Worker","ZoneGlobale","All_modes","54"
"2020-03-22","Kisenso","Mont Ngafula I","1h","Destination_Zone_Resident","Origin_Zone_Worker","ZoneGlobale","All_modes","54"
"2020-03-22","Kisenso","Mont Ngafula I","1h","Study_Zone_Resident","Study_Zone_Worker","ZoneGlobale","All_modes","40"
"2020-03-22","Kisenso","Mont Ngafula I","1h","Origin_Zone_Resident","Origin_Zone_Worker","ZoneGlobale","All_modes","109"
"2020-03-22","Kisenso","Mont Ngafula I","3h","Outside_Resident","Outside_Worker","ZoneGlobale","All_modes","382"
"2020-03-22","Kisenso","Mont Ngafula I","3h","Outside_Resident","Destination_Zone_Worker","ZoneGlobale","All_modes","54"
"2020-03-22","Kisenso","Mont Ngafula I","3h","Outside_Resident","Study_Zone_Worker","ZoneGlobale","All_modes","40"
"2020-03-22","Kisenso","Mont Ngafula I","3h","Outside_Resident","Origin_Zone_Worker","ZoneGlobale","All_modes","95"
"2020-03-22","Kisenso","Mont Ngafula I","3h","Destination_Zone_Resident","Outside_Worker","ZoneGlobale","All_modes","27"
"2020-03-22","Kisenso","Mont Ngafula I","3h","Destination_Zone_Resident","Destination_Zone_Worker","ZoneGlobale","All_modes","341"
"2020-03-22","Kisenso","Mont Ngafula I","3h","Destination_Zone_Resident","Study_Zone_Worker","ZoneGlobale","All_modes","109"
"2020-03-22","Kisenso","Mont Ngafula I","3h","Destination_Zone_Resident","Origin_Zone_Worker","ZoneGlobale","All_modes","150"
"2020-03-22","Kisenso","Mont Ngafula I","3h","Study_Zone_Resident","Destination_Zone_Worker","ZoneGlobale","All_modes","27"
"2020-03-22","Kisenso","Mont Ngafula I","3h","Study_Zone_Resident","Study_Zone_Worker","ZoneGlobale","All_modes","95"
"2020-03-22","Kisenso","Mont Ngafula I","3h","Origin_Zone_Resident","Outside_Worker","ZoneGlobale","All_modes","68"
"2020-03-22","Kisenso","Mont Ngafula I","3h","Origin_Zone_Resident","Destination_Zone_Worker","ZoneGlobale","All_modes","95"
"2020-03-22","Kisenso","Mont Ngafula I","3h","Origin_Zone_Resident","Study_Zone_Worker","ZoneGlobale","All_modes","40"
"2020-03-22","Kisenso","Mont Ngafula I","3h","Origin_Zone_Resident","Origin_Zone_Worker","ZoneGlobale","All_modes","177"
"2020-03-22","Kisenso","Mont Ngafula II","1h","Outside_Resident","Outside_Worker","ZoneGlobale","All_modes","27"
"2020-03-22","Kisenso","Ndjili","1h","Outside_Resident","Outside_Worker","ZoneGlobale","All_modes","232"
"2020-03-22","Kisenso","Ndjili","1h","Outside_Resident","Destination_Zone_Worker","ZoneGlobale","All_modes","81"
"2020-03-22","Kisenso","Ndjili","1h","Outside_Resident","Study_Zone_Worker","ZoneGlobale","All_modes","40"
"2020-03-22","Kisenso","Ndjili","1h","Outside_Resident","Origin_Zone_Worker","ZoneGlobale","All_modes","54"
"2020-03-22","Kisenso","Ndjili","1h","Destination_Zone_Resident","Outside_Worker","ZoneGlobale","All_modes","85"
"2020-03-22","Kisenso","Ndjili","1h","Destination_Zone_Resident","Destination_Zone_Worker","ZoneGlobale","All_modes","956"
"2020-03-22","Kisenso","Ndjili","1h","Destination_Zone_Resident","Study_Zone_Worker","ZoneGlobale","All_modes","136"
"2020-03-22","Kisenso","Ndjili","1h","Destination_Zone_Resident","Origin_Zone_Worker","ZoneGlobale","All_modes","150"
"2020-03-22","Kisenso","Ndjili","1h","Study_Zone_Resident","Destination_Zone_Worker","ZoneGlobale","All_modes","27"
"2020-03-22","Kisenso","Ndjili","1h","Study_Zone_Resident","Study_Zone_Worker","ZoneGlobale","All_modes","122"
"2020-03-22","Kisenso","Ndjili","1h","Origin_Zone_Resident","Destination_Zone_Worker","ZoneGlobale","All_modes","54"
"2020-03-22","Kisenso","Ndjili","1h","Origin_Zone_Resident","Study_Zone_Worker","ZoneGlobale","All_modes","68"
"2020-03-22","Kisenso","Ndjili","1h","Origin_Zone_Resident","Origin_Zone_Worker","ZoneGlobale","All_modes","300"
"2020-03-22","Kisenso","Ndjili","3h","Outside_Resident","Outside_Worker","ZoneGlobale","All_modes","1155"
"2020-03-22","Kisenso","Ndjili","3h","Outside_Resident","Destination_Zone_Worker","ZoneGlobale","All_modes","150"
"2020-03-22","Kisenso","Ndjili","3h","Outside_Resident","Study_Zone_Worker","ZoneGlobale","All_modes","136"
"2020-03-22","Kisenso","Ndjili","3h","Outside_Resident","Origin_Zone_Worker","ZoneGlobale","All_modes","314"
"2020-03-22","Kisenso","Ndjili","3h","Destination_Zone_Resident","Outside_Worker","ZoneGlobale","All_modes","81"
"2020-03-22","Kisenso","Ndjili","3h","Destination_Zone_Resident","Destination_Zone_Worker","ZoneGlobale","All_modes","1311"
"2020-03-22","Kisenso","Ndjili","3h","Destination_Zone_Resident","Study_Zone_Worker","ZoneGlobale","All_modes","314"
"2020-03-22","Kisenso","Ndjili","3h","Destination_Zone_Resident","Origin_Zone_Worker","ZoneGlobale","All_modes","286"
"2020-03-22","Kisenso","Ndjili","3h","Study_Zone_Resident","Destination_Zone_Worker","ZoneGlobale","All_modes","81"
"2020-03-22","Kisenso","Ndjili","3h","Study_Zone_Resident","Study_Zone_Worker","ZoneGlobale","All_modes","191"
"2020-03-22","Kisenso","Ndjili","3h","Study_Zone_Resident","Origin_Zone_Worker","ZoneGlobale","All_modes","68"
"2020-03-22","Kisenso","Ndjili","3h","Origin_Zone_Resident","Outside_Worker","ZoneGlobale","All_modes","81"
"2020-03-22","Kisenso","Ndjili","3h","Origin_Zone_Resident","Destination_Zone_Worker","ZoneGlobale","All_modes","191"
"2020-03-22","Kisenso","Ndjili","3h","Origin_Zone_Resident","Study_Zone_Worker","ZoneGlobale","All_modes","314"
"2020-03-22","Kisenso","Ndjili","3h","Origin_Zone_Resident","Origin_Zone_Worker","ZoneGlobale","All_modes","1161"
"2020-03-22","Kisenso","Ngiri-Ngiri","1h","Destination_Zone_Resident","Destination_Zone_Worker","ZoneGlobale","All_modes","27"
"2020-03-22","Kisenso","Ngiri-Ngiri","3h","Destination_Zone_Resident","Destination_Zone_Worker","ZoneGlobale","All_modes","40"
"2020-03-22","Kisenso","Ngiri-Ngiri","3h","Study_Zone_Resident","Study_Zone_Worker","ZoneGlobale","All_modes","54"
"2020-03-22","Kisenso","Nsele","1h","Outside_Resident","Outside_Worker","ZoneGlobale","All_modes","27"
"2020-03-22","Kisenso","Nsele","1h","Destination_Zone_Resident","Destination_Zone_Worker","ZoneGlobale","All_modes","81"
"2020-03-22","Kisenso","Nsele","1h","Study_Zone_Resident","Study_Zone_Worker","ZoneGlobale","All_modes","40"
"2020-03-22","Kisenso","Nsele","1h","Origin_Zone_Resident","Study_Zone_Worker","ZoneGlobale","All_modes","27"
"2020-03-22","Kisenso","Nsele","1h","Origin_Zone_Resident","Origin_Zone_Worker","ZoneGlobale","All_modes","54"
"2020-03-22","Kisenso","Nsele","3h","Outside_Resident","Outside_Worker","ZoneGlobale","All_modes","81"
"2020-03-22","Kisenso","Nsele","3h","Outside_Resident","Origin_Zone_Worker","ZoneGlobale","All_modes","27"
"2020-03-22","Kisenso","Nsele","3h","Destination_Zone_Resident","Destination_Zone_Worker","ZoneGlobale","All_modes","68"
"2020-03-22","Kisenso","Nsele","3h","Destination_Zone_Resident","Origin_Zone_Worker","ZoneGlobale","All_modes","27"
"2020-03-22","Kisenso","Nsele","3h","Study_Zone_Resident","Study_Zone_Worker","ZoneGlobale","All_modes","150"
"2020-03-22","Kisenso","Nsele","3h","Origin_Zone_Resident","Outside_Worker","ZoneGlobale","All_modes","27"
"2020-03-22","Kisenso","Nsele","3h","Origin_Zone_Resident","Study_Zone_Worker","ZoneGlobale","All_modes","81"
"2020-03-22","Kisenso","Nsele","3h","Origin_Zone_Resident","Origin_Zone_Worker","ZoneGlobale","All_modes","464"
"2020-03-22","Kisenso","Selembao","1h","Destination_Zone_Resident","Destination_Zone_Worker","ZoneGlobale","All_modes","27"
"2020-03-22","Kisenso","Selembao","3h","Outside_Resident","Outside_Worker","ZoneGlobale","All_modes","40"
"2020-03-22","Kisenso","Selembao","3h","Destination_Zone_Resident","Destination_Zone_Worker","ZoneGlobale","All_modes","68"
"2020-03-22","Kisenso","Selembao","3h","Study_Zone_Resident","Study_Zone_Worker","ZoneGlobale","All_modes","27"
"2020-03-22","Kisenso","Sona-Bata","1h","Study_Zone_Resident","Outside_Worker","ZoneGlobale","All_modes","27"
"2020-03-22","Kisenso","Sona-Bata","1h","Origin_Zone_Resident","Study_Zone_Worker","ZoneGlobale","All_modes","27"
"2020-03-22","Kisenso","Sona-Bata","1h","Origin_Zone_Resident","Origin_Zone_Worker","ZoneGlobale","All_modes","81"
"2020-03-22","Kisenso","Sona-Bata","3h","Outside_Resident","Outside_Worker","ZoneGlobale","All_modes","40"
"2020-03-22","Kisenso","Sona-Bata","3h","Outside_Resident","Origin_Zone_Worker","ZoneGlobale","All_modes","27"
"2020-03-22","Kisenso","Sona-Bata","3h","Destination_Zone_Resident","Destination_Zone_Worker","ZoneGlobale","All_modes","27"
"2020-03-22","Kisenso","Sona-Bata","3h","Study_Zone_Resident","Outside_Worker","ZoneGlobale","All_modes","40"
"2020-03-22","Kisenso","Sona-Bata","3h","Study_Zone_Resident","Study_Zone_Worker","ZoneGlobale","All_modes","27"
"2020-03-22","Kisenso","Sona-Bata","3h","Study_Zone_Resident","Origin_Zone_Worker","ZoneGlobale","All_modes","27"
"2020-03-22","Kisenso","Sona-Bata","3h","Origin_Zone_Resident","Study_Zone_Worker","ZoneGlobale","All_modes","54"
"2020-03-22","Kisenso","Sona-Bata","3h","Origin_Zone_Resident","Origin_Zone_Worker","ZoneGlobale","All_modes","191"
"2020-03-22","Kitangwa","Tshikapa","3h","Outside_Resident","Outside_Worker","ZoneGlobale","All_modes","355"
"2020-03-22","Kitenda","Tembo","1h","Outside_Resident","Outside_Worker","ZoneGlobale","All_modes","356"
"2020-03-22","Kitenda","Tembo","1h","Outside_Resident","Destination_Zone_Worker","ZoneGlobale","All_modes","356"
"2020-03-22","Kitenda","Tembo","3h","Outside_Resident","Outside_Worker","ZoneGlobale","All_modes","1067"
"2020-03-22","Kitenda","Tembo","3h","Outside_Resident","Destination_Zone_Worker","ZoneGlobale","All_modes","355"
"2020-03-22","Kitenda","Tembo","3h","Outside_Resident","Origin_Zone_Worker","ZoneGlobale","All_modes","711"
"2020-03-22","Kitenda","Tembo","3h","Destination_Zone_Resident","Origin_Zone_Worker","ZoneGlobale","All_modes","355"
"2020-03-22","Kitenda","Tembo","3h","Origin_Zone_Resident","Origin_Zone_Worker","ZoneGlobale","All_modes","355"
"2020-03-22","Kitenge","Kabongo","3h","Outside_Resident","Outside_Worker","ZoneGlobale","All_modes","35"
"2020-03-22","Kitona","Moanda","1h","Outside_Resident","Outside_Worker","ZoneGlobale","All_modes","95"
"2020-03-22","Kitona","Moanda","1h","Outside_Resident","Destination_Zone_Worker","ZoneGlobale","All_modes","40"
"2020-03-22","Kitona","Moanda","1h","Destination_Zone_Resident","Outside_Worker","ZoneGlobale","All_modes","27"
"2020-03-22","Kitona","Moanda","1h","Destination_Zone_Resident","Destination_Zone_Worker","ZoneGlobale","All_modes","320"
"2020-03-22","Kitona","Moanda","1h","Destination_Zone_Resident","Origin_Zone_Worker","ZoneGlobale","All_modes","27"
"2020-03-22","Kitona","Moanda","3h","Outside_Resident","Outside_Worker","ZoneGlobale","All_modes","136"
"2020-03-22","Kitona","Moanda","3h","Outside_Resident","Destination_Zone_Worker","ZoneGlobale","All_modes","180"
"2020-03-22","Kitona","Moanda","3h","Destination_Zone_Resident","Outside_Worker","ZoneGlobale","All_modes","40"
"2020-03-22","Kitona","Moanda","3h","Destination_Zone_Resident","Destination_Zone_Worker","ZoneGlobale","All_modes","643"
"2020-03-22","Kitona","Moanda","3h","Destination_Zone_Resident","Origin_Zone_Worker","ZoneGlobale","All_modes","98"
"2020-03-22","Kitona","Moanda","3h","Origin_Zone_Resident","Destination_Zone_Worker","ZoneGlobale","All_modes","27"
"2020-03-22","Kitona","Moanda","3h","Origin_Zone_Resident","Origin_Zone_Worker","ZoneGlobale","All_modes","40"
"2020-03-22","Kokolo","Barumbu","1h","Destination_Zone_Resident","Destination_Zone_Worker","ZoneGlobale","All_modes","54"
"2020-03-22","Kokolo","Barumbu","3h","Destination_Zone_Resident","Outside_Worker","ZoneGlobale","All_modes","27"
"2020-03-22","Kokolo","Barumbu","3h","Destination_Zone_Resident","Destination_Zone_Worker","ZoneGlobale","All_modes","109"
"2020-03-22","Kokolo","Barumbu","3h","Destination_Zone_Resident","Study_Zone_Worker","ZoneGlobale","All_modes","27"
"2020-03-22","Kokolo","Barumbu","3h","Origin_Zone_Resident","Origin_Zone_Worker","ZoneGlobale","All_modes","40"
"2020-03-22","Kokolo","Binza Meteo","1h","Outside_Resident","Outside_Worker","ZoneGlobale","All_modes","101"
"2020-03-22","Kokolo","Binza Meteo","1h","Outside_Resident","Destination_Zone_Worker","ZoneGlobale","All_modes","40"
"2020-03-22","Kokolo","Binza Meteo","1h","Outside_Resident","Study_Zone_Worker","ZoneGlobale","All_modes","54"
"2020-03-22","Kokolo","Binza Meteo","1h","Outside_Resident","Origin_Zone_Worker","ZoneGlobale","All_modes","27"
"2020-03-22","Kokolo","Binza Meteo","1h","Destination_Zone_Resident","Outside_Worker","ZoneGlobale","All_modes","27"
"2020-03-22","Kokolo","Binza Meteo","1h","Destination_Zone_Resident","Destination_Zone_Worker","ZoneGlobale","All_modes","642"
"2020-03-22","Kokolo","Binza Meteo","1h","Destination_Zone_Resident","Study_Zone_Worker","ZoneGlobale","All_modes","95"
"2020-03-22","Kokolo","Binza Meteo","1h","Destination_Zone_Resident","Origin_Zone_Worker","ZoneGlobale","All_modes","68"
"2020-03-22","Kokolo","Binza Meteo","1h","Study_Zone_Resident","Destination_Zone_Worker","ZoneGlobale","All_modes","40"
"2020-03-22","Kokolo","Binza Meteo","1h","Study_Zone_Resident","Study_Zone_Worker","ZoneGlobale","All_modes","136"
"2020-03-22","Kokolo","Binza Meteo","1h","Origin_Zone_Resident","Study_Zone_Worker","ZoneGlobale","All_modes","40"
"2020-03-22","Kokolo","Binza Meteo","1h","Origin_Zone_Resident","Origin_Zone_Worker","ZoneGlobale","All_modes","327"
"2020-03-22","Kokolo","Binza Meteo","3h","Outside_Resident","Outside_Worker","ZoneGlobale","All_modes","472"
"2020-03-22","Kokolo","Binza Meteo","3h","Outside_Resident","Destination_Zone_Worker","ZoneGlobale","All_modes","122"
"2020-03-22","Kokolo","Binza Meteo","3h","Outside_Resident","Study_Zone_Worker","ZoneGlobale","All_modes","81"
"2020-03-22","Kokolo","Binza Meteo","3h","Outside_Resident","Origin_Zone_Worker","ZoneGlobale","All_modes","191"
"2020-03-22","Kokolo","Binza Meteo","3h","Destination_Zone_Resident","Outside_Worker","ZoneGlobale","All_modes","81"
"2020-03-22","Kokolo","Binza Meteo","3h","Destination_Zone_Resident","Destination_Zone_Worker","ZoneGlobale","All_modes","942"
"2020-03-22","Kokolo","Binza Meteo","3h","Destination_Zone_Resident","Study_Zone_Worker","ZoneGlobale","All_modes","218"
"2020-03-22","Kokolo","Binza Meteo","3h","Destination_Zone_Resident","Origin_Zone_Worker","ZoneGlobale","All_modes","191"
"2020-03-22","Kokolo","Binza Meteo","3h","Study_Zone_Resident","Destination_Zone_Worker","ZoneGlobale","All_modes","54"
"2020-03-22","Kokolo","Binza Meteo","3h","Study_Zone_Resident","Study_Zone_Worker","ZoneGlobale","All_modes","450"
"2020-03-22","Kokolo","Binza Meteo","3h","Origin_Zone_Resident","Outside_Worker","ZoneGlobale","All_modes","68"
"2020-03-22","Kokolo","Binza Meteo","3h","Origin_Zone_Resident","Destination_Zone_Worker","ZoneGlobale","All_modes","81"
"2020-03-22","Kokolo","Binza Meteo","3h","Origin_Zone_Resident","Study_Zone_Worker","ZoneGlobale","All_modes","177"
"2020-03-22","Kokolo","Binza Meteo","3h","Origin_Zone_Resident","Origin_Zone_Worker","ZoneGlobale","All_modes","1191"
"2020-03-22","Kokolo","Binza Ozone","1h","Outside_Resident","Outside_Worker","ZoneGlobale","All_modes","54"
"2020-03-22","Kokolo","Binza Ozone","1h","Destination_Zone_Resident","Destination_Zone_Worker","ZoneGlobale","All_modes","245"
"2020-03-22","Kokolo","Binza Ozone","1h","Destination_Zone_Resident","Study_Zone_Worker","ZoneGlobale","All_modes","54"
"2020-03-22","Kokolo","Binza Ozone","1h","Destination_Zone_Resident","Origin_Zone_Worker","ZoneGlobale","All_modes","27"
"2020-03-22","Kokolo","Binza Ozone","1h","Study_Zone_Resident","Study_Zone_Worker","ZoneGlobale","All_modes","27"
"2020-03-22","Kokolo","Binza Ozone","1h","Origin_Zone_Resident","Origin_Zone_Worker","ZoneGlobale","All_modes","27"
"2020-03-22","Kokolo","Binza Ozone","3h","Outside_Resident","Outside_Worker","ZoneGlobale","All_modes","150"
"2020-03-22","Kokolo","Binza Ozone","3h","Outside_Resident","Destination_Zone_Worker","ZoneGlobale","All_modes","68"
"2020-03-22","Kokolo","Binza Ozone","3h","Outside_Resident","Origin_Zone_Worker","ZoneGlobale","All_modes","27"
"2020-03-22","Kokolo","Binza Ozone","3h","Destination_Zone_Resident","Destination_Zone_Worker","ZoneGlobale","All_modes","300"
"2020-03-22","Kokolo","Binza Ozone","3h","Destination_Zone_Resident","Study_Zone_Worker","ZoneGlobale","All_modes","95"
"2020-03-22","Kokolo","Binza Ozone","3h","Destination_Zone_Resident","Origin_Zone_Worker","ZoneGlobale","All_modes","68"
"2020-03-22","Kokolo","Binza Ozone","3h","Study_Zone_Resident","Study_Zone_Worker","ZoneGlobale","All_modes","109"
"2020-03-22","Kokolo","Binza Ozone","3h","Study_Zone_Resident","Origin_Zone_Worker","ZoneGlobale","All_modes","27"
"2020-03-22","Kokolo","Binza Ozone","3h","Origin_Zone_Resident","Study_Zone_Worker","ZoneGlobale","All_modes","27"
"2020-03-22","Kokolo","Binza Ozone","3h","Origin_Zone_Resident","Origin_Zone_Worker","ZoneGlobale","All_modes","54"
"2020-03-22","Kokolo","Bumbu","1h","Outside_Resident","Outside_Worker","ZoneGlobale","All_modes","68"
"2020-03-22","Kokolo","Bumbu","1h","Destination_Zone_Resident","Outside_Worker","ZoneGlobale","All_modes","27"
"2020-03-22","Kokolo","Bumbu","1h","Destination_Zone_Resident","Destination_Zone_Worker","ZoneGlobale","All_modes","136"
"2020-03-22","Kokolo","Bumbu","1h","Destination_Zone_Resident","Study_Zone_Worker","ZoneGlobale","All_modes","68"
"2020-03-22","Kokolo","Bumbu","1h","Destination_Zone_Resident","Origin_Zone_Worker","ZoneGlobale","All_modes","122"
"2020-03-22","Kokolo","Bumbu","1h","Study_Zone_Resident","Study_Zone_Worker","ZoneGlobale","All_modes","54"
"2020-03-22","Kokolo","Bumbu","1h","Origin_Zone_Resident","Origin_Zone_Worker","ZoneGlobale","All_modes","109"
"2020-03-22","Kokolo","Bumbu","3h","Outside_Resident","Outside_Worker","ZoneGlobale","All_modes","355"
"2020-03-22","Kokolo","Bumbu","3h","Outside_Resident","Study_Zone_Worker","ZoneGlobale","All_modes","40"
"2020-03-22","Kokolo","Bumbu","3h","Outside_Resident","Origin_Zone_Worker","ZoneGlobale","All_modes","81"
"2020-03-22","Kokolo","Bumbu","3h","Destination_Zone_Resident","Outside_Worker","ZoneGlobale","All_modes","54"
"2020-03-22","Kokolo","Bumbu","3h","Destination_Zone_Resident","Destination_Zone_Worker","ZoneGlobale","All_modes","573"
"2020-03-22","Kokolo","Bumbu","3h","Destination_Zone_Resident","Study_Zone_Worker","ZoneGlobale","All_modes","273"
"2020-03-22","Kokolo","Bumbu","3h","Destination_Zone_Resident","Origin_Zone_Worker","ZoneGlobale","All_modes","177"
"2020-03-22","Kokolo","Bumbu","3h","Study_Zone_Resident","Study_Zone_Worker","ZoneGlobale","All_modes","191"
"2020-03-22","Kokolo","Bumbu","3h","Study_Zone_Resident","Origin_Zone_Worker","ZoneGlobale","All_modes","40"
"2020-03-22","Kokolo","Bumbu","3h","Origin_Zone_Resident","Origin_Zone_Worker","ZoneGlobale","All_modes","546"
"2020-03-22","Kokolo","Gombe","1h","Destination_Zone_Resident","Destination_Zone_Worker","ZoneGlobale","All_modes","166"
"2020-03-22","Kokolo","Gombe","1h","Destination_Zone_Resident","Origin_Zone_Worker","ZoneGlobale","All_modes","27"
"2020-03-22","Kokolo","Gombe","1h","Study_Zone_Resident","Study_Zone_Worker","ZoneGlobale","All_modes","27"
"2020-03-22","Kokolo","Gombe","1h","Origin_Zone_Resident","Origin_Zone_Worker","ZoneGlobale","All_modes","95"
"2020-03-22","Kokolo","Gombe","3h","Outside_Resident","Outside_Worker","ZoneGlobale","All_modes","136"
"2020-03-22","Kokolo","Gombe","3h","Outside_Resident","Destination_Zone_Worker","ZoneGlobale","All_modes","40"
"2020-03-22","Kokolo","Gombe","3h","Outside_Resident","Origin_Zone_Worker","ZoneGlobale","All_modes","40"
"2020-03-22","Kokolo","Gombe","3h","Destination_Zone_Resident","Destination_Zone_Worker","ZoneGlobale","All_modes","204"
"2020-03-22","Kokolo","Gombe","3h","Study_Zone_Resident","Study_Zone_Worker","ZoneGlobale","All_modes","163"
"2020-03-22","Kokolo","Gombe","3h","Origin_Zone_Resident","Destination_Zone_Worker","ZoneGlobale","All_modes","40"
"2020-03-22","Kokolo","Gombe","3h","Origin_Zone_Resident","Origin_Zone_Worker","ZoneGlobale","All_modes","245"
"2020-03-22","Kokolo","Kalamu I","1h","Outside_Resident","Outside_Worker","ZoneGlobale","All_modes","27"
"2020-03-22","Kokolo","Kalamu I","1h","Destination_Zone_Resident","Outside_Worker","ZoneGlobale","All_modes","27"
"2020-03-22","Kokolo","Kalamu I","1h","Destination_Zone_Resident","Destination_Zone_Worker","ZoneGlobale","All_modes","191"
"2020-03-22","Kokolo","Kalamu I","1h","Destination_Zone_Resident","Study_Zone_Worker","ZoneGlobale","All_modes","27"
"2020-03-22","Kokolo","Kalamu I","3h","Outside_Resident","Destination_Zone_Worker","ZoneGlobale","All_modes","27"
"2020-03-22","Kokolo","Kalamu I","3h","Outside_Resident","Study_Zone_Worker","ZoneGlobale","All_modes","40"
"2020-03-22","Kokolo","Kalamu I","3h","Destination_Zone_Resident","Destination_Zone_Worker","ZoneGlobale","All_modes","177"
"2020-03-22","Kokolo","Kalamu I","3h","Destination_Zone_Resident","Study_Zone_Worker","ZoneGlobale","All_modes","40"
"2020-03-22","Kokolo","Kalamu I","3h","Destination_Zone_Resident","Origin_Zone_Worker","ZoneGlobale","All_modes","68"
"2020-03-22","Kokolo","Kalamu I","3h","Study_Zone_Resident","Study_Zone_Worker","ZoneGlobale","All_modes","40"
"2020-03-22","Kokolo","Kalamu I","3h","Origin_Zone_Resident","Origin_Zone_Worker","ZoneGlobale","All_modes","40"
"2020-03-22","Kokolo","Kalamu II","1h","Outside_Resident","Origin_Zone_Worker","ZoneGlobale","All_modes","27"
"2020-03-22","Kokolo","Kalamu II","1h","Destination_Zone_Resident","Destination_Zone_Worker","ZoneGlobale","All_modes","136"
"2020-03-22","Kokolo","Kalamu II","1h","Destination_Zone_Resident","Study_Zone_Worker","ZoneGlobale","All_modes","27"
"2020-03-22","Kokolo","Kalamu II","1h","Destination_Zone_Resident","Origin_Zone_Worker","ZoneGlobale","All_modes","27"
"2020-03-22","Kokolo","Kalamu II","1h","Study_Zone_Resident","Study_Zone_Worker","ZoneGlobale","All_modes","54"
"2020-03-22","Kokolo","Kalamu II","1h","Origin_Zone_Resident","Destination_Zone_Worker","ZoneGlobale","All_modes","27"
"2020-03-22","Kokolo","Kalamu II","1h","Origin_Zone_Resident","Origin_Zone_Worker","ZoneGlobale","All_modes","27"
"2020-03-22","Kokolo","Kalamu II","3h","Outside_Resident","Outside_Worker","ZoneGlobale","All_modes","31"
"2020-03-22","Kokolo","Kalamu II","3h","Outside_Resident","Study_Zone_Worker","ZoneGlobale","All_modes","40"
"2020-03-22","Kokolo","Kalamu II","3h","Outside_Resident","Origin_Zone_Worker","ZoneGlobale","All_modes","27"
"2020-03-22","Kokolo","Kalamu II","3h","Destination_Zone_Resident","Destination_Zone_Worker","ZoneGlobale","All_modes","259"
"2020-03-22","Kokolo","Kalamu II","3h","Destination_Zone_Resident","Study_Zone_Worker","ZoneGlobale","All_modes","54"
"2020-03-22","Kokolo","Kalamu II","3h","Study_Zone_Resident","Destination_Zone_Worker","ZoneGlobale","All_modes","27"
"2020-03-22","Kokolo","Kalamu II","3h","Study_Zone_Resident","Study_Zone_Worker","ZoneGlobale","All_modes","109"
"2020-03-22","Kokolo","Kalamu II","3h","Study_Zone_Resident","Origin_Zone_Worker","ZoneGlobale","All_modes","40"
"2020-03-22","Kokolo","Kalamu II","3h","Origin_Zone_Resident","Origin_Zone_Worker","ZoneGlobale","All_modes","81"
"2020-03-22","Kokolo","Kasa-Vubu","1h","Outside_Resident","Outside_Worker","ZoneGlobale","All_modes","54"
"2020-03-22","Kokolo","Kasa-Vubu","1h","Outside_Resident","Destination_Zone_Worker","ZoneGlobale","All_modes","27"
"2020-03-22","Kokolo","Kasa-Vubu","1h","Destination_Zone_Resident","Destination_Zone_Worker","ZoneGlobale","All_modes","208"
"2020-03-22","Kokolo","Kasa-Vubu","1h","Study_Zone_Resident","Destination_Zone_Worker","ZoneGlobale","All_modes","27"
"2020-03-22","Kokolo","Kasa-Vubu","1h","Study_Zone_Resident","Study_Zone_Worker","ZoneGlobale","All_modes","54"
"2020-03-22","Kokolo","Kasa-Vubu","1h","Origin_Zone_Resident","Origin_Zone_Worker","ZoneGlobale","All_modes","109"
"2020-03-22","Kokolo","Kasa-Vubu","3h","Outside_Resident","Outside_Worker","ZoneGlobale","All_modes","218"
"2020-03-22","Kokolo","Kasa-Vubu","3h","Outside_Resident","Destination_Zone_Worker","ZoneGlobale","All_modes","95"
"2020-03-22","Kokolo","Kasa-Vubu","3h","Outside_Resident","Study_Zone_Worker","ZoneGlobale","All_modes","27"
"2020-03-22","Kokolo","Kasa-Vubu","3h","Destination_Zone_Resident","Destination_Zone_Worker","ZoneGlobale","All_modes","327"
"2020-03-22","Kokolo","Kasa-Vubu","3h","Destination_Zone_Resident","Study_Zone_Worker","ZoneGlobale","All_modes","81"
"2020-03-22","Kokolo","Kasa-Vubu","3h","Destination_Zone_Resident","Origin_Zone_Worker","ZoneGlobale","All_modes","81"
"2020-03-22","Kokolo","Kasa-Vubu","3h","Study_Zone_Resident","Destination_Zone_Worker","ZoneGlobale","All_modes","27"
"2020-03-22","Kokolo","Kasa-Vubu","3h","Study_Zone_Resident","Study_Zone_Worker","ZoneGlobale","All_modes","519"
"2020-03-22","Kokolo","Kasa-Vubu","3h","Study_Zone_Resident","Origin_Zone_Worker","ZoneGlobale","All_modes","27"
"2020-03-22","Kokolo","Kasa-Vubu","3h","Origin_Zone_Resident","Study_Zone_Worker","ZoneGlobale","All_modes","40"
"2020-03-22","Kokolo","Kasa-Vubu","3h","Origin_Zone_Resident","Origin_Zone_Worker","ZoneGlobale","All_modes","177"
"2020-03-22","Kokolo","Kikimi","3h","Outside_Resident","Outside_Worker","ZoneGlobale","All_modes","27"
"2020-03-22","Kokolo","Kikimi","3h","Destination_Zone_Resident","Destination_Zone_Worker","ZoneGlobale","All_modes","27"
"2020-03-22","Kokolo","Kimbanseke","1h","Outside_Resident","Outside_Worker","ZoneGlobale","All_modes","27"
"2020-03-22","Kokolo","Kimbanseke","1h","Study_Zone_Resident","Study_Zone_Worker","ZoneGlobale","All_modes","27"
"2020-03-22","Kokolo","Kimbanseke","3h","Study_Zone_Resident","Outside_Worker","ZoneGlobale","All_modes","27"
"2020-03-22","Kokolo","Kimbanseke","3h","Study_Zone_Resident","Study_Zone_Worker","ZoneGlobale","All_modes","40"
"2020-03-22","Kokolo","Kimbanseke","3h","Origin_Zone_Resident","Origin_Zone_Worker","ZoneGlobale","All_modes","27"
"2020-03-22","Kokolo","Kingabwa","1h","Outside_Resident","Outside_Worker","ZoneGlobale","All_modes","40"
"2020-03-22","Kokolo","Kingabwa","3h","Outside_Resident","Outside_Worker","ZoneGlobale","All_modes","437"
"2020-03-22","Kokolo","Kingabwa","3h","Destination_Zone_Resident","Destination_Zone_Worker","ZoneGlobale","All_modes","68"
"2020-03-22","Kokolo","Kingabwa","3h","Study_Zone_Resident","Study_Zone_Worker","ZoneGlobale","All_modes","68"
"2020-03-22","Kokolo","Kinshasa","1h","Outside_Resident","Outside_Worker","ZoneGlobale","All_modes","40"
"2020-03-22","Kokolo","Kinshasa","1h","Destination_Zone_Resident","Destination_Zone_Worker","ZoneGlobale","All_modes","139"
"2020-03-22","Kokolo","Kinshasa","3h","Outside_Resident","Outside_Worker","ZoneGlobale","All_modes","54"
"2020-03-22","Kokolo","Kinshasa","3h","Outside_Resident","Origin_Zone_Worker","ZoneGlobale","All_modes","40"
"2020-03-22","Kokolo","Kinshasa","3h","Destination_Zone_Resident","Destination_Zone_Worker","ZoneGlobale","All_modes","232"
"2020-03-22","Kokolo","Kinshasa","3h","Destination_Zone_Resident","Study_Zone_Worker","ZoneGlobale","All_modes","81"
"2020-03-22","Kokolo","Kinshasa","3h","Study_Zone_Resident","Study_Zone_Worker","ZoneGlobale","All_modes","68"
"2020-03-22","Kokolo","Kinshasa","3h","Origin_Zone_Resident","Origin_Zone_Worker","ZoneGlobale","All_modes","27"
"2020-03-22","Kokolo","Kintambo","1h","Outside_Resident","Outside_Worker","ZoneGlobale","All_modes","191"
"2020-03-22","Kokolo","Kintambo","1h","Outside_Resident","Origin_Zone_Worker","ZoneGlobale","All_modes","40"
"2020-03-22","Kokolo","Kintambo","1h","Destination_Zone_Resident","Outside_Worker","ZoneGlobale","All_modes","27"
"2020-03-22","Kokolo","Kintambo","1h","Destination_Zone_Resident","Destination_Zone_Worker","ZoneGlobale","All_modes","655"
"2020-03-22","Kokolo","Kintambo","1h","Destination_Zone_Resident","Study_Zone_Worker","ZoneGlobale","All_modes","109"
"2020-03-22","Kokolo","Kintambo","1h","Destination_Zone_Resident","Origin_Zone_Worker","ZoneGlobale","All_modes","81"
"2020-03-22","Kokolo","Kintambo","1h","Study_Zone_Resident","Study_Zone_Worker","ZoneGlobale","All_modes","191"
"2020-03-22","Kokolo","Kintambo","1h","Study_Zone_Resident","Origin_Zone_Worker","ZoneGlobale","All_modes","27"
"2020-03-22","Kokolo","Kintambo","1h","Origin_Zone_Resident","Destination_Zone_Worker","ZoneGlobale","All_modes","81"
"2020-03-22","Kokolo","Kintambo","1h","Origin_Zone_Resident","Study_Zone_Worker","ZoneGlobale","All_modes","81"
"2020-03-22","Kokolo","Kintambo","1h","Origin_Zone_Resident","Origin_Zone_Worker","ZoneGlobale","All_modes","437"
"2020-03-22","Kokolo","Kintambo","3h","Outside_Resident","Outside_Worker","ZoneGlobale","All_modes","423"
"2020-03-22","Kokolo","Kintambo","3h","Outside_Resident","Destination_Zone_Worker","ZoneGlobale","All_modes","54"
"2020-03-22","Kokolo","Kintambo","3h","Outside_Resident","Study_Zone_Worker","ZoneGlobale","All_modes","122"
"2020-03-22","Kokolo","Kintambo","3h","Outside_Resident","Origin_Zone_Worker","ZoneGlobale","All_modes","355"
"2020-03-22","Kokolo","Kintambo","3h","Destination_Zone_Resident","Outside_Worker","ZoneGlobale","All_modes","109"
"2020-03-22","Kokolo","Kintambo","3h","Destination_Zone_Resident","Destination_Zone_Worker","ZoneGlobale","All_modes","929"
"2020-03-22","Kokolo","Kintambo","3h","Destination_Zone_Resident","Study_Zone_Worker","ZoneGlobale","All_modes","368"
"2020-03-22","Kokolo","Kintambo","3h","Destination_Zone_Resident","Origin_Zone_Worker","ZoneGlobale","All_modes","259"
"2020-03-22","Kokolo","Kintambo","3h","Study_Zone_Resident","Destination_Zone_Worker","ZoneGlobale","All_modes","54"
"2020-03-22","Kokolo","Kintambo","3h","Study_Zone_Resident","Study_Zone_Worker","ZoneGlobale","All_modes","327"
"2020-03-22","Kokolo","Kintambo","3h","Study_Zone_Resident","Origin_Zone_Worker","ZoneGlobale","All_modes","81"
"2020-03-22","Kokolo","Kintambo","3h","Origin_Zone_Resident","Outside_Worker","ZoneGlobale","All_modes","54"
"2020-03-22","Kokolo","Kintambo","3h","Origin_Zone_Resident","Destination_Zone_Worker","ZoneGlobale","All_modes","81"
"2020-03-22","Kokolo","Kintambo","3h","Origin_Zone_Resident","Study_Zone_Worker","ZoneGlobale","All_modes","259"
"2020-03-22","Kokolo","Kintambo","3h","Origin_Zone_Resident","Origin_Zone_Worker","ZoneGlobale","All_modes","1313"
"2020-03-22","Kokolo","Kisenso","1h","Destination_Zone_Resident","Destination_Zone_Worker","ZoneGlobale","All_modes","27"
"2020-03-22","Kokolo","Kisenso","3h","Destination_Zone_Resident","Destination_Zone_Worker","ZoneGlobale","All_modes","81"
"2020-03-22","Kokolo","Kisenso","3h","Destination_Zone_Resident","Study_Zone_Worker","ZoneGlobale","All_modes","27"
"2020-03-22","Kokolo","Lemba","1h","Destination_Zone_Resident","Destination_Zone_Worker","ZoneGlobale","All_modes","81"
"2020-03-22","Kokolo","Lemba","3h","Outside_Resident","Outside_Worker","ZoneGlobale","All_modes","81"
"2020-03-22","Kokolo","Lemba","3h","Outside_Resident","Study_Zone_Worker","ZoneGlobale","All_modes","27"
"2020-03-22","Kokolo","Lemba","3h","Destination_Zone_Resident","Destination_Zone_Worker","ZoneGlobale","All_modes","235"
"2020-03-22","Kokolo","Lemba","3h","Destination_Zone_Resident","Study_Zone_Worker","ZoneGlobale","All_modes","68"
"2020-03-22","Kokolo","Lemba","3h","Origin_Zone_Resident","Origin_Zone_Worker","ZoneGlobale","All_modes","54"
"2020-03-22","Kokolo","Limete","1h","Outside_Resident","Study_Zone_Worker","ZoneGlobale","All_modes","27"
"2020-03-22","Kokolo","Limete","1h","Destination_Zone_Resident","Destination_Zone_Worker","ZoneGlobale","All_modes","95"
"2020-03-22","Kokolo","Limete","1h","Study_Zone_Resident","Study_Zone_Worker","ZoneGlobale","All_modes","40"
"2020-03-22","Kokolo","Limete","3h","Outside_Resident","Outside_Worker","ZoneGlobale","All_modes","95"
"2020-03-22","Kokolo","Limete","3h","Destination_Zone_Resident","Destination_Zone_Worker","ZoneGlobale","All_modes","218"
"2020-03-22","Kokolo","Limete","3h","Destination_Zone_Resident","Study_Zone_Worker","ZoneGlobale","All_modes","40"
"2020-03-22","Kokolo","Limete","3h","Study_Zone_Resident","Study_Zone_Worker","ZoneGlobale","All_modes","95"
"2020-03-22","Kokolo","Limete","3h","Study_Zone_Resident","Origin_Zone_Worker","ZoneGlobale","All_modes","27"
"2020-03-22","Kokolo","Limete","3h","Origin_Zone_Resident","Study_Zone_Worker","ZoneGlobale","All_modes","27"
"2020-03-22","Kokolo","Limete","3h","Origin_Zone_Resident","Origin_Zone_Worker","ZoneGlobale","All_modes","68"
"2020-03-22","Kokolo","Lubumbashi","1h","Origin_Zone_Resident","Outside_Worker","ZoneGlobale","All_modes","35"
"2020-03-22","Kokolo","Makala","3h","Outside_Resident","Outside_Worker","ZoneGlobale","All_modes","40"
"2020-03-22","Kokolo","Makala","3h","Destination_Zone_Resident","Study_Zone_Worker","ZoneGlobale","All_modes","27"
"2020-03-22","Kokolo","Makala","3h","Study_Zone_Resident","Study_Zone_Worker","ZoneGlobale","All_modes","68"
"2020-03-22","Kokolo","Makala","3h","Study_Zone_Resident","Origin_Zone_Worker","ZoneGlobale","All_modes","27"
"2020-03-22","Kokolo","Masina II","1h","Destination_Zone_Resident","Destination_Zone_Worker","ZoneGlobale","All_modes","40"
"2020-03-22","Kokolo","Masina II","1h","Destination_Zone_Resident","Study_Zone_Worker","ZoneGlobale","All_modes","27"
"2020-03-22","Kokolo","Masina II","1h","Origin_Zone_Resident","Origin_Zone_Worker","ZoneGlobale","All_modes","27"
"2020-03-22","Kokolo","Masina II","3h","Outside_Resident","Outside_Worker","ZoneGlobale","All_modes","40"
"2020-03-22","Kokolo","Masina II","3h","Destination_Zone_Resident","Destination_Zone_Worker","ZoneGlobale","All_modes","40"
"2020-03-22","Kokolo","Masina II","3h","Destination_Zone_Resident","Study_Zone_Worker","ZoneGlobale","All_modes","27"
"2020-03-22","Kokolo","Masina II","3h","Origin_Zone_Resident","Origin_Zone_Worker","ZoneGlobale","All_modes","68"
"2020-03-22","Kokolo","Matete","1h","Destination_Zone_Resident","Destination_Zone_Worker","ZoneGlobale","All_modes","68"
"2020-03-22","Kokolo","Matete","1h","Destination_Zone_Resident","Study_Zone_Worker","ZoneGlobale","All_modes","40"
"2020-03-22","Kokolo","Matete","3h","Outside_Resident","Outside_Worker","ZoneGlobale","All_modes","27"
"2020-03-22","Kokolo","Matete","3h","Outside_Resident","Study_Zone_Worker","ZoneGlobale","All_modes","27"
"2020-03-22","Kokolo","Matete","3h","Destination_Zone_Resident","Destination_Zone_Worker","ZoneGlobale","All_modes","54"
"2020-03-22","Kokolo","Matete","3h","Destination_Zone_Resident","Study_Zone_Worker","ZoneGlobale","All_modes","40"
"2020-03-22","Kokolo","Matete","3h","Study_Zone_Resident","Study_Zone_Worker","ZoneGlobale","All_modes","40"
"2020-03-22","Kokolo","Mont Ngafula I","1h","Destination_Zone_Resident","Destination_Zone_Worker","ZoneGlobale","All_modes","27"
"2020-03-22","Kokolo","Mont Ngafula I","3h","Destination_Zone_Resident","Destination_Zone_Worker","ZoneGlobale","All_modes","109"
"2020-03-22","Kokolo","Mont Ngafula I","3h","Destination_Zone_Resident","Study_Zone_Worker","ZoneGlobale","All_modes","27"
"2020-03-22","Kokolo","Mont Ngafula II","1h","Outside_Resident","Outside_Worker","ZoneGlobale","All_modes","27"
"2020-03-22","Kokolo","Mont Ngafula II","1h","Destination_Zone_Resident","Destination_Zone_Worker","ZoneGlobale","All_modes","54"
"2020-03-22","Kokolo","Mont Ngafula II","1h","Destination_Zone_Resident","Study_Zone_Worker","ZoneGlobale","All_modes","40"
"2020-03-22","Kokolo","Mont Ngafula II","1h","Origin_Zone_Resident","Origin_Zone_Worker","ZoneGlobale","All_modes","27"
"2020-03-22","Kokolo","Mont Ngafula II","3h","Destination_Zone_Resident","Destination_Zone_Worker","ZoneGlobale","All_modes","81"
"2020-03-22","Kokolo","Mont Ngafula II","3h","Destination_Zone_Resident","Study_Zone_Worker","ZoneGlobale","All_modes","68"
"2020-03-22","Kokolo","Mont Ngafula II","3h","Origin_Zone_Resident","Origin_Zone_Worker","ZoneGlobale","All_modes","68"
"2020-03-22","Kokolo","Ndjili","1h","Destination_Zone_Resident","Destination_Zone_Worker","ZoneGlobale","All_modes","40"
"2020-03-22","Kokolo","Ndjili","3h","Outside_Resident","Outside_Worker","ZoneGlobale","All_modes","40"
"2020-03-22","Kokolo","Ndjili","3h","Destination_Zone_Resident","Destination_Zone_Worker","ZoneGlobale","All_modes","54"
"2020-03-22","Kokolo","Ndjili","3h","Origin_Zone_Resident","Origin_Zone_Worker","ZoneGlobale","All_modes","40"
"2020-03-22","Kokolo","Ngiri-Ngiri","1h","Outside_Resident","Outside_Worker","ZoneGlobale","All_modes","27"
"2020-03-22","Kokolo","Ngiri-Ngiri","1h","Outside_Resident","Destination_Zone_Worker","ZoneGlobale","All_modes","40"
"2020-03-22","Kokolo","Ngiri-Ngiri","1h","Outside_Resident","Study_Zone_Worker","ZoneGlobale","All_modes","27"
"2020-03-22","Kokolo","Ngiri-Ngiri","1h","Outside_Resident","Origin_Zone_Worker","ZoneGlobale","All_modes","27"
"2020-03-22","Kokolo","Ngiri-Ngiri","1h","Destination_Zone_Resident","Outside_Worker","ZoneGlobale","All_modes","40"
"2020-03-22","Kokolo","Ngiri-Ngiri","1h","Destination_Zone_Resident","Destination_Zone_Worker","ZoneGlobale","All_modes","573"
"2020-03-22","Kokolo","Ngiri-Ngiri","1h","Destination_Zone_Resident","Study_Zone_Worker","ZoneGlobale","All_modes","519"
"2020-03-22","Kokolo","Ngiri-Ngiri","1h","Destination_Zone_Resident","Origin_Zone_Worker","ZoneGlobale","All_modes","204"
"2020-03-22","Kokolo","Ngiri-Ngiri","1h","Study_Zone_Resident","Study_Zone_Worker","ZoneGlobale","All_modes","40"
"2020-03-22","Kokolo","Ngiri-Ngiri","1h","Study_Zone_Resident","Origin_Zone_Worker","ZoneGlobale","All_modes","40"
"2020-03-22","Kokolo","Ngiri-Ngiri","1h","Origin_Zone_Resident","Destination_Zone_Worker","ZoneGlobale","All_modes","54"
"2020-03-22","Kokolo","Ngiri-Ngiri","1h","Origin_Zone_Resident","Study_Zone_Worker","ZoneGlobale","All_modes","40"
"2020-03-22","Kokolo","Ngiri-Ngiri","1h","Origin_Zone_Resident","Origin_Zone_Worker","ZoneGlobale","All_modes","368"
"2020-03-22","Kokolo","Ngiri-Ngiri","3h","Outside_Resident","Outside_Worker","ZoneGlobale","All_modes","423"
"2020-03-22","Kokolo","Ngiri-Ngiri","3h","Outside_Resident","Destination_Zone_Worker","ZoneGlobale","All_modes","81"
"2020-03-22","Kokolo","Ngiri-Ngiri","3h","Outside_Resident","Study_Zone_Worker","ZoneGlobale","All_modes","54"
"2020-03-22","Kokolo","Ngiri-Ngiri","3h","Outside_Resident","Origin_Zone_Worker","ZoneGlobale","All_modes","163"
"2020-03-22","Kokolo","Ngiri-Ngiri","3h","Destination_Zone_Resident","Outside_Worker","ZoneGlobale","All_modes","68"
"2020-03-22","Kokolo","Ngiri-Ngiri","3h","Destination_Zone_Resident","Destination_Zone_Worker","ZoneGlobale","All_modes","915"
"2020-03-22","Kokolo","Ngiri-Ngiri","3h","Destination_Zone_Resident","Study_Zone_Worker","ZoneGlobale","All_modes","232"
"2020-03-22","Kokolo","Ngiri-Ngiri","3h","Destination_Zone_Resident","Origin_Zone_Worker","ZoneGlobale","All_modes","382"
"2020-03-22","Kokolo","Ngiri-Ngiri","3h","Study_Zone_Resident","Outside_Worker","ZoneGlobale","All_modes","40"
"2020-03-22","Kokolo","Ngiri-Ngiri","3h","Study_Zone_Resident","Destination_Zone_Worker","ZoneGlobale","All_modes","40"
"2020-03-22","Kokolo","Ngiri-Ngiri","3h","Study_Zone_Resident","Study_Zone_Worker","ZoneGlobale","All_modes","327"
"2020-03-22","Kokolo","Ngiri-Ngiri","3h","Study_Zone_Resident","Origin_Zone_Worker","ZoneGlobale","All_modes","109"
"2020-03-22","Kokolo","Ngiri-Ngiri","3h","Origin_Zone_Resident","Outside_Worker","ZoneGlobale","All_modes","68"
"2020-03-22","Kokolo","Ngiri-Ngiri","3h","Origin_Zone_Resident","Destination_Zone_Worker","ZoneGlobale","All_modes","109"
"2020-03-22","Kokolo","Ngiri-Ngiri","3h","Origin_Zone_Resident","Study_Zone_Worker","ZoneGlobale","All_modes","327"
"2020-03-22","Kokolo","Ngiri-Ngiri","3h","Origin_Zone_Resident","Origin_Zone_Worker","ZoneGlobale","All_modes","1915"
"2020-03-22","Kokolo","Nsele","1h","Outside_Resident","Outside_Worker","ZoneGlobale","All_modes","54"
"2020-03-22","Kokolo","Nsele","1h","Destination_Zone_Resident","Origin_Zone_Worker","ZoneGlobale","All_modes","27"
"2020-03-22","Kokolo","Nsele","1h","Study_Zone_Resident","Study_Zone_Worker","ZoneGlobale","All_modes","27"
"2020-03-22","Kokolo","Nsele","1h","Origin_Zone_Resident","Study_Zone_Worker","ZoneGlobale","All_modes","27"
"2020-03-22","Kokolo","Nsele","1h","Origin_Zone_Resident","Origin_Zone_Worker","ZoneGlobale","All_modes","177"
"2020-03-22","Kokolo","Nsele","3h","Outside_Resident","Outside_Worker","ZoneGlobale","All_modes","122"
"2020-03-22","Kokolo","Nsele","3h","Outside_Resident","Origin_Zone_Worker","ZoneGlobale","All_modes","40"
"2020-03-22","Kokolo","Nsele","3h","Destination_Zone_Resident","Study_Zone_Worker","ZoneGlobale","All_modes","40"
"2020-03-22","Kokolo","Nsele","3h","Destination_Zone_Resident","Origin_Zone_Worker","ZoneGlobale","All_modes","27"
"2020-03-22","Kokolo","Nsele","3h","Study_Zone_Resident","Outside_Worker","ZoneGlobale","All_modes","27"
"2020-03-22","Kokolo","Nsele","3h","Study_Zone_Resident","Study_Zone_Worker","ZoneGlobale","All_modes","232"
"2020-03-22","Kokolo","Nsele","3h","Study_Zone_Resident","Origin_Zone_Worker","ZoneGlobale","All_modes","27"
"2020-03-22","Kokolo","Nsele","3h","Origin_Zone_Resident","Destination_Zone_Worker","ZoneGlobale","All_modes","27"
"2020-03-22","Kokolo","Nsele","3h","Origin_Zone_Resident","Study_Zone_Worker","ZoneGlobale","All_modes","54"
"2020-03-22","Kokolo","Nsele","3h","Origin_Zone_Resident","Origin_Zone_Worker","ZoneGlobale","All_modes","672"
"2020-03-22","Kokolo","Police","1h","Outside_Resident","Outside_Worker","ZoneGlobale","All_modes","40"
"2020-03-22","Kokolo","Police","1h","Outside_Resident","Destination_Zone_Worker","ZoneGlobale","All_modes","27"
"2020-03-22","Kokolo","Police","1h","Destination_Zone_Resident","Destination_Zone_Worker","ZoneGlobale","All_modes","109"
"2020-03-22","Kokolo","Police","1h","Destination_Zone_Resident","Study_Zone_Worker","ZoneGlobale","All_modes","27"
"2020-03-22","Kokolo","Police","1h","Study_Zone_Resident","Study_Zone_Worker","ZoneGlobale","All_modes","54"
"2020-03-22","Kokolo","Police","1h","Origin_Zone_Resident","Study_Zone_Worker","ZoneGlobale","All_modes","27"
"2020-03-22","Kokolo","Police","1h","Origin_Zone_Resident","Origin_Zone_Worker","ZoneGlobale","All_modes","40"
"2020-03-22","Kokolo","Police","3h","Outside_Resident","Outside_Worker","ZoneGlobale","All_modes","163"
"2020-03-22","Kokolo","Police","3h","Outside_Resident","Destination_Zone_Worker","ZoneGlobale","All_modes","54"
"2020-03-22","Kokolo","Police","3h","Destination_Zone_Resident","Outside_Worker","ZoneGlobale","All_modes","27"
"2020-03-22","Kokolo","Police","3h","Destination_Zone_Resident","Destination_Zone_Worker","ZoneGlobale","All_modes","273"
"2020-03-22","Kokolo","Police","3h","Destination_Zone_Resident","Study_Zone_Worker","ZoneGlobale","All_modes","40"
"2020-03-22","Kokolo","Police","3h","Destination_Zone_Resident","Origin_Zone_Worker","ZoneGlobale","All_modes","68"
"2020-03-22","Kokolo","Police","3h","Study_Zone_Resident","Study_Zone_Worker","ZoneGlobale","All_modes","136"
"2020-03-22","Kokolo","Police","3h","Study_Zone_Resident","Origin_Zone_Worker","ZoneGlobale","All_modes","27"
"2020-03-22","Kokolo","Police","3h","Origin_Zone_Resident","Outside_Worker","ZoneGlobale","All_modes","27"
"2020-03-22","Kokolo","Police","3h","Origin_Zone_Resident","Destination_Zone_Worker","ZoneGlobale","All_modes","40"
"2020-03-22","Kokolo","Police","3h","Origin_Zone_Resident","Origin_Zone_Worker","ZoneGlobale","All_modes","163"
"2020-03-22","Kokolo","Selembao","1h","Outside_Resident","Outside_Worker","ZoneGlobale","All_modes","54"
"2020-03-22","Kokolo","Selembao","1h","Destination_Zone_Resident","Outside_Worker","ZoneGlobale","All_modes","27"
"2020-03-22","Kokolo","Selembao","1h","Destination_Zone_Resident","Destination_Zone_Worker","ZoneGlobale","All_modes","136"
"2020-03-22","Kokolo","Selembao","1h","Destination_Zone_Resident","Study_Zone_Worker","ZoneGlobale","All_modes","27"
"2020-03-22","Kokolo","Selembao","1h","Destination_Zone_Resident","Origin_Zone_Worker","ZoneGlobale","All_modes","40"
"2020-03-22","Kokolo","Selembao","1h","Study_Zone_Resident","Study_Zone_Worker","ZoneGlobale","All_modes","41"
"2020-03-22","Kokolo","Selembao","1h","Origin_Zone_Resident","Origin_Zone_Worker","ZoneGlobale","All_modes","122"
"2020-03-22","Kokolo","Selembao","3h","Outside_Resident","Outside_Worker","ZoneGlobale","All_modes","327"
"2020-03-22","Kokolo","Selembao","3h","Outside_Resident","Destination_Zone_Worker","ZoneGlobale","All_modes","40"
"2020-03-22","Kokolo","Selembao","3h","Outside_Resident","Study_Zone_Worker","ZoneGlobale","All_modes","54"
"2020-03-22","Kokolo","Selembao","3h","Outside_Resident","Origin_Zone_Worker","ZoneGlobale","All_modes","81"
"2020-03-22","Kokolo","Selembao","3h","Destination_Zone_Resident","Outside_Worker","ZoneGlobale","All_modes","27"
"2020-03-22","Kokolo","Selembao","3h","Destination_Zone_Resident","Destination_Zone_Worker","ZoneGlobale","All_modes","191"
"2020-03-22","Kokolo","Selembao","3h","Destination_Zone_Resident","Study_Zone_Worker","ZoneGlobale","All_modes","122"
"2020-03-22","Kokolo","Selembao","3h","Destination_Zone_Resident","Origin_Zone_Worker","ZoneGlobale","All_modes","109"
"2020-03-22","Kokolo","Selembao","3h","Study_Zone_Resident","Study_Zone_Worker","ZoneGlobale","All_modes","40"
"2020-03-22","Kokolo","Selembao","3h","Study_Zone_Resident","Origin_Zone_Worker","ZoneGlobale","All_modes","68"
"2020-03-22","Kokolo","Selembao","3h","Origin_Zone_Resident","Outside_Worker","ZoneGlobale","All_modes","40"
"2020-03-22","Kokolo","Selembao","3h","Origin_Zone_Resident","Study_Zone_Worker","ZoneGlobale","All_modes","95"
"2020-03-22","Kokolo","Selembao","3h","Origin_Zone_Resident","Origin_Zone_Worker","ZoneGlobale","All_modes","710"
"2020-03-22","Kokolo","Sona-Bata","3h","Study_Zone_Resident","Study_Zone_Worker","ZoneGlobale","All_modes","27"
"2020-03-22","Komanda","Beni","1h","Outside_Resident","Outside_Worker","ZoneGlobale","All_modes","239"
"2020-03-22","Komanda","Beni","1h","Outside_Resident","Destination_Zone_Worker","ZoneGlobale","All_modes","143"
"2020-03-22","Komanda","Beni","1h","Destination_Zone_Resident","Outside_Worker","ZoneGlobale","All_modes","47"
"2020-03-22","Komanda","Beni","1h","Destination_Zone_Resident","Destination_Zone_Worker","ZoneGlobale","All_modes","1339"
"2020-03-22","Komanda","Beni","1h","Destination_Zone_Resident","Study_Zone_Worker","ZoneGlobale","All_modes","47"
"2020-03-22","Komanda","Beni","1h","Destination_Zone_Resident","Origin_Zone_Worker","ZoneGlobale","All_modes","143"
"2020-03-22","Komanda","Beni","1h","Study_Zone_Resident","Study_Zone_Worker","ZoneGlobale","All_modes","47"
"2020-03-22","Komanda","Beni","1h","Origin_Zone_Resident","Origin_Zone_Worker","ZoneGlobale","All_modes","95"
"2020-03-22","Komanda","Beni","3h","Outside_Resident","Outside_Worker","ZoneGlobale","All_modes","573"
"2020-03-22","Komanda","Beni","3h","Outside_Resident","Destination_Zone_Worker","ZoneGlobale","All_modes","813"
"2020-03-22","Komanda","Beni","3h","Outside_Resident","Origin_Zone_Worker","ZoneGlobale","All_modes","143"
"2020-03-22","Komanda","Beni","3h","Destination_Zone_Resident","Outside_Worker","ZoneGlobale","All_modes","143"
"2020-03-22","Komanda","Beni","3h","Destination_Zone_Resident","Destination_Zone_Worker","ZoneGlobale","All_modes","2678"
"2020-03-22","Komanda","Beni","3h","Destination_Zone_Resident","Study_Zone_Worker","ZoneGlobale","All_modes","47"
"2020-03-22","Komanda","Beni","3h","Destination_Zone_Resident","Origin_Zone_Worker","ZoneGlobale","All_modes","239"
"2020-03-22","Komanda","Beni","3h","Study_Zone_Resident","Outside_Worker","ZoneGlobale","All_modes","47"
"2020-03-22","Komanda","Beni","3h","Study_Zone_Resident","Study_Zone_Worker","ZoneGlobale","All_modes","47"
"2020-03-22","Komanda","Beni","3h","Origin_Zone_Resident","Outside_Worker","ZoneGlobale","All_modes","47"
"2020-03-22","Komanda","Beni","3h","Origin_Zone_Resident","Destination_Zone_Worker","ZoneGlobale","All_modes","239"
"2020-03-22","Komanda","Beni","3h","Origin_Zone_Resident","Origin_Zone_Worker","ZoneGlobale","All_modes","239"
"2020-03-22","Komanda","Bunia","1h","Origin_Zone_Resident","Origin_Zone_Worker","ZoneGlobale","All_modes","118"
"2020-03-22","Komanda","Bunia","3h","Study_Zone_Resident","Study_Zone_Worker","ZoneGlobale","All_modes","47"
"2020-03-22","Komanda","Katwa","3h","Outside_Resident","Outside_Worker","ZoneGlobale","All_modes","47"
"2020-03-22","Komanda","Mambasa","1h","Outside_Resident","Outside_Worker","ZoneGlobale","All_modes","47"
"2020-03-22","Komanda","Mambasa","1h","Outside_Resident","Origin_Zone_Worker","ZoneGlobale","All_modes","47"
"2020-03-22","Komanda","Mambasa","1h","Destination_Zone_Resident","Destination_Zone_Worker","ZoneGlobale","All_modes","239"
"2020-03-22","Komanda","Mambasa","1h","Destination_Zone_Resident","Origin_Zone_Worker","ZoneGlobale","All_modes","118"
"2020-03-22","Komanda","Mambasa","3h","Outside_Resident","Outside_Worker","ZoneGlobale","All_modes","47"
"2020-03-22","Komanda","Mambasa","3h","Outside_Resident","Destination_Zone_Worker","ZoneGlobale","All_modes","143"
"2020-03-22","Komanda","Mambasa","3h","Outside_Resident","Study_Zone_Worker","ZoneGlobale","All_modes","118"
"2020-03-22","Komanda","Mambasa","3h","Outside_Resident","Origin_Zone_Worker","ZoneGlobale","All_modes","143"
"2020-03-22","Komanda","Mambasa","3h","Destination_Zone_Resident","Destination_Zone_Worker","ZoneGlobale","All_modes","95"
"2020-03-22","Komanda","Mambasa","3h","Destination_Zone_Resident","Origin_Zone_Worker","ZoneGlobale","All_modes","166"
"2020-03-22","Komanda","Mambasa","3h","Origin_Zone_Resident","Destination_Zone_Worker","ZoneGlobale","All_modes","47"
"2020-03-22","Komanda","Mambasa","3h","Origin_Zone_Resident","Origin_Zone_Worker","ZoneGlobale","All_modes","47"
"2020-03-22","Komanda","Manguredjipa","3h","Outside_Resident","Outside_Worker","ZoneGlobale","All_modes","47"
"2020-03-22","Komanda","Mutwanga","1h","Destination_Zone_Resident","Study_Zone_Worker","ZoneGlobale","All_modes","47"
"2020-03-22","Komanda","Mutwanga","1h","Origin_Zone_Resident","Study_Zone_Worker","ZoneGlobale","All_modes","47"
"2020-03-22","Komanda","Mutwanga","3h","Destination_Zone_Resident","Destination_Zone_Worker","ZoneGlobale","All_modes","47"
"2020-03-22","Komanda","Mutwanga","3h","Destination_Zone_Resident","Study_Zone_Worker","ZoneGlobale","All_modes","47"
"2020-03-22","Komanda","Mutwanga","3h","Origin_Zone_Resident","Study_Zone_Worker","ZoneGlobale","All_modes","47"
"2020-03-22","Komanda","Mutwanga","3h","Origin_Zone_Resident","Origin_Zone_Worker","ZoneGlobale","All_modes","213"
"2020-03-22","Komanda","Nyakunde","1h","Outside_Resident","Outside_Worker","ZoneGlobale","All_modes","236"
"2020-03-22","Komanda","Nyakunde","1h","Outside_Resident","Origin_Zone_Worker","ZoneGlobale","All_modes","356"
"2020-03-22","Komanda","Nyakunde","1h","Destination_Zone_Resident","Outside_Worker","ZoneGlobale","All_modes","118"
"2020-03-22","Komanda","Nyakunde","1h","Destination_Zone_Resident","Destination_Zone_Worker","ZoneGlobale","All_modes","237"
"2020-03-22","Komanda","Nyakunde","1h","Destination_Zone_Resident","Origin_Zone_Worker","ZoneGlobale","All_modes","118"
"2020-03-22","Komanda","Nyakunde","1h","Origin_Zone_Resident","Origin_Zone_Worker","ZoneGlobale","All_modes","355"
"2020-03-22","Komanda","Nyakunde","3h","Outside_Resident","Outside_Worker","ZoneGlobale","All_modes","709"
"2020-03-22","Komanda","Nyakunde","3h","Outside_Resident","Destination_Zone_Worker","ZoneGlobale","All_modes","236"
"2020-03-22","Komanda","Nyakunde","3h","Outside_Resident","Study_Zone_Worker","ZoneGlobale","All_modes","47"
"2020-03-22","Komanda","Nyakunde","3h","Outside_Resident","Origin_Zone_Worker","ZoneGlobale","All_modes","591"
"2020-03-22","Komanda","Nyakunde","3h","Destination_Zone_Resident","Outside_Worker","ZoneGlobale","All_modes","118"
"2020-03-22","Komanda","Nyakunde","3h","Destination_Zone_Resident","Destination_Zone_Worker","ZoneGlobale","All_modes","118"
"2020-03-22","Komanda","Nyakunde","3h","Destination_Zone_Resident","Origin_Zone_Worker","ZoneGlobale","All_modes","828"
"2020-03-22","Komanda","Nyakunde","3h","Study_Zone_Resident","Study_Zone_Worker","ZoneGlobale","All_modes","118"
"2020-03-22","Komanda","Nyakunde","3h","Origin_Zone_Resident","Outside_Worker","ZoneGlobale","All_modes","118"
"2020-03-22","Komanda","Nyakunde","3h","Origin_Zone_Resident","Destination_Zone_Worker","ZoneGlobale","All_modes","118"
"2020-03-22","Komanda","Nyakunde","3h","Origin_Zone_Resident","Origin_Zone_Worker","ZoneGlobale","All_modes","1064"
"2020-03-22","Komanda","Oicha","1h","Destination_Zone_Resident","Destination_Zone_Worker","ZoneGlobale","All_modes","95"
"2020-03-22","Komanda","Oicha","1h","Study_Zone_Resident","Study_Zone_Worker","ZoneGlobale","All_modes","47"
"2020-03-22","Komanda","Oicha","3h","Outside_Resident","Outside_Worker","ZoneGlobale","All_modes","191"
"2020-03-22","Komanda","Oicha","3h","Outside_Resident","Origin_Zone_Worker","ZoneGlobale","All_modes","47"
"2020-03-22","Komanda","Oicha","3h","Destination_Zone_Resident","Outside_Worker","ZoneGlobale","All_modes","47"
"2020-03-22","Komanda","Oicha","3h","Destination_Zone_Resident","Destination_Zone_Worker","ZoneGlobale","All_modes","239"
"2020-03-22","Komanda","Oicha","3h","Study_Zone_Resident","Outside_Worker","ZoneGlobale","All_modes","47"
"2020-03-22","Komanda","Oicha","3h","Study_Zone_Resident","Destination_Zone_Worker","ZoneGlobale","All_modes","47"
"2020-03-22","Komanda","Oicha","3h","Study_Zone_Resident","Study_Zone_Worker","ZoneGlobale","All_modes","131"
"2020-03-22","Komanda","Oicha","3h","Origin_Zone_Resident","Origin_Zone_Worker","ZoneGlobale","All_modes","47"
"2020-03-22","Komanda","Vuhovi","3h","Study_Zone_Resident","Study_Zone_Worker","ZoneGlobale","All_modes","47"
"2020-03-22","Kuimba","Tshela","1h","Destination_Zone_Resident","Destination_Zone_Worker","ZoneGlobale","All_modes","27"
"2020-03-22","Kuimba","Vaku","3h","Outside_Resident","Outside_Worker","ZoneGlobale","All_modes","27"
"2020-03-22","Kunda","Kasongo","3h","Outside_Resident","Outside_Worker","ZoneGlobale","All_modes","361"
"2020-03-22","Kunda","Kasongo","3h","Study_Zone_Resident","Study_Zone_Worker","ZoneGlobale","All_modes","361"
"2020-03-22","Kwilu-Ngongo","Boko-Kivulu","1h","Outside_Resident","Outside_Worker","ZoneGlobale","All_modes","218"
"2020-03-22","Kwilu-Ngongo","Boko-Kivulu","1h","Outside_Resident","Destination_Zone_Worker","ZoneGlobale","All_modes","40"
"2020-03-22","Kwilu-Ngongo","Boko-Kivulu","1h","Destination_Zone_Resident","Outside_Worker","ZoneGlobale","All_modes","40"
"2020-03-22","Kwilu-Ngongo","Boko-Kivulu","1h","Destination_Zone_Resident","Destination_Zone_Worker","ZoneGlobale","All_modes","395"
"2020-03-22","Kwilu-Ngongo","Boko-Kivulu","1h","Destination_Zone_Resident","Study_Zone_Worker","ZoneGlobale","All_modes","68"
"2020-03-22","Kwilu-Ngongo","Boko-Kivulu","1h","Study_Zone_Resident","Outside_Worker","ZoneGlobale","All_modes","27"
"2020-03-22","Kwilu-Ngongo","Boko-Kivulu","1h","Study_Zone_Resident","Destination_Zone_Worker","ZoneGlobale","All_modes","54"
"2020-03-22","Kwilu-Ngongo","Boko-Kivulu","1h","Study_Zone_Resident","Study_Zone_Worker","ZoneGlobale","All_modes","109"
"2020-03-22","Kwilu-Ngongo","Boko-Kivulu","1h","Origin_Zone_Resident","Destination_Zone_Worker","ZoneGlobale","All_modes","68"
"2020-03-22","Kwilu-Ngongo","Boko-Kivulu","1h","Origin_Zone_Resident","Origin_Zone_Worker","ZoneGlobale","All_modes","122"
"2020-03-22","Kwilu-Ngongo","Boko-Kivulu","3h","Outside_Resident","Outside_Worker","ZoneGlobale","All_modes","422"
"2020-03-22","Kwilu-Ngongo","Boko-Kivulu","3h","Outside_Resident","Destination_Zone_Worker","ZoneGlobale","All_modes","68"
"2020-03-22","Kwilu-Ngongo","Boko-Kivulu","3h","Outside_Resident","Study_Zone_Worker","ZoneGlobale","All_modes","54"
"2020-03-22","Kwilu-Ngongo","Boko-Kivulu","3h","Outside_Resident","Origin_Zone_Worker","ZoneGlobale","All_modes","125"
"2020-03-22","Kwilu-Ngongo","Boko-Kivulu","3h","Destination_Zone_Resident","Outside_Worker","ZoneGlobale","All_modes","54"
"2020-03-22","Kwilu-Ngongo","Boko-Kivulu","3h","Destination_Zone_Resident","Destination_Zone_Worker","ZoneGlobale","All_modes","586"
"2020-03-22","Kwilu-Ngongo","Boko-Kivulu","3h","Destination_Zone_Resident","Study_Zone_Worker","ZoneGlobale","All_modes","109"
"2020-03-22","Kwilu-Ngongo","Boko-Kivulu","3h","Destination_Zone_Resident","Origin_Zone_Worker","ZoneGlobale","All_modes","122"
"2020-03-22","Kwilu-Ngongo","Boko-Kivulu","3h","Study_Zone_Resident","Destination_Zone_Worker","ZoneGlobale","All_modes","40"
"2020-03-22","Kwilu-Ngongo","Boko-Kivulu","3h","Study_Zone_Resident","Study_Zone_Worker","ZoneGlobale","All_modes","177"
"2020-03-22","Kwilu-Ngongo","Boko-Kivulu","3h","Origin_Zone_Resident","Outside_Worker","ZoneGlobale","All_modes","40"
"2020-03-22","Kwilu-Ngongo","Boko-Kivulu","3h","Origin_Zone_Resident","Destination_Zone_Worker","ZoneGlobale","All_modes","95"
"2020-03-22","Kwilu-Ngongo","Boko-Kivulu","3h","Origin_Zone_Resident","Study_Zone_Worker","ZoneGlobale","All_modes","27"
"2020-03-22","Kwilu-Ngongo","Boko-Kivulu","3h","Origin_Zone_Resident","Origin_Zone_Worker","ZoneGlobale","All_modes","722"
"2020-03-22","Kwilu-Ngongo","Boma","3h","Outside_Resident","Outside_Worker","ZoneGlobale","All_modes","27"
"2020-03-22","Kwilu-Ngongo","Kimbanseke","3h","Destination_Zone_Resident","Destination_Zone_Worker","ZoneGlobale","All_modes","27"
"2020-03-22","Kwilu-Ngongo","Kimpangu","1h","Outside_Resident","Outside_Worker","ZoneGlobale","All_modes","40"
"2020-03-22","Kwilu-Ngongo","Kimpangu","3h","Outside_Resident","Outside_Worker","ZoneGlobale","All_modes","27"
"2020-03-22","Kwilu-Ngongo","Kimpangu","3h","Outside_Resident","Origin_Zone_Worker","ZoneGlobale","All_modes","27"
"2020-03-22","Kwilu-Ngongo","Kimpangu","3h","Destination_Zone_Resident","Destination_Zone_Worker","ZoneGlobale","All_modes","27"
"2020-03-22","Kwilu-Ngongo","Kimpangu","3h","Origin_Zone_Resident","Origin_Zone_Worker","ZoneGlobale","All_modes","54"
"2020-03-22","Kwilu-Ngongo","Kimpese","1h","Outside_Resident","Outside_Worker","ZoneGlobale","All_modes","122"
"2020-03-22","Kwilu-Ngongo","Kimpese","1h","Outside_Resident","Destination_Zone_Worker","ZoneGlobale","All_modes","27"
"2020-03-22","Kwilu-Ngongo","Kimpese","1h","Outside_Resident","Origin_Zone_Worker","ZoneGlobale","All_modes","27"
"2020-03-22","Kwilu-Ngongo","Kimpese","1h","Destination_Zone_Resident","Outside_Worker","ZoneGlobale","All_modes","27"
"2020-03-22","Kwilu-Ngongo","Kimpese","1h","Destination_Zone_Resident","Destination_Zone_Worker","ZoneGlobale","All_modes","626"
"2020-03-22","Kwilu-Ngongo","Kimpese","1h","Destination_Zone_Resident","Origin_Zone_Worker","ZoneGlobale","All_modes","40"
"2020-03-22","Kwilu-Ngongo","Kimpese","1h","Study_Zone_Resident","Study_Zone_Worker","ZoneGlobale","All_modes","139"
"2020-03-22","Kwilu-Ngongo","Kimpese","1h","Origin_Zone_Resident","Outside_Worker","ZoneGlobale","All_modes","27"
"2020-03-22","Kwilu-Ngongo","Kimpese","1h","Origin_Zone_Resident","Destination_Zone_Worker","ZoneGlobale","All_modes","40"
"2020-03-22","Kwilu-Ngongo","Kimpese","1h","Origin_Zone_Resident","Origin_Zone_Worker","ZoneGlobale","All_modes","122"
"2020-03-22","Kwilu-Ngongo","Kimpese","3h","Outside_Resident","Outside_Worker","ZoneGlobale","All_modes","218"
"2020-03-22","Kwilu-Ngongo","Kimpese","3h","Outside_Resident","Origin_Zone_Worker","ZoneGlobale","All_modes","40"
"2020-03-22","Kwilu-Ngongo","Kimpese","3h","Destination_Zone_Resident","Outside_Worker","ZoneGlobale","All_modes","95"
"2020-03-22","Kwilu-Ngongo","Kimpese","3h","Destination_Zone_Resident","Destination_Zone_Worker","ZoneGlobale","All_modes","745"
"2020-03-22","Kwilu-Ngongo","Kimpese","3h","Destination_Zone_Resident","Origin_Zone_Worker","ZoneGlobale","All_modes","221"
"2020-03-22","Kwilu-Ngongo","Kimpese","3h","Study_Zone_Resident","Study_Zone_Worker","ZoneGlobale","All_modes","54"
"2020-03-22","Kwilu-Ngongo","Kimpese","3h","Origin_Zone_Resident","Outside_Worker","ZoneGlobale","All_modes","54"
"2020-03-22","Kwilu-Ngongo","Kimpese","3h","Origin_Zone_Resident","Destination_Zone_Worker","ZoneGlobale","All_modes","98"
"2020-03-22","Kwilu-Ngongo","Kimpese","3h","Origin_Zone_Resident","Origin_Zone_Worker","ZoneGlobale","All_modes","477"
"2020-03-22","Kwilu-Ngongo","Kisantu","1h","Outside_Resident","Outside_Worker","ZoneGlobale","All_modes","27"
"2020-03-22","Kwilu-Ngongo","Kisantu","1h","Study_Zone_Resident","Study_Zone_Worker","ZoneGlobale","All_modes","54"
"2020-03-22","Kwilu-Ngongo","Kisantu","3h","Outside_Resident","Outside_Worker","ZoneGlobale","All_modes","81"
"2020-03-22","Kwilu-Ngongo","Kisantu","3h","Study_Zone_Resident","Study_Zone_Worker","ZoneGlobale","All_modes","27"
"2020-03-22","Kwilu-Ngongo","Kisantu","3h","Origin_Zone_Resident","Origin_Zone_Worker","ZoneGlobale","All_modes","27"
"2020-03-22","Kwilu-Ngongo","Matadi","3h","Destination_Zone_Resident","Destination_Zone_Worker","ZoneGlobale","All_modes","27"
"2020-03-22","Kwilu-Ngongo","Matadi","3h","Study_Zone_Resident","Study_Zone_Worker","ZoneGlobale","All_modes","27"
"2020-03-22","Kwilu-Ngongo","Mbanza-Ngungu","1h","Outside_Resident","Outside_Worker","ZoneGlobale","All_modes","95"
"2020-03-22","Kwilu-Ngongo","Mbanza-Ngungu","1h","Destination_Zone_Resident","Destination_Zone_Worker","ZoneGlobale","All_modes","333"
"2020-03-22","Kwilu-Ngongo","Mbanza-Ngungu","1h","Destination_Zone_Resident","Study_Zone_Worker","ZoneGlobale","All_modes","40"
"2020-03-22","Kwilu-Ngongo","Mbanza-Ngungu","1h","Destination_Zone_Resident","Origin_Zone_Worker","ZoneGlobale","All_modes","68"
"2020-03-22","Kwilu-Ngongo","Mbanza-Ngungu","1h","Study_Zone_Resident","Study_Zone_Worker","ZoneGlobale","All_modes","68"
"2020-03-22","Kwilu-Ngongo","Mbanza-Ngungu","1h","Study_Zone_Resident","Origin_Zone_Worker","ZoneGlobale","All_modes","27"
"2020-03-22","Kwilu-Ngongo","Mbanza-Ngungu","1h","Origin_Zone_Resident","Destination_Zone_Worker","ZoneGlobale","All_modes","27"
"2020-03-22","Kwilu-Ngongo","Mbanza-Ngungu","1h","Origin_Zone_Resident","Origin_Zone_Worker","ZoneGlobale","All_modes","150"
"2020-03-22","Kwilu-Ngongo","Mbanza-Ngungu","3h","Outside_Resident","Outside_Worker","ZoneGlobale","All_modes","272"
"2020-03-22","Kwilu-Ngongo","Mbanza-Ngungu","3h","Outside_Resident","Destination_Zone_Worker","ZoneGlobale","All_modes","81"
"2020-03-22","Kwilu-Ngongo","Mbanza-Ngungu","3h","Outside_Resident","Study_Zone_Worker","ZoneGlobale","All_modes","40"
"2020-03-22","Kwilu-Ngongo","Mbanza-Ngungu","3h","Destination_Zone_Resident","Outside_Worker","ZoneGlobale","All_modes","54"
"2020-03-22","Kwilu-Ngongo","Mbanza-Ngungu","3h","Destination_Zone_Resident","Destination_Zone_Worker","ZoneGlobale","All_modes","425"
"2020-03-22","Kwilu-Ngongo","Mbanza-Ngungu","3h","Destination_Zone_Resident","Study_Zone_Worker","ZoneGlobale","All_modes","95"
"2020-03-22","Kwilu-Ngongo","Mbanza-Ngungu","3h","Destination_Zone_Resident","Origin_Zone_Worker","ZoneGlobale","All_modes","136"
"2020-03-22","Kwilu-Ngongo","Mbanza-Ngungu","3h","Study_Zone_Resident","Study_Zone_Worker","ZoneGlobale","All_modes","81"
"2020-03-22","Kwilu-Ngongo","Mbanza-Ngungu","3h","Study_Zone_Resident","Origin_Zone_Worker","ZoneGlobale","All_modes","98"
"2020-03-22","Kwilu-Ngongo","Mbanza-Ngungu","3h","Origin_Zone_Resident","Outside_Worker","ZoneGlobale","All_modes","27"
"2020-03-22","Kwilu-Ngongo","Mbanza-Ngungu","3h","Origin_Zone_Resident","Destination_Zone_Worker","ZoneGlobale","All_modes","166"
"2020-03-22","Kwilu-Ngongo","Mbanza-Ngungu","3h","Origin_Zone_Resident","Study_Zone_Worker","ZoneGlobale","All_modes","68"
"2020-03-22","Kwilu-Ngongo","Mbanza-Ngungu","3h","Origin_Zone_Resident","Origin_Zone_Worker","ZoneGlobale","All_modes","477"
"2020-03-22","Kwilu-Ngongo","Nsona-Mpangu","3h","Outside_Resident","Outside_Worker","ZoneGlobale","All_modes","54"
"2020-03-22","Kwilu-Ngongo","Nsona-Mpangu","3h","Study_Zone_Resident","Study_Zone_Worker","ZoneGlobale","All_modes","40"
"2020-03-22","Kwilu-Ngongo","Selembao","3h","Outside_Resident","Outside_Worker","ZoneGlobale","All_modes","27"
"2020-03-22","Kwilu-Ngongo","Sona-Bata","3h","Study_Zone_Resident","Study_Zone_Worker","ZoneGlobale","All_modes","27"
"2020-03-22","Kyondo","Katwa","1h","Outside_Resident","Outside_Worker","ZoneGlobale","All_modes","47"
"2020-03-22","Kyondo","Katwa","1h","Destination_Zone_Resident","Destination_Zone_Worker","ZoneGlobale","All_modes","47"
"2020-03-22","Kyondo","Katwa","1h","Origin_Zone_Resident","Destination_Zone_Worker","ZoneGlobale","All_modes","47"
"2020-03-22","Kyondo","Katwa","1h","Origin_Zone_Resident","Origin_Zone_Worker","ZoneGlobale","All_modes","47"
"2020-03-22","Kyondo","Katwa","3h","Outside_Resident","Outside_Worker","ZoneGlobale","All_modes","47"
"2020-03-22","Kyondo","Katwa","3h","Outside_Resident","Destination_Zone_Worker","ZoneGlobale","All_modes","143"
"2020-03-22","Kyondo","Katwa","3h","Outside_Resident","Study_Zone_Worker","ZoneGlobale","All_modes","95"
"2020-03-22","Kyondo","Katwa","3h","Destination_Zone_Resident","Outside_Worker","ZoneGlobale","All_modes","47"
"2020-03-22","Kyondo","Katwa","3h","Destination_Zone_Resident","Destination_Zone_Worker","ZoneGlobale","All_modes","382"
"2020-03-22","Kyondo","Katwa","3h","Study_Zone_Resident","Study_Zone_Worker","ZoneGlobale","All_modes","95"
"2020-03-22","Kyondo","Katwa","3h","Study_Zone_Resident","Origin_Zone_Worker","ZoneGlobale","All_modes","47"
"2020-03-22","Kyondo","Katwa","3h","Origin_Zone_Resident","Origin_Zone_Worker","ZoneGlobale","All_modes","143"
"2020-03-22","Kyondo","Masereka","1h","Origin_Zone_Resident","Study_Zone_Worker","ZoneGlobale","All_modes","47"
"2020-03-22","Kyondo","Musienene","1h","Outside_Resident","Destination_Zone_Worker","ZoneGlobale","All_modes","47"
"2020-03-22","Kyondo","Musienene","1h","Study_Zone_Resident","Study_Zone_Worker","ZoneGlobale","All_modes","47"
"2020-03-22","Kyondo","Musienene","1h","Study_Zone_Resident","Origin_Zone_Worker","ZoneGlobale","All_modes","47"
"2020-03-22","Kyondo","Musienene","3h","Outside_Resident","Outside_Worker","ZoneGlobale","All_modes","95"
"2020-03-22","Kyondo","Musienene","3h","Outside_Resident","Destination_Zone_Worker","ZoneGlobale","All_modes","47"
"2020-03-22","Kyondo","Musienene","3h","Outside_Resident","Study_Zone_Worker","ZoneGlobale","All_modes","47"
"2020-03-22","Kyondo","Musienene","3h","Outside_Resident","Origin_Zone_Worker","ZoneGlobale","All_modes","95"
"2020-03-22","Kyondo","Musienene","3h","Destination_Zone_Resident","Outside_Worker","ZoneGlobale","All_modes","47"
"2020-03-22","Kyondo","Musienene","3h","Destination_Zone_Resident","Destination_Zone_Worker","ZoneGlobale","All_modes","143"
"2020-03-22","Kyondo","Musienene","3h","Destination_Zone_Resident","Origin_Zone_Worker","ZoneGlobale","All_modes","95"
"2020-03-22","Kyondo","Musienene","3h","Study_Zone_Resident","Study_Zone_Worker","ZoneGlobale","All_modes","47"
"2020-03-22","Kyondo","Musienene","3h","Study_Zone_Resident","Origin_Zone_Worker","ZoneGlobale","All_modes","47"
"2020-03-22","Kyondo","Mutwanga","1h","Outside_Resident","Outside_Worker","ZoneGlobale","All_modes","47"
"2020-03-22","Kyondo","Mutwanga","1h","Outside_Resident","Destination_Zone_Worker","ZoneGlobale","All_modes","47"
"2020-03-22","Kyondo","Mutwanga","1h","Origin_Zone_Resident","Origin_Zone_Worker","ZoneGlobale","All_modes","47"
"2020-03-22","Kyondo","Mutwanga","3h","Outside_Resident","Destination_Zone_Worker","ZoneGlobale","All_modes","95"
"2020-03-22","Kyondo","Mutwanga","3h","Destination_Zone_Resident","Origin_Zone_Worker","ZoneGlobale","All_modes","143"
"2020-03-22","Kyondo","Mutwanga","3h","Origin_Zone_Resident","Destination_Zone_Worker","ZoneGlobale","All_modes","47"
"2020-03-22","Kyondo","Mutwanga","3h","Origin_Zone_Resident","Origin_Zone_Worker","ZoneGlobale","All_modes","47"
"2020-03-22","Kyondo","Vuhovi","1h","Destination_Zone_Resident","Destination_Zone_Worker","ZoneGlobale","All_modes","95"
"2020-03-22","Kyondo","Vuhovi","1h","Origin_Zone_Resident","Origin_Zone_Worker","ZoneGlobale","All_modes","47"
"2020-03-22","Kyondo","Vuhovi","3h","Outside_Resident","Outside_Worker","ZoneGlobale","All_modes","95"
"2020-03-22","Kyondo","Vuhovi","3h","Destination_Zone_Resident","Outside_Worker","ZoneGlobale","All_modes","47"
"2020-03-22","Kyondo","Vuhovi","3h","Destination_Zone_Resident","Destination_Zone_Worker","ZoneGlobale","All_modes","95"
"2020-03-22","Kyondo","Vuhovi","3h","Destination_Zone_Resident","Origin_Zone_Worker","ZoneGlobale","All_modes","47"
"2020-03-22","Kyondo","Vuhovi","3h","Study_Zone_Resident","Study_Zone_Worker","ZoneGlobale","All_modes","47"
"2020-03-22","Kyondo","Vuhovi","3h","Origin_Zone_Resident","Destination_Zone_Worker","ZoneGlobale","All_modes","47"
"2020-03-22","Kyondo","Vuhovi","3h","Origin_Zone_Resident","Origin_Zone_Worker","ZoneGlobale","All_modes","191"
"2020-03-22","Lemba","Barumbu","1h","Destination_Zone_Resident","Destination_Zone_Worker","ZoneGlobale","All_modes","68"
"2020-03-22","Lemba","Barumbu","1h","Destination_Zone_Resident","Study_Zone_Worker","ZoneGlobale","All_modes","27"
"2020-03-22","Lemba","Barumbu","1h","Study_Zone_Resident","Study_Zone_Worker","ZoneGlobale","All_modes","27"
"2020-03-22","Lemba","Barumbu","3h","Outside_Resident","Outside_Worker","ZoneGlobale","All_modes","40"
"2020-03-22","Lemba","Barumbu","3h","Destination_Zone_Resident","Destination_Zone_Worker","ZoneGlobale","All_modes","95"
"2020-03-22","Lemba","Barumbu","3h","Destination_Zone_Resident","Study_Zone_Worker","ZoneGlobale","All_modes","40"
"2020-03-22","Lemba","Barumbu","3h","Study_Zone_Resident","Destination_Zone_Worker","ZoneGlobale","All_modes","27"
"2020-03-22","Lemba","Barumbu","3h","Study_Zone_Resident","Study_Zone_Worker","ZoneGlobale","All_modes","95"
"2020-03-22","Lemba","Binza Meteo","1h","Outside_Resident","Outside_Worker","ZoneGlobale","All_modes","27"
"2020-03-22","Lemba","Binza Meteo","1h","Outside_Resident","Origin_Zone_Worker","ZoneGlobale","All_modes","27"
"2020-03-22","Lemba","Binza Meteo","1h","Destination_Zone_Resident","Destination_Zone_Worker","ZoneGlobale","All_modes","153"
"2020-03-22","Lemba","Binza Meteo","1h","Destination_Zone_Resident","Study_Zone_Worker","ZoneGlobale","All_modes","27"
"2020-03-22","Lemba","Binza Meteo","3h","Outside_Resident","Outside_Worker","ZoneGlobale","All_modes","40"
"2020-03-22","Lemba","Binza Meteo","3h","Outside_Resident","Study_Zone_Worker","ZoneGlobale","All_modes","27"
"2020-03-22","Lemba","Binza Meteo","3h","Destination_Zone_Resident","Destination_Zone_Worker","ZoneGlobale","All_modes","221"
"2020-03-22","Lemba","Binza Meteo","3h","Destination_Zone_Resident","Study_Zone_Worker","ZoneGlobale","All_modes","40"
"2020-03-22","Lemba","Binza Meteo","3h","Destination_Zone_Resident","Origin_Zone_Worker","ZoneGlobale","All_modes","27"
"2020-03-22","Lemba","Binza Meteo","3h","Study_Zone_Resident","Study_Zone_Worker","ZoneGlobale","All_modes","122"
"2020-03-22","Lemba","Binza Meteo","3h","Origin_Zone_Resident","Origin_Zone_Worker","ZoneGlobale","All_modes","27"
"2020-03-22","Lemba","Binza Ozone","1h","Destination_Zone_Resident","Destination_Zone_Worker","ZoneGlobale","All_modes","40"
"2020-03-22","Lemba","Binza Ozone","1h","Destination_Zone_Resident","Study_Zone_Worker","ZoneGlobale","All_modes","27"
"2020-03-22","Lemba","Binza Ozone","3h","Outside_Resident","Origin_Zone_Worker","ZoneGlobale","All_modes","27"
"2020-03-22","Lemba","Binza Ozone","3h","Destination_Zone_Resident","Destination_Zone_Worker","ZoneGlobale","All_modes","68"
"2020-03-22","Lemba","Boko-Kivulu","3h","Outside_Resident","Outside_Worker","ZoneGlobale","All_modes","54"
"2020-03-22","Lemba","Bumbu","1h","Destination_Zone_Resident","Destination_Zone_Worker","ZoneGlobale","All_modes","40"
"2020-03-22","Lemba","Bumbu","1h","Destination_Zone_Resident","Study_Zone_Worker","ZoneGlobale","All_modes","27"
"2020-03-22","Lemba","Bumbu","3h","Outside_Resident","Outside_Worker","ZoneGlobale","All_modes","109"
"2020-03-22","Lemba","Bumbu","3h","Outside_Resident","Study_Zone_Worker","ZoneGlobale","All_modes","27"
"2020-03-22","Lemba","Bumbu","3h","Destination_Zone_Resident","Destination_Zone_Worker","ZoneGlobale","All_modes","150"
"2020-03-22","Lemba","Bumbu","3h","Destination_Zone_Resident","Study_Zone_Worker","ZoneGlobale","All_modes","68"
"2020-03-22","Lemba","Bumbu","3h","Study_Zone_Resident","Study_Zone_Worker","ZoneGlobale","All_modes","54"
"2020-03-22","Lemba","Bumbu","3h","Origin_Zone_Resident","Origin_Zone_Worker","ZoneGlobale","All_modes","27"
"2020-03-22","Lemba","Gombe","3h","Outside_Resident","Outside_Worker","ZoneGlobale","All_modes","27"
"2020-03-22","Lemba","Gombe","3h","Outside_Resident","Origin_Zone_Worker","ZoneGlobale","All_modes","27"
"2020-03-22","Lemba","Gombe","3h","Destination_Zone_Resident","Destination_Zone_Worker","ZoneGlobale","All_modes","54"
"2020-03-22","Lemba","Gombe","3h","Origin_Zone_Resident","Origin_Zone_Worker","ZoneGlobale","All_modes","27"
"2020-03-22","Lemba","Kalamu I","1h","Outside_Resident","Outside_Worker","ZoneGlobale","All_modes","68"
"2020-03-22","Lemba","Kalamu I","1h","Destination_Zone_Resident","Outside_Worker","ZoneGlobale","All_modes","27"
"2020-03-22","Lemba","Kalamu I","1h","Destination_Zone_Resident","Destination_Zone_Worker","ZoneGlobale","All_modes","273"
"2020-03-22","Lemba","Kalamu I","1h","Destination_Zone_Resident","Study_Zone_Worker","ZoneGlobale","All_modes","68"
"2020-03-22","Lemba","Kalamu I","1h","Destination_Zone_Resident","Origin_Zone_Worker","ZoneGlobale","All_modes","68"
"2020-03-22","Lemba","Kalamu I","1h","Study_Zone_Resident","Study_Zone_Worker","ZoneGlobale","All_modes","68"
"2020-03-22","Lemba","Kalamu I","1h","Origin_Zone_Resident","Destination_Zone_Worker","ZoneGlobale","All_modes","27"
"2020-03-22","Lemba","Kalamu I","1h","Origin_Zone_Resident","Study_Zone_Worker","ZoneGlobale","All_modes","40"
"2020-03-22","Lemba","Kalamu I","1h","Origin_Zone_Resident","Origin_Zone_Worker","ZoneGlobale","All_modes","54"
"2020-03-22","Lemba","Kalamu I","3h","Outside_Resident","Outside_Worker","ZoneGlobale","All_modes","232"
"2020-03-22","Lemba","Kalamu I","3h","Outside_Resident","Destination_Zone_Worker","ZoneGlobale","All_modes","54"
"2020-03-22","Lemba","Kalamu I","3h","Outside_Resident","Study_Zone_Worker","ZoneGlobale","All_modes","27"
"2020-03-22","Lemba","Kalamu I","3h","Outside_Resident","Origin_Zone_Worker","ZoneGlobale","All_modes","40"
"2020-03-22","Lemba","Kalamu I","3h","Destination_Zone_Resident","Destination_Zone_Worker","ZoneGlobale","All_modes","573"
"2020-03-22","Lemba","Kalamu I","3h","Destination_Zone_Resident","Study_Zone_Worker","ZoneGlobale","All_modes","136"
"2020-03-22","Lemba","Kalamu I","3h","Destination_Zone_Resident","Origin_Zone_Worker","ZoneGlobale","All_modes","191"
"2020-03-22","Lemba","Kalamu I","3h","Study_Zone_Resident","Study_Zone_Worker","ZoneGlobale","All_modes","163"
"2020-03-22","Lemba","Kalamu I","3h","Study_Zone_Resident","Origin_Zone_Worker","ZoneGlobale","All_modes","27"
"2020-03-22","Lemba","Kalamu I","3h","Origin_Zone_Resident","Destination_Zone_Worker","ZoneGlobale","All_modes","54"
"2020-03-22","Lemba","Kalamu I","3h","Origin_Zone_Resident","Study_Zone_Worker","ZoneGlobale","All_modes","54"
"2020-03-22","Lemba","Kalamu I","3h","Origin_Zone_Resident","Origin_Zone_Worker","ZoneGlobale","All_modes","232"
"2020-03-22","Lemba","Kalamu II","1h","Outside_Resident","Outside_Worker","ZoneGlobale","All_modes","40"
"2020-03-22","Lemba","Kalamu II","1h","Outside_Resident","Destination_Zone_Worker","ZoneGlobale","All_modes","27"
"2020-03-22","Lemba","Kalamu II","1h","Destination_Zone_Resident","Destination_Zone_Worker","ZoneGlobale","All_modes","136"
"2020-03-22","Lemba","Kalamu II","1h","Destination_Zone_Resident","Study_Zone_Worker","ZoneGlobale","All_modes","27"
"2020-03-22","Lemba","Kalamu II","1h","Study_Zone_Resident","Study_Zone_Worker","ZoneGlobale","All_modes","68"
"2020-03-22","Lemba","Kalamu II","3h","Outside_Resident","Outside_Worker","ZoneGlobale","All_modes","95"
"2020-03-22","Lemba","Kalamu II","3h","Outside_Resident","Destination_Zone_Worker","ZoneGlobale","All_modes","27"
"2020-03-22","Lemba","Kalamu II","3h","Outside_Resident","Study_Zone_Worker","ZoneGlobale","All_modes","68"
"2020-03-22","Lemba","Kalamu II","3h","Outside_Resident","Origin_Zone_Worker","ZoneGlobale","All_modes","27"
"2020-03-22","Lemba","Kalamu II","3h","Destination_Zone_Resident","Destination_Zone_Worker","ZoneGlobale","All_modes","300"
"2020-03-22","Lemba","Kalamu II","3h","Destination_Zone_Resident","Study_Zone_Worker","ZoneGlobale","All_modes","81"
"2020-03-22","Lemba","Kalamu II","3h","Destination_Zone_Resident","Origin_Zone_Worker","ZoneGlobale","All_modes","27"
"2020-03-22","Lemba","Kalamu II","3h","Study_Zone_Resident","Study_Zone_Worker","ZoneGlobale","All_modes","95"
"2020-03-22","Lemba","Kalamu II","3h","Origin_Zone_Resident","Origin_Zone_Worker","ZoneGlobale","All_modes","109"
"2020-03-22","Lemba","Kasa-Vubu","1h","Destination_Zone_Resident","Destination_Zone_Worker","ZoneGlobale","All_modes","68"
"2020-03-22","Lemba","Kasa-Vubu","1h","Destination_Zone_Resident","Study_Zone_Worker","ZoneGlobale","All_modes","27"
"2020-03-22","Lemba","Kasa-Vubu","3h","Outside_Resident","Outside_Worker","ZoneGlobale","All_modes","54"
"2020-03-22","Lemba","Kasa-Vubu","3h","Destination_Zone_Resident","Destination_Zone_Worker","ZoneGlobale","All_modes","163"
"2020-03-22","Lemba","Kasa-Vubu","3h","Destination_Zone_Resident","Study_Zone_Worker","ZoneGlobale","All_modes","54"
"2020-03-22","Lemba","Kasa-Vubu","3h","Study_Zone_Resident","Study_Zone_Worker","ZoneGlobale","All_modes","54"
"2020-03-22","Lemba","Kasa-Vubu","3h","Origin_Zone_Resident","Origin_Zone_Worker","ZoneGlobale","All_modes","27"
"2020-03-22","Lemba","Kikimi","1h","Outside_Resident","Outside_Worker","ZoneGlobale","All_modes","27"
"2020-03-22","Lemba","Kikimi","3h","Outside_Resident","Outside_Worker","ZoneGlobale","All_modes","109"
"2020-03-22","Lemba","Kikimi","3h","Outside_Resident","Study_Zone_Worker","ZoneGlobale","All_modes","27"
"2020-03-22","Lemba","Kikimi","3h","Destination_Zone_Resident","Destination_Zone_Worker","ZoneGlobale","All_modes","81"
"2020-03-22","Lemba","Kikimi","3h","Destination_Zone_Resident","Study_Zone_Worker","ZoneGlobale","All_modes","40"
"2020-03-22","Lemba","Kikimi","3h","Destination_Zone_Resident","Origin_Zone_Worker","ZoneGlobale","All_modes","27"
"2020-03-22","Lemba","Kikimi","3h","Study_Zone_Resident","Origin_Zone_Worker","ZoneGlobale","All_modes","27"
"2020-03-22","Lemba","Kikimi","3h","Origin_Zone_Resident","Study_Zone_Worker","ZoneGlobale","All_modes","27"
"2020-03-22","Lemba","Kikimi","3h","Origin_Zone_Resident","Origin_Zone_Worker","ZoneGlobale","All_modes","136"
"2020-03-22","Lemba","Kimbanseke","1h","Outside_Resident","Outside_Worker","ZoneGlobale","All_modes","40"
"2020-03-22","Lemba","Kimbanseke","1h","Destination_Zone_Resident","Destination_Zone_Worker","ZoneGlobale","All_modes","68"
"2020-03-22","Lemba","Kimbanseke","1h","Destination_Zone_Resident","Study_Zone_Worker","ZoneGlobale","All_modes","40"
"2020-03-22","Lemba","Kimbanseke","1h","Study_Zone_Resident","Study_Zone_Worker","ZoneGlobale","All_modes","40"
"2020-03-22","Lemba","Kimbanseke","3h","Outside_Resident","Outside_Worker","ZoneGlobale","All_modes","136"
"2020-03-22","Lemba","Kimbanseke","3h","Outside_Resident","Destination_Zone_Worker","ZoneGlobale","All_modes","40"
"2020-03-22","Lemba","Kimbanseke","3h","Outside_Resident","Study_Zone_Worker","ZoneGlobale","All_modes","27"
"2020-03-22","Lemba","Kimbanseke","3h","Destination_Zone_Resident","Outside_Worker","ZoneGlobale","All_modes","27"
"2020-03-22","Lemba","Kimbanseke","3h","Destination_Zone_Resident","Destination_Zone_Worker","ZoneGlobale","All_modes","259"
"2020-03-22","Lemba","Kimbanseke","3h","Destination_Zone_Resident","Study_Zone_Worker","ZoneGlobale","All_modes","81"
"2020-03-22","Lemba","Kimbanseke","3h","Destination_Zone_Resident","Origin_Zone_Worker","ZoneGlobale","All_modes","54"
"2020-03-22","Lemba","Kimbanseke","3h","Study_Zone_Resident","Study_Zone_Worker","ZoneGlobale","All_modes","54"
"2020-03-22","Lemba","Kimbanseke","3h","Study_Zone_Resident","Origin_Zone_Worker","ZoneGlobale","All_modes","40"
"2020-03-22","Lemba","Kimbanseke","3h","Origin_Zone_Resident","Origin_Zone_Worker","ZoneGlobale","All_modes","81"
"2020-03-22","Lemba","Kingabwa","1h","Outside_Resident","Outside_Worker","ZoneGlobale","All_modes","54"
"2020-03-22","Lemba","Kingabwa","1h","Destination_Zone_Resident","Destination_Zone_Worker","ZoneGlobale","All_modes","150"
"2020-03-22","Lemba","Kingabwa","1h","Destination_Zone_Resident","Study_Zone_Worker","ZoneGlobale","All_modes","40"
"2020-03-22","Lemba","Kingabwa","1h","Destination_Zone_Resident","Origin_Zone_Worker","ZoneGlobale","All_modes","54"
"2020-03-22","Lemba","Kingabwa","1h","Study_Zone_Resident","Study_Zone_Worker","ZoneGlobale","All_modes","40"
"2020-03-22","Lemba","Kingabwa","3h","Outside_Resident","Outside_Worker","ZoneGlobale","All_modes","191"
"2020-03-22","Lemba","Kingabwa","3h","Outside_Resident","Study_Zone_Worker","ZoneGlobale","All_modes","68"
"2020-03-22","Lemba","Kingabwa","3h","Outside_Resident","Origin_Zone_Worker","ZoneGlobale","All_modes","27"
"2020-03-22","Lemba","Kingabwa","3h","Destination_Zone_Resident","Destination_Zone_Worker","ZoneGlobale","All_modes","273"
"2020-03-22","Lemba","Kingabwa","3h","Destination_Zone_Resident","Study_Zone_Worker","ZoneGlobale","All_modes","95"
"2020-03-22","Lemba","Kingabwa","3h","Destination_Zone_Resident","Origin_Zone_Worker","ZoneGlobale","All_modes","81"
"2020-03-22","Lemba","Kingabwa","3h","Study_Zone_Resident","Study_Zone_Worker","ZoneGlobale","All_modes","163"
"2020-03-22","Lemba","Kingabwa","3h","Study_Zone_Resident","Origin_Zone_Worker","ZoneGlobale","All_modes","40"
"2020-03-22","Lemba","Kingabwa","3h","Origin_Zone_Resident","Origin_Zone_Worker","ZoneGlobale","All_modes","122"
"2020-03-22","Lemba","Kinshasa","1h","Outside_Resident","Outside_Worker","ZoneGlobale","All_modes","40"
"2020-03-22","Lemba","Kinshasa","1h","Destination_Zone_Resident","Destination_Zone_Worker","ZoneGlobale","All_modes","122"
"2020-03-22","Lemba","Kinshasa","1h","Destination_Zone_Resident","Study_Zone_Worker","ZoneGlobale","All_modes","40"
"2020-03-22","Lemba","Kinshasa","1h","Study_Zone_Resident","Study_Zone_Worker","ZoneGlobale","All_modes","27"
"2020-03-22","Lemba","Kinshasa","3h","Outside_Resident","Outside_Worker","ZoneGlobale","All_modes","68"
"2020-03-22","Lemba","Kinshasa","3h","Outside_Resident","Study_Zone_Worker","ZoneGlobale","All_modes","40"
"2020-03-22","Lemba","Kinshasa","3h","Destination_Zone_Resident","Destination_Zone_Worker","ZoneGlobale","All_modes","136"
"2020-03-22","Lemba","Kinshasa","3h","Destination_Zone_Resident","Study_Zone_Worker","ZoneGlobale","All_modes","54"
"2020-03-22","Lemba","Kinshasa","3h","Study_Zone_Resident","Study_Zone_Worker","ZoneGlobale","All_modes","40"
"2020-03-22","Lemba","Kintambo","1h","Destination_Zone_Resident","Study_Zone_Worker","ZoneGlobale","All_modes","27"
"2020-03-22","Lemba","Kintambo","3h","Outside_Resident","Outside_Worker","ZoneGlobale","All_modes","54"
"2020-03-22","Lemba","Kintambo","3h","Destination_Zone_Resident","Destination_Zone_Worker","ZoneGlobale","All_modes","68"
"2020-03-22","Lemba","Kintambo","3h","Destination_Zone_Resident","Study_Zone_Worker","ZoneGlobale","All_modes","81"
"2020-03-22","Lemba","Kisenso","1h","Outside_Resident","Outside_Worker","ZoneGlobale","All_modes","273"
"2020-03-22","Lemba","Kisenso","1h","Outside_Resident","Destination_Zone_Worker","ZoneGlobale","All_modes","424"
"2020-03-22","Lemba","Kisenso","1h","Outside_Resident","Study_Zone_Worker","ZoneGlobale","All_modes","27"
"2020-03-22","Lemba","Kisenso","1h","Outside_Resident","Origin_Zone_Worker","ZoneGlobale","All_modes","68"
"2020-03-22","Lemba","Kisenso","1h","Destination_Zone_Resident","Outside_Worker","ZoneGlobale","All_modes","68"
"2020-03-22","Lemba","Kisenso","1h","Destination_Zone_Resident","Destination_Zone_Worker","ZoneGlobale","All_modes","355"
"2020-03-22","Lemba","Kisenso","1h","Destination_Zone_Resident","Study_Zone_Worker","ZoneGlobale","All_modes","163"
"2020-03-22","Lemba","Kisenso","1h","Destination_Zone_Resident","Origin_Zone_Worker","ZoneGlobale","All_modes","109"
"2020-03-22","Lemba","Kisenso","1h","Study_Zone_Resident","Study_Zone_Worker","ZoneGlobale","All_modes","54"
"2020-03-22","Lemba","Kisenso","1h","Study_Zone_Resident","Origin_Zone_Worker","ZoneGlobale","All_modes","40"
"2020-03-22","Lemba","Kisenso","1h","Origin_Zone_Resident","Destination_Zone_Worker","ZoneGlobale","All_modes","27"
"2020-03-22","Lemba","Kisenso","1h","Origin_Zone_Resident","Study_Zone_Worker","ZoneGlobale","All_modes","40"
"2020-03-22","Lemba","Kisenso","1h","Origin_Zone_Resident","Origin_Zone_Worker","ZoneGlobale","All_modes","204"
"2020-03-22","Lemba","Kisenso","3h","Outside_Resident","Outside_Worker","ZoneGlobale","All_modes","751"
"2020-03-22","Lemba","Kisenso","3h","Outside_Resident","Destination_Zone_Worker","ZoneGlobale","All_modes","492"
"2020-03-22","Lemba","Kisenso","3h","Outside_Resident","Study_Zone_Worker","ZoneGlobale","All_modes","40"
"2020-03-22","Lemba","Kisenso","3h","Outside_Resident","Origin_Zone_Worker","ZoneGlobale","All_modes","259"
"2020-03-22","Lemba","Kisenso","3h","Destination_Zone_Resident","Outside_Worker","ZoneGlobale","All_modes","191"
"2020-03-22","Lemba","Kisenso","3h","Destination_Zone_Resident","Destination_Zone_Worker","ZoneGlobale","All_modes","901"
"2020-03-22","Lemba","Kisenso","3h","Destination_Zone_Resident","Study_Zone_Worker","ZoneGlobale","All_modes","423"
"2020-03-22","Lemba","Kisenso","3h","Destination_Zone_Resident","Origin_Zone_Worker","ZoneGlobale","All_modes","382"
"2020-03-22","Lemba","Kisenso","3h","Study_Zone_Resident","Destination_Zone_Worker","ZoneGlobale","All_modes","40"
"2020-03-22","Lemba","Kisenso","3h","Study_Zone_Resident","Study_Zone_Worker","ZoneGlobale","All_modes","191"
"2020-03-22","Lemba","Kisenso","3h","Study_Zone_Resident","Origin_Zone_Worker","ZoneGlobale","All_modes","95"
"2020-03-22","Lemba","Kisenso","3h","Origin_Zone_Resident","Outside_Worker","ZoneGlobale","All_modes","40"
"2020-03-22","Lemba","Kisenso","3h","Origin_Zone_Resident","Destination_Zone_Worker","ZoneGlobale","All_modes","109"
"2020-03-22","Lemba","Kisenso","3h","Origin_Zone_Resident","Study_Zone_Worker","ZoneGlobale","All_modes","81"
"2020-03-22","Lemba","Kisenso","3h","Origin_Zone_Resident","Origin_Zone_Worker","ZoneGlobale","All_modes","642"
"2020-03-22","Lemba","Kokolo","1h","Destination_Zone_Resident","Destination_Zone_Worker","ZoneGlobale","All_modes","136"
"2020-03-22","Lemba","Kokolo","3h","Outside_Resident","Outside_Worker","ZoneGlobale","All_modes","150"
"2020-03-22","Lemba","Kokolo","3h","Outside_Resident","Study_Zone_Worker","ZoneGlobale","All_modes","27"
"2020-03-22","Lemba","Kokolo","3h","Destination_Zone_Resident","Destination_Zone_Worker","ZoneGlobale","All_modes","163"
"2020-03-22","Lemba","Kokolo","3h","Destination_Zone_Resident","Study_Zone_Worker","ZoneGlobale","All_modes","27"
"2020-03-22","Lemba","Limete","1h","Outside_Resident","Outside_Worker","ZoneGlobale","All_modes","204"
"2020-03-22","Lemba","Limete","1h","Destination_Zone_Resident","Outside_Worker","ZoneGlobale","All_modes","27"
"2020-03-22","Lemba","Limete","1h","Destination_Zone_Resident","Destination_Zone_Worker","ZoneGlobale","All_modes","560"
"2020-03-22","Lemba","Limete","1h","Destination_Zone_Resident","Study_Zone_Worker","ZoneGlobale","All_modes","150"
"2020-03-22","Lemba","Limete","1h","Destination_Zone_Resident","Origin_Zone_Worker","ZoneGlobale","All_modes","95"
"2020-03-22","Lemba","Limete","1h","Study_Zone_Resident","Destination_Zone_Worker","ZoneGlobale","All_modes","27"
"2020-03-22","Lemba","Limete","1h","Study_Zone_Resident","Study_Zone_Worker","ZoneGlobale","All_modes","122"
"2020-03-22","Lemba","Limete","1h","Study_Zone_Resident","Origin_Zone_Worker","ZoneGlobale","All_modes","27"
"2020-03-22","Lemba","Limete","1h","Origin_Zone_Resident","Outside_Worker","ZoneGlobale","All_modes","27"
"2020-03-22","Lemba","Limete","1h","Origin_Zone_Resident","Destination_Zone_Worker","ZoneGlobale","All_modes","27"
"2020-03-22","Lemba","Limete","1h","Origin_Zone_Resident","Study_Zone_Worker","ZoneGlobale","All_modes","54"
"2020-03-22","Lemba","Limete","1h","Origin_Zone_Resident","Origin_Zone_Worker","ZoneGlobale","All_modes","382"
"2020-03-22","Lemba","Limete","3h","Outside_Resident","Outside_Worker","ZoneGlobale","All_modes","614"
"2020-03-22","Lemba","Limete","3h","Outside_Resident","Destination_Zone_Worker","ZoneGlobale","All_modes","150"
"2020-03-22","Lemba","Limete","3h","Outside_Resident","Study_Zone_Worker","ZoneGlobale","All_modes","122"
"2020-03-22","Lemba","Limete","3h","Outside_Resident","Origin_Zone_Worker","ZoneGlobale","All_modes","245"
"2020-03-22","Lemba","Limete","3h","Destination_Zone_Resident","Outside_Worker","ZoneGlobale","All_modes","136"
"2020-03-22","Lemba","Limete","3h","Destination_Zone_Resident","Destination_Zone_Worker","ZoneGlobale","All_modes","1174"
"2020-03-22","Lemba","Limete","3h","Destination_Zone_Resident","Study_Zone_Worker","ZoneGlobale","All_modes","344"
"2020-03-22","Lemba","Limete","3h","Destination_Zone_Resident","Origin_Zone_Worker","ZoneGlobale","All_modes","300"
"2020-03-22","Lemba","Limete","3h","Study_Zone_Resident","Destination_Zone_Worker","ZoneGlobale","All_modes","40"
"2020-03-22","Lemba","Limete","3h","Study_Zone_Resident","Study_Zone_Worker","ZoneGlobale","All_modes","396"
"2020-03-22","Lemba","Limete","3h","Study_Zone_Resident","Origin_Zone_Worker","ZoneGlobale","All_modes","27"
"2020-03-22","Lemba","Limete","3h","Origin_Zone_Resident","Outside_Worker","ZoneGlobale","All_modes","40"
"2020-03-22","Lemba","Limete","3h","Origin_Zone_Resident","Destination_Zone_Worker","ZoneGlobale","All_modes","122"
"2020-03-22","Lemba","Limete","3h","Origin_Zone_Resident","Study_Zone_Worker","ZoneGlobale","All_modes","204"
"2020-03-22","Lemba","Limete","3h","Origin_Zone_Resident","Origin_Zone_Worker","ZoneGlobale","All_modes","1338"
"2020-03-22","Lemba","Makala","1h","Outside_Resident","Outside_Worker","ZoneGlobale","All_modes","345"
"2020-03-22","Lemba","Makala","1h","Outside_Resident","Destination_Zone_Worker","ZoneGlobale","All_modes","27"
"2020-03-22","Lemba","Makala","1h","Outside_Resident","Study_Zone_Worker","ZoneGlobale","All_modes","81"
"2020-03-22","Lemba","Makala","1h","Outside_Resident","Origin_Zone_Worker","ZoneGlobale","All_modes","40"
"2020-03-22","Lemba","Makala","1h","Destination_Zone_Resident","Outside_Worker","ZoneGlobale","All_modes","424"
"2020-03-22","Lemba","Makala","1h","Destination_Zone_Resident","Destination_Zone_Worker","ZoneGlobale","All_modes","737"
"2020-03-22","Lemba","Makala","1h","Destination_Zone_Resident","Study_Zone_Worker","ZoneGlobale","All_modes","95"
"2020-03-22","Lemba","Makala","1h","Destination_Zone_Resident","Origin_Zone_Worker","ZoneGlobale","All_modes","163"
"2020-03-22","Lemba","Makala","1h","Study_Zone_Resident","Study_Zone_Worker","ZoneGlobale","All_modes","136"
"2020-03-22","Lemba","Makala","1h","Study_Zone_Resident","Origin_Zone_Worker","ZoneGlobale","All_modes","27"
"2020-03-22","Lemba","Makala","1h","Origin_Zone_Resident","Destination_Zone_Worker","ZoneGlobale","All_modes","40"
"2020-03-22","Lemba","Makala","1h","Origin_Zone_Resident","Study_Zone_Worker","ZoneGlobale","All_modes","40"
"2020-03-22","Lemba","Makala","1h","Origin_Zone_Resident","Origin_Zone_Worker","ZoneGlobale","All_modes","355"
"2020-03-22","Lemba","Makala","3h","Outside_Resident","Outside_Worker","ZoneGlobale","All_modes","1407"
"2020-03-22","Lemba","Makala","3h","Outside_Resident","Destination_Zone_Worker","ZoneGlobale","All_modes","163"
"2020-03-22","Lemba","Makala","3h","Outside_Resident","Study_Zone_Worker","ZoneGlobale","All_modes","150"
"2020-03-22","Lemba","Makala","3h","Outside_Resident","Origin_Zone_Worker","ZoneGlobale","All_modes","396"
"2020-03-22","Lemba","Makala","3h","Destination_Zone_Resident","Outside_Worker","ZoneGlobale","All_modes","191"
"2020-03-22","Lemba","Makala","3h","Destination_Zone_Resident","Destination_Zone_Worker","ZoneGlobale","All_modes","1858"
"2020-03-22","Lemba","Makala","3h","Destination_Zone_Resident","Study_Zone_Worker","ZoneGlobale","All_modes","232"
"2020-03-22","Lemba","Makala","3h","Destination_Zone_Resident","Origin_Zone_Worker","ZoneGlobale","All_modes","587"
"2020-03-22","Lemba","Makala","3h","Study_Zone_Resident","Study_Zone_Worker","ZoneGlobale","All_modes","259"
"2020-03-22","Lemba","Makala","3h","Study_Zone_Resident","Origin_Zone_Worker","ZoneGlobale","All_modes","54"
"2020-03-22","Lemba","Makala","3h","Origin_Zone_Resident","Outside_Worker","ZoneGlobale","All_modes","81"
"2020-03-22","Lemba","Makala","3h","Origin_Zone_Resident","Destination_Zone_Worker","ZoneGlobale","All_modes","191"
"2020-03-22","Lemba","Makala","3h","Origin_Zone_Resident","Study_Zone_Worker","ZoneGlobale","All_modes","122"
"2020-03-22","Lemba","Makala","3h","Origin_Zone_Resident","Origin_Zone_Worker","ZoneGlobale","All_modes","1297"
"2020-03-22","Lemba","Maluku I","1h","Origin_Zone_Resident","Origin_Zone_Worker","ZoneGlobale","All_modes","40"
"2020-03-22","Lemba","Maluku I","3h","Outside_Resident","Outside_Worker","ZoneGlobale","All_modes","40"
"2020-03-22","Lemba","Maluku I","3h","Outside_Resident","Origin_Zone_Worker","ZoneGlobale","All_modes","27"
"2020-03-22","Lemba","Maluku I","3h","Study_Zone_Resident","Study_Zone_Worker","ZoneGlobale","All_modes","95"
"2020-03-22","Lemba","Maluku I","3h","Origin_Zone_Resident","Study_Zone_Worker","ZoneGlobale","All_modes","40"
"2020-03-22","Lemba","Maluku I","3h","Origin_Zone_Resident","Origin_Zone_Worker","ZoneGlobale","All_modes","81"
"2020-03-22","Lemba","Masa","1h","Destination_Zone_Resident","Destination_Zone_Worker","ZoneGlobale","All_modes","27"
"2020-03-22","Lemba","Masina I","1h","Outside_Resident","Outside_Worker","ZoneGlobale","All_modes","40"
"2020-03-22","Lemba","Masina I","1h","Destination_Zone_Resident","Destination_Zone_Worker","ZoneGlobale","All_modes","27"
"2020-03-22","Lemba","Masina I","1h","Destination_Zone_Resident","Study_Zone_Worker","ZoneGlobale","All_modes","27"
"2020-03-22","Lemba","Masina I","3h","Outside_Resident","Outside_Worker","ZoneGlobale","All_modes","68"
"2020-03-22","Lemba","Masina I","3h","Outside_Resident","Origin_Zone_Worker","ZoneGlobale","All_modes","27"
"2020-03-22","Lemba","Masina I","3h","Destination_Zone_Resident","Destination_Zone_Worker","ZoneGlobale","All_modes","81"
"2020-03-22","Lemba","Masina I","3h","Destination_Zone_Resident","Study_Zone_Worker","ZoneGlobale","All_modes","27"
"2020-03-22","Lemba","Masina I","3h","Origin_Zone_Resident","Origin_Zone_Worker","ZoneGlobale","All_modes","40"
"2020-03-22","Lemba","Masina II","1h","Outside_Resident","Outside_Worker","ZoneGlobale","All_modes","68"
"2020-03-22","Lemba","Masina II","1h","Destination_Zone_Resident","Outside_Worker","ZoneGlobale","All_modes","40"
"2020-03-22","Lemba","Masina II","1h","Destination_Zone_Resident","Destination_Zone_Worker","ZoneGlobale","All_modes","163"
"2020-03-22","Lemba","Masina II","1h","Destination_Zone_Resident","Study_Zone_Worker","ZoneGlobale","All_modes","68"
"2020-03-22","Lemba","Masina II","1h","Destination_Zone_Resident","Origin_Zone_Worker","ZoneGlobale","All_modes","27"
"2020-03-22","Lemba","Masina II","3h","Outside_Resident","Outside_Worker","ZoneGlobale","All_modes","177"
"2020-03-22","Lemba","Masina II","3h","Outside_Resident","Destination_Zone_Worker","ZoneGlobale","All_modes","27"
"2020-03-22","Lemba","Masina II","3h","Outside_Resident","Study_Zone_Worker","ZoneGlobale","All_modes","27"
"2020-03-22","Lemba","Masina II","3h","Destination_Zone_Resident","Outside_Worker","ZoneGlobale","All_modes","68"
"2020-03-22","Lemba","Masina II","3h","Destination_Zone_Resident","Destination_Zone_Worker","ZoneGlobale","All_modes","341"
"2020-03-22","Lemba","Masina II","3h","Destination_Zone_Resident","Study_Zone_Worker","ZoneGlobale","All_modes","95"
"2020-03-22","Lemba","Masina II","3h","Destination_Zone_Resident","Origin_Zone_Worker","ZoneGlobale","All_modes","81"
"2020-03-22","Lemba","Masina II","3h","Study_Zone_Resident","Study_Zone_Worker","ZoneGlobale","All_modes","81"
"2020-03-22","Lemba","Masina II","3h","Origin_Zone_Resident","Origin_Zone_Worker","ZoneGlobale","All_modes","81"
"2020-03-22","Lemba","Matete","1h","Outside_Resident","Outside_Worker","ZoneGlobale","All_modes","204"
"2020-03-22","Lemba","Matete","1h","Outside_Resident","Destination_Zone_Worker","ZoneGlobale","All_modes","54"
"2020-03-22","Lemba","Matete","1h","Outside_Resident","Study_Zone_Worker","ZoneGlobale","All_modes","40"
"2020-03-22","Lemba","Matete","1h","Outside_Resident","Origin_Zone_Worker","ZoneGlobale","All_modes","109"
"2020-03-22","Lemba","Matete","1h","Destination_Zone_Resident","Outside_Worker","ZoneGlobale","All_modes","54"
"2020-03-22","Lemba","Matete","1h","Destination_Zone_Resident","Destination_Zone_Worker","ZoneGlobale","All_modes","546"
"2020-03-22","Lemba","Matete","1h","Destination_Zone_Resident","Study_Zone_Worker","ZoneGlobale","All_modes","136"
"2020-03-22","Lemba","Matete","1h","Destination_Zone_Resident","Origin_Zone_Worker","ZoneGlobale","All_modes","150"
"2020-03-22","Lemba","Matete","1h","Study_Zone_Resident","Destination_Zone_Worker","ZoneGlobale","All_modes","40"
"2020-03-22","Lemba","Matete","1h","Study_Zone_Resident","Study_Zone_Worker","ZoneGlobale","All_modes","95"
"2020-03-22","Lemba","Matete","1h","Study_Zone_Resident","Origin_Zone_Worker","ZoneGlobale","All_modes","27"
"2020-03-22","Lemba","Matete","1h","Origin_Zone_Resident","Destination_Zone_Worker","ZoneGlobale","All_modes","27"
"2020-03-22","Lemba","Matete","1h","Origin_Zone_Resident","Study_Zone_Worker","ZoneGlobale","All_modes","68"
"2020-03-22","Lemba","Matete","1h","Origin_Zone_Resident","Origin_Zone_Worker","ZoneGlobale","All_modes","204"
"2020-03-22","Lemba","Matete","3h","Outside_Resident","Outside_Worker","ZoneGlobale","All_modes","614"
"2020-03-22","Lemba","Matete","3h","Outside_Resident","Destination_Zone_Worker","ZoneGlobale","All_modes","95"
"2020-03-22","Lemba","Matete","3h","Outside_Resident","Study_Zone_Worker","ZoneGlobale","All_modes","81"
"2020-03-22","Lemba","Matete","3h","Outside_Resident","Origin_Zone_Worker","ZoneGlobale","All_modes","327"
"2020-03-22","Lemba","Matete","3h","Destination_Zone_Resident","Outside_Worker","ZoneGlobale","All_modes","68"
"2020-03-22","Lemba","Matete","3h","Destination_Zone_Resident","Destination_Zone_Worker","ZoneGlobale","All_modes","1133"
"2020-03-22","Lemba","Matete","3h","Destination_Zone_Resident","Study_Zone_Worker","ZoneGlobale","All_modes","218"
"2020-03-22","Lemba","Matete","3h","Destination_Zone_Resident","Origin_Zone_Worker","ZoneGlobale","All_modes","232"
"2020-03-22","Lemba","Matete","3h","Study_Zone_Resident","Outside_Worker","ZoneGlobale","All_modes","40"
"2020-03-22","Lemba","Matete","3h","Study_Zone_Resident","Destination_Zone_Worker","ZoneGlobale","All_modes","40"
"2020-03-22","Lemba","Matete","3h","Study_Zone_Resident","Study_Zone_Worker","ZoneGlobale","All_modes","204"
"2020-03-22","Lemba","Matete","3h","Study_Zone_Resident","Origin_Zone_Worker","ZoneGlobale","All_modes","68"
"2020-03-22","Lemba","Matete","3h","Origin_Zone_Resident","Outside_Worker","ZoneGlobale","All_modes","68"
"2020-03-22","Lemba","Matete","3h","Origin_Zone_Resident","Destination_Zone_Worker","ZoneGlobale","All_modes","54"
"2020-03-22","Lemba","Matete","3h","Origin_Zone_Resident","Study_Zone_Worker","ZoneGlobale","All_modes","163"
"2020-03-22","Lemba","Matete","3h","Origin_Zone_Resident","Origin_Zone_Worker","ZoneGlobale","All_modes","560"
"2020-03-22","Lemba","Mont Ngafula I","1h","Outside_Resident","Outside_Worker","ZoneGlobale","All_modes","150"
"2020-03-22","Lemba","Mont Ngafula I","1h","Outside_Resident","Origin_Zone_Worker","ZoneGlobale","All_modes","40"
"2020-03-22","Lemba","Mont Ngafula I","1h","Destination_Zone_Resident","Outside_Worker","ZoneGlobale","All_modes","68"
"2020-03-22","Lemba","Mont Ngafula I","1h","Destination_Zone_Resident","Destination_Zone_Worker","ZoneGlobale","All_modes","382"
"2020-03-22","Lemba","Mont Ngafula I","1h","Destination_Zone_Resident","Study_Zone_Worker","ZoneGlobale","All_modes","54"
"2020-03-22","Lemba","Mont Ngafula I","1h","Destination_Zone_Resident","Origin_Zone_Worker","ZoneGlobale","All_modes","95"
"2020-03-22","Lemba","Mont Ngafula I","1h","Study_Zone_Resident","Study_Zone_Worker","ZoneGlobale","All_modes","40"
"2020-03-22","Lemba","Mont Ngafula I","1h","Origin_Zone_Resident","Destination_Zone_Worker","ZoneGlobale","All_modes","27"
"2020-03-22","Lemba","Mont Ngafula I","1h","Origin_Zone_Resident","Origin_Zone_Worker","ZoneGlobale","All_modes","109"
"2020-03-22","Lemba","Mont Ngafula I","3h","Outside_Resident","Outside_Worker","ZoneGlobale","All_modes","464"
"2020-03-22","Lemba","Mont Ngafula I","3h","Outside_Resident","Destination_Zone_Worker","ZoneGlobale","All_modes","122"
"2020-03-22","Lemba","Mont Ngafula I","3h","Outside_Resident","Origin_Zone_Worker","ZoneGlobale","All_modes","163"
"2020-03-22","Lemba","Mont Ngafula I","3h","Destination_Zone_Resident","Outside_Worker","ZoneGlobale","All_modes","109"
"2020-03-22","Lemba","Mont Ngafula I","3h","Destination_Zone_Resident","Destination_Zone_Worker","ZoneGlobale","All_modes","778"
"2020-03-22","Lemba","Mont Ngafula I","3h","Destination_Zone_Resident","Study_Zone_Worker","ZoneGlobale","All_modes","163"
"2020-03-22","Lemba","Mont Ngafula I","3h","Destination_Zone_Resident","Origin_Zone_Worker","ZoneGlobale","All_modes","218"
"2020-03-22","Lemba","Mont Ngafula I","3h","Study_Zone_Resident","Outside_Worker","ZoneGlobale","All_modes","54"
"2020-03-22","Lemba","Mont Ngafula I","3h","Study_Zone_Resident","Destination_Zone_Worker","ZoneGlobale","All_modes","40"
"2020-03-22","Lemba","Mont Ngafula I","3h","Study_Zone_Resident","Study_Zone_Worker","ZoneGlobale","All_modes","276"
"2020-03-22","Lemba","Mont Ngafula I","3h","Study_Zone_Resident","Origin_Zone_Worker","ZoneGlobale","All_modes","68"
"2020-03-22","Lemba","Mont Ngafula I","3h","Origin_Zone_Resident","Destination_Zone_Worker","ZoneGlobale","All_modes","54"
"2020-03-22","Lemba","Mont Ngafula I","3h","Origin_Zone_Resident","Origin_Zone_Worker","ZoneGlobale","All_modes","341"
"2020-03-22","Lemba","Mont Ngafula II","3h","Outside_Resident","Outside_Worker","ZoneGlobale","All_modes","27"
"2020-03-22","Lemba","Mont Ngafula II","3h","Destination_Zone_Resident","Destination_Zone_Worker","ZoneGlobale","All_modes","27"
"2020-03-22","Lemba","Mont Ngafula II","3h","Destination_Zone_Resident","Study_Zone_Worker","ZoneGlobale","All_modes","40"
"2020-03-22","Lemba","Mont Ngafula II","3h","Study_Zone_Resident","Study_Zone_Worker","ZoneGlobale","All_modes","27"
"2020-03-22","Lemba","Ndjili","1h","Outside_Resident","Destination_Zone_Worker","ZoneGlobale","All_modes","27"
"2020-03-22","Lemba","Ndjili","1h","Destination_Zone_Resident","Destination_Zone_Worker","ZoneGlobale","All_modes","218"
"2020-03-22","Lemba","Ndjili","1h","Destination_Zone_Resident","Study_Zone_Worker","ZoneGlobale","All_modes","27"
"2020-03-22","Lemba","Ndjili","1h","Study_Zone_Resident","Study_Zone_Worker","ZoneGlobale","All_modes","27"
"2020-03-22","Lemba","Ndjili","3h","Outside_Resident","Outside_Worker","ZoneGlobale","All_modes","125"
"2020-03-22","Lemba","Ndjili","3h","Outside_Resident","Destination_Zone_Worker","ZoneGlobale","All_modes","54"
"2020-03-22","Lemba","Ndjili","3h","Outside_Resident","Origin_Zone_Worker","ZoneGlobale","All_modes","54"
"2020-03-22","Lemba","Ndjili","3h","Destination_Zone_Resident","Destination_Zone_Worker","ZoneGlobale","All_modes","491"
"2020-03-22","Lemba","Ndjili","3h","Destination_Zone_Resident","Study_Zone_Worker","ZoneGlobale","All_modes","40"
"2020-03-22","Lemba","Ndjili","3h","Destination_Zone_Resident","Origin_Zone_Worker","ZoneGlobale","All_modes","27"
"2020-03-22","Lemba","Ndjili","3h","Study_Zone_Resident","Study_Zone_Worker","ZoneGlobale","All_modes","68"
"2020-03-22","Lemba","Ndjili","3h","Origin_Zone_Resident","Origin_Zone_Worker","ZoneGlobale","All_modes","40"
"2020-03-22","Lemba","Ngiri-Ngiri","1h","Destination_Zone_Resident","Destination_Zone_Worker","ZoneGlobale","All_modes","68"
"2020-03-22","Lemba","Ngiri-Ngiri","1h","Destination_Zone_Resident","Study_Zone_Worker","ZoneGlobale","All_modes","27"
"2020-03-22","Lemba","Ngiri-Ngiri","1h","Study_Zone_Resident","Outside_Worker","ZoneGlobale","All_modes","27"
"2020-03-22","Lemba","Ngiri-Ngiri","1h","Study_Zone_Resident","Study_Zone_Worker","ZoneGlobale","All_modes","54"
"2020-03-22","Lemba","Ngiri-Ngiri","1h","Origin_Zone_Resident","Origin_Zone_Worker","ZoneGlobale","All_modes","40"
"2020-03-22","Lemba","Ngiri-Ngiri","3h","Outside_Resident","Outside_Worker","ZoneGlobale","All_modes","109"
"2020-03-22","Lemba","Ngiri-Ngiri","3h","Outside_Resident","Study_Zone_Worker","ZoneGlobale","All_modes","27"
"2020-03-22","Lemba","Ngiri-Ngiri","3h","Destination_Zone_Resident","Outside_Worker","ZoneGlobale","All_modes","27"
"2020-03-22","Lemba","Ngiri-Ngiri","3h","Destination_Zone_Resident","Destination_Zone_Worker","ZoneGlobale","All_modes","136"
"2020-03-22","Lemba","Ngiri-Ngiri","3h","Destination_Zone_Resident","Study_Zone_Worker","ZoneGlobale","All_modes","68"
"2020-03-22","Lemba","Ngiri-Ngiri","3h","Study_Zone_Resident","Study_Zone_Worker","ZoneGlobale","All_modes","191"
"2020-03-22","Lemba","Ngiri-Ngiri","3h","Origin_Zone_Resident","Origin_Zone_Worker","ZoneGlobale","All_modes","68"
"2020-03-22","Lemba","Nsele","1h","Outside_Resident","Outside_Worker","ZoneGlobale","All_modes","68"
"2020-03-22","Lemba","Nsele","1h","Destination_Zone_Resident","Destination_Zone_Worker","ZoneGlobale","All_modes","81"
"2020-03-22","Lemba","Nsele","1h","Destination_Zone_Resident","Study_Zone_Worker","ZoneGlobale","All_modes","40"
"2020-03-22","Lemba","Nsele","1h","Destination_Zone_Resident","Origin_Zone_Worker","ZoneGlobale","All_modes","54"
"2020-03-22","Lemba","Nsele","1h","Study_Zone_Resident","Study_Zone_Worker","ZoneGlobale","All_modes","150"
"2020-03-22","Lemba","Nsele","1h","Study_Zone_Resident","Origin_Zone_Worker","ZoneGlobale","All_modes","40"
"2020-03-22","Lemba","Nsele","1h","Origin_Zone_Resident","Outside_Worker","ZoneGlobale","All_modes","27"
"2020-03-22","Lemba","Nsele","1h","Origin_Zone_Resident","Study_Zone_Worker","ZoneGlobale","All_modes","40"
"2020-03-22","Lemba","Nsele","1h","Origin_Zone_Resident","Origin_Zone_Worker","ZoneGlobale","All_modes","396"
"2020-03-22","Lemba","Nsele","3h","Outside_Resident","Outside_Worker","ZoneGlobale","All_modes","273"
"2020-03-22","Lemba","Nsele","3h","Outside_Resident","Destination_Zone_Worker","ZoneGlobale","All_modes","40"
"2020-03-22","Lemba","Nsele","3h","Outside_Resident","Study_Zone_Worker","ZoneGlobale","All_modes","54"
"2020-03-22","Lemba","Nsele","3h","Outside_Resident","Origin_Zone_Worker","ZoneGlobale","All_modes","95"
"2020-03-22","Lemba","Nsele","3h","Destination_Zone_Resident","Outside_Worker","ZoneGlobale","All_modes","27"
"2020-03-22","Lemba","Nsele","3h","Destination_Zone_Resident","Destination_Zone_Worker","ZoneGlobale","All_modes","204"
"2020-03-22","Lemba","Nsele","3h","Destination_Zone_Resident","Study_Zone_Worker","ZoneGlobale","All_modes","95"
"2020-03-22","Lemba","Nsele","3h","Destination_Zone_Resident","Origin_Zone_Worker","ZoneGlobale","All_modes","163"
"2020-03-22","Lemba","Nsele","3h","Study_Zone_Resident","Outside_Worker","ZoneGlobale","All_modes","40"
"2020-03-22","Lemba","Nsele","3h","Study_Zone_Resident","Destination_Zone_Worker","ZoneGlobale","All_modes","54"
"2020-03-22","Lemba","Nsele","3h","Study_Zone_Resident","Study_Zone_Worker","ZoneGlobale","All_modes","204"
"2020-03-22","Lemba","Nsele","3h","Study_Zone_Resident","Origin_Zone_Worker","ZoneGlobale","All_modes","40"
"2020-03-22","Lemba","Nsele","3h","Origin_Zone_Resident","Outside_Worker","ZoneGlobale","All_modes","40"
"2020-03-22","Lemba","Nsele","3h","Origin_Zone_Resident","Study_Zone_Worker","ZoneGlobale","All_modes","191"
"2020-03-22","Lemba","Nsele","3h","Origin_Zone_Resident","Origin_Zone_Worker","ZoneGlobale","All_modes","1120"
"2020-03-22","Lemba","Nsona-Mpangu","3h","Study_Zone_Resident","Study_Zone_Worker","ZoneGlobale","All_modes","44"
"2020-03-22","Lemba","Police","1h","Destination_Zone_Resident","Destination_Zone_Worker","ZoneGlobale","All_modes","40"
"2020-03-22","Lemba","Police","3h","Outside_Resident","Outside_Worker","ZoneGlobale","All_modes","40"
"2020-03-22","Lemba","Police","3h","Destination_Zone_Resident","Outside_Worker","ZoneGlobale","All_modes","27"
"2020-03-22","Lemba","Police","3h","Destination_Zone_Resident","Destination_Zone_Worker","ZoneGlobale","All_modes","136"
"2020-03-22","Lemba","Police","3h","Destination_Zone_Resident","Study_Zone_Worker","ZoneGlobale","All_modes","81"
"2020-03-22","Lemba","Police","3h","Study_Zone_Resident","Study_Zone_Worker","ZoneGlobale","All_modes","40"
"2020-03-22","Lemba","Police","3h","Origin_Zone_Resident","Origin_Zone_Worker","ZoneGlobale","All_modes","27"
"2020-03-22","Lemba","Selembao","1h","Outside_Resident","Outside_Worker","ZoneGlobale","All_modes","40"
"2020-03-22","Lemba","Selembao","1h","Destination_Zone_Resident","Destination_Zone_Worker","ZoneGlobale","All_modes","177"
"2020-03-22","Lemba","Selembao","1h","Destination_Zone_Resident","Study_Zone_Worker","ZoneGlobale","All_modes","68"
"2020-03-22","Lemba","Selembao","1h","Destination_Zone_Resident","Origin_Zone_Worker","ZoneGlobale","All_modes","40"
"2020-03-22","Lemba","Selembao","1h","Study_Zone_Resident","Study_Zone_Worker","ZoneGlobale","All_modes","40"
"2020-03-22","Lemba","Selembao","1h","Origin_Zone_Resident","Origin_Zone_Worker","ZoneGlobale","All_modes","40"
"2020-03-22","Lemba","Selembao","3h","Outside_Resident","Outside_Worker","ZoneGlobale","All_modes","177"
"2020-03-22","Lemba","Selembao","3h","Outside_Resident","Destination_Zone_Worker","ZoneGlobale","All_modes","40"
"2020-03-22","Lemba","Selembao","3h","Outside_Resident","Study_Zone_Worker","ZoneGlobale","All_modes","27"
"2020-03-22","Lemba","Selembao","3h","Outside_Resident","Origin_Zone_Worker","ZoneGlobale","All_modes","27"
"2020-03-22","Lemba","Selembao","3h","Destination_Zone_Resident","Outside_Worker","ZoneGlobale","All_modes","57"
"2020-03-22","Lemba","Selembao","3h","Destination_Zone_Resident","Destination_Zone_Worker","ZoneGlobale","All_modes","437"
"2020-03-22","Lemba","Selembao","3h","Destination_Zone_Resident","Study_Zone_Worker","ZoneGlobale","All_modes","136"
"2020-03-22","Lemba","Selembao","3h","Destination_Zone_Resident","Origin_Zone_Worker","ZoneGlobale","All_modes","150"
"2020-03-22","Lemba","Selembao","3h","Study_Zone_Resident","Study_Zone_Worker","ZoneGlobale","All_modes","122"
"2020-03-22","Lemba","Selembao","3h","Study_Zone_Resident","Origin_Zone_Worker","ZoneGlobale","All_modes","40"
"2020-03-22","Lemba","Selembao","3h","Origin_Zone_Resident","Origin_Zone_Worker","ZoneGlobale","All_modes","54"
"2020-03-22","Lemba","Sona-Bata","1h","Destination_Zone_Resident","Study_Zone_Worker","ZoneGlobale","All_modes","27"
"2020-03-22","Lemba","Sona-Bata","1h","Origin_Zone_Resident","Origin_Zone_Worker","ZoneGlobale","All_modes","95"
"2020-03-22","Lemba","Sona-Bata","3h","Outside_Resident","Outside_Worker","ZoneGlobale","All_modes","40"
"2020-03-22","Lemba","Sona-Bata","3h","Outside_Resident","Origin_Zone_Worker","ZoneGlobale","All_modes","54"
"2020-03-22","Lemba","Sona-Bata","3h","Destination_Zone_Resident","Origin_Zone_Worker","ZoneGlobale","All_modes","40"
"2020-03-22","Lemba","Sona-Bata","3h","Study_Zone_Resident","Outside_Worker","ZoneGlobale","All_modes","27"
"2020-03-22","Lemba","Sona-Bata","3h","Study_Zone_Resident","Study_Zone_Worker","ZoneGlobale","All_modes","122"
"2020-03-22","Lemba","Sona-Bata","3h","Study_Zone_Resident","Origin_Zone_Worker","ZoneGlobale","All_modes","40"
"2020-03-22","Lemba","Sona-Bata","3h","Origin_Zone_Resident","Study_Zone_Worker","ZoneGlobale","All_modes","27"
"2020-03-22","Lemba","Sona-Bata","3h","Origin_Zone_Resident","Origin_Zone_Worker","ZoneGlobale","All_modes","177"
"2020-03-22","Lemera","Hauts-Plateaux","1h","Outside_Resident","Outside_Worker","ZoneGlobale","All_modes","31"
"2020-03-22","Lemera","Hauts-Plateaux","3h","Outside_Resident","Outside_Worker","ZoneGlobale","All_modes","94"
"2020-03-22","Lemera","Hauts-Plateaux","3h","Destination_Zone_Resident","Destination_Zone_Worker","ZoneGlobale","All_modes","31"
"2020-03-22","Lemera","Hauts-Plateaux","3h","Origin_Zone_Resident","Origin_Zone_Worker","ZoneGlobale","All_modes","62"
"2020-03-22","Lemera","Ibanda","3h","Outside_Resident","Outside_Worker","ZoneGlobale","All_modes","31"
"2020-03-22","Lemera","Ibanda","3h","Outside_Resident","Destination_Zone_Worker","ZoneGlobale","All_modes","31"
"2020-03-22","Lemera","Ibanda","3h","Destination_Zone_Resident","Destination_Zone_Worker","ZoneGlobale","All_modes","157"
"2020-03-22","Lemera","Ibanda","3h","Destination_Zone_Resident","Study_Zone_Worker","ZoneGlobale","All_modes","31"
"2020-03-22","Lemera","Idjwi","1h","Study_Zone_Resident","Study_Zone_Worker","ZoneGlobale","All_modes","31"
"2020-03-22","Lemera","Idjwi","3h","Study_Zone_Resident","Study_Zone_Worker","ZoneGlobale","All_modes","62"
"2020-03-22","Lemera","Nyangezi","1h","Outside_Resident","Outside_Worker","ZoneGlobale","All_modes","31"
"2020-03-22","Lemera","Nyangezi","1h","Outside_Resident","Origin_Zone_Worker","ZoneGlobale","All_modes","31"
"2020-03-22","Lemera","Nyangezi","1h","Destination_Zone_Resident","Destination_Zone_Worker","ZoneGlobale","All_modes","94"
"2020-03-22","Lemera","Nyangezi","1h","Destination_Zone_Resident","Origin_Zone_Worker","ZoneGlobale","All_modes","31"
"2020-03-22","Lemera","Nyangezi","1h","Study_Zone_Resident","Study_Zone_Worker","ZoneGlobale","All_modes","94"
"2020-03-22","Lemera","Nyangezi","1h","Origin_Zone_Resident","Origin_Zone_Worker","ZoneGlobale","All_modes","63"
"2020-03-22","Lemera","Nyangezi","3h","Outside_Resident","Outside_Worker","ZoneGlobale","All_modes","184"
"2020-03-22","Lemera","Nyangezi","3h","Outside_Resident","Origin_Zone_Worker","ZoneGlobale","All_modes","188"
"2020-03-22","Lemera","Nyangezi","3h","Destination_Zone_Resident","Destination_Zone_Worker","ZoneGlobale","All_modes","188"
"2020-03-22","Lemera","Nyangezi","3h","Destination_Zone_Resident","Origin_Zone_Worker","ZoneGlobale","All_modes","251"
"2020-03-22","Lemera","Nyangezi","3h","Study_Zone_Resident","Study_Zone_Worker","ZoneGlobale","All_modes","31"
"2020-03-22","Lemera","Nyangezi","3h","Origin_Zone_Resident","Outside_Worker","ZoneGlobale","All_modes","31"
"2020-03-22","Lemera","Nyangezi","3h","Origin_Zone_Resident","Destination_Zone_Worker","ZoneGlobale","All_modes","62"
"2020-03-22","Lemera","Nyangezi","3h","Origin_Zone_Resident","Origin_Zone_Worker","ZoneGlobale","All_modes","314"
"2020-03-22","Lemera","Ruzizi","1h","Outside_Resident","Outside_Worker","ZoneGlobale","All_modes","31"
"2020-03-22","Lemera","Ruzizi","1h","Destination_Zone_Resident","Destination_Zone_Worker","ZoneGlobale","All_modes","31"
"2020-03-22","Lemera","Ruzizi","1h","Destination_Zone_Resident","Origin_Zone_Worker","ZoneGlobale","All_modes","31"
"2020-03-22","Lemera","Ruzizi","1h","Study_Zone_Resident","Study_Zone_Worker","ZoneGlobale","All_modes","31"
"2020-03-22","Lemera","Ruzizi","1h","Origin_Zone_Resident","Origin_Zone_Worker","ZoneGlobale","All_modes","94"
"2020-03-22","Lemera","Ruzizi","3h","Outside_Resident","Outside_Worker","ZoneGlobale","All_modes","62"
"2020-03-22","Lemera","Ruzizi","3h","Outside_Resident","Destination_Zone_Worker","ZoneGlobale","All_modes","94"
"2020-03-22","Lemera","Ruzizi","3h","Destination_Zone_Resident","Outside_Worker","ZoneGlobale","All_modes","31"
"2020-03-22","Lemera","Ruzizi","3h","Destination_Zone_Resident","Destination_Zone_Worker","ZoneGlobale","All_modes","157"
"2020-03-22","Lemera","Ruzizi","3h","Destination_Zone_Resident","Origin_Zone_Worker","ZoneGlobale","All_modes","31"
"2020-03-22","Lemera","Ruzizi","3h","Study_Zone_Resident","Study_Zone_Worker","ZoneGlobale","All_modes","31"
"2020-03-22","Lemera","Ruzizi","3h","Origin_Zone_Resident","Origin_Zone_Worker","ZoneGlobale","All_modes","220"
"2020-03-22","Lemera","Uvira","3h","Outside_Resident","Study_Zone_Worker","ZoneGlobale","All_modes","31"
"2020-03-22","Lemera","Uvira","3h","Destination_Zone_Resident","Destination_Zone_Worker","ZoneGlobale","All_modes","31"
"2020-03-22","Lemera","Uvira","3h","Origin_Zone_Resident","Outside_Worker","ZoneGlobale","All_modes","31"
"2020-03-22","Likasi","Bunkeya","1h","Outside_Resident","Outside_Worker","ZoneGlobale","All_modes","35"
"2020-03-22","Likasi","Bunkeya","3h","Outside_Resident","Outside_Worker","ZoneGlobale","All_modes","35"
"2020-03-22","Likasi","Bunkeya","3h","Outside_Resident","Destination_Zone_Worker","ZoneGlobale","All_modes","35"
"2020-03-22","Likasi","Bunkeya","3h","Destination_Zone_Resident","Outside_Worker","ZoneGlobale","All_modes","35"
"2020-03-22","Likasi","Bunkeya","3h","Origin_Zone_Resident","Origin_Zone_Worker","ZoneGlobale","All_modes","35"
"2020-03-22","Likasi","Dilala","1h","Outside_Resident","Destination_Zone_Worker","ZoneGlobale","All_modes","35"
"2020-03-22","Likasi","Dilala","3h","Outside_Resident","Study_Zone_Worker","ZoneGlobale","All_modes","35"
"2020-03-22","Likasi","Fungurume","1h","Outside_Resident","Outside_Worker","ZoneGlobale","All_modes","106"
"2020-03-22","Likasi","Fungurume","1h","Destination_Zone_Resident","Destination_Zone_Worker","ZoneGlobale","All_modes","425"
"2020-03-22","Likasi","Fungurume","1h","Destination_Zone_Resident","Origin_Zone_Worker","ZoneGlobale","All_modes","35"
"2020-03-22","Likasi","Fungurume","1h","Study_Zone_Resident","Study_Zone_Worker","ZoneGlobale","All_modes","390"
"2020-03-22","Likasi","Fungurume","1h","Origin_Zone_Resident","Origin_Zone_Worker","ZoneGlobale","All_modes","212"
"2020-03-22","Likasi","Fungurume","3h","Outside_Resident","Outside_Worker","ZoneGlobale","All_modes","35"
"2020-03-22","Likasi","Fungurume","3h","Outside_Resident","Destination_Zone_Worker","ZoneGlobale","All_modes","35"
"2020-03-22","Likasi","Fungurume","3h","Outside_Resident","Origin_Zone_Worker","ZoneGlobale","All_modes","35"
"2020-03-22","Likasi","Fungurume","3h","Destination_Zone_Resident","Destination_Zone_Worker","ZoneGlobale","All_modes","390"
"2020-03-22","Likasi","Fungurume","3h","Destination_Zone_Resident","Study_Zone_Worker","ZoneGlobale","All_modes","70"
"2020-03-22","Likasi","Fungurume","3h","Destination_Zone_Resident","Origin_Zone_Worker","ZoneGlobale","All_modes","35"
"2020-03-22","Likasi","Fungurume","3h","Study_Zone_Resident","Study_Zone_Worker","ZoneGlobale","All_modes","106"
"2020-03-22","Likasi","Fungurume","3h","Study_Zone_Resident","Origin_Zone_Worker","ZoneGlobale","All_modes","35"
"2020-03-22","Likasi","Fungurume","3h","Origin_Zone_Resident","Study_Zone_Worker","ZoneGlobale","All_modes","35"
"2020-03-22","Likasi","Fungurume","3h","Origin_Zone_Resident","Origin_Zone_Worker","ZoneGlobale","All_modes","390"
"2020-03-22","Likasi","Kampemba","3h","Origin_Zone_Resident","Study_Zone_Worker","ZoneGlobale","All_modes","35"
"2020-03-22","Likasi","Kapolowe","1h","Outside_Resident","Outside_Worker","ZoneGlobale","All_modes","496"
"2020-03-22","Likasi","Kapolowe","1h","Outside_Resident","Destination_Zone_Worker","ZoneGlobale","All_modes","257"
"2020-03-22","Likasi","Kapolowe","1h","Outside_Resident","Origin_Zone_Worker","ZoneGlobale","All_modes","638"
"2020-03-22","Likasi","Kapolowe","1h","Destination_Zone_Resident","Outside_Worker","ZoneGlobale","All_modes","35"
"2020-03-22","Likasi","Kapolowe","1h","Destination_Zone_Resident","Destination_Zone_Worker","ZoneGlobale","All_modes","1702"
"2020-03-22","Likasi","Kapolowe","1h","Destination_Zone_Resident","Study_Zone_Worker","ZoneGlobale","All_modes","35"
"2020-03-22","Likasi","Kapolowe","1h","Destination_Zone_Resident","Origin_Zone_Worker","ZoneGlobale","All_modes","2022"
"2020-03-22","Likasi","Kapolowe","1h","Study_Zone_Resident","Study_Zone_Worker","ZoneGlobale","All_modes","425"
"2020-03-22","Likasi","Kapolowe","1h","Study_Zone_Resident","Origin_Zone_Worker","ZoneGlobale","All_modes","35"
"2020-03-22","Likasi","Kapolowe","1h","Origin_Zone_Resident","Destination_Zone_Worker","ZoneGlobale","All_modes","177"
"2020-03-22","Likasi","Kapolowe","1h","Origin_Zone_Resident","Study_Zone_Worker","ZoneGlobale","All_modes","106"
"2020-03-22","Likasi","Kapolowe","1h","Origin_Zone_Resident","Origin_Zone_Worker","ZoneGlobale","All_modes","3867"
"2020-03-22","Likasi","Kapolowe","3h","Outside_Resident","Outside_Worker","ZoneGlobale","All_modes","1312"
"2020-03-22","Likasi","Kapolowe","3h","Outside_Resident","Destination_Zone_Worker","ZoneGlobale","All_modes","611"
"2020-03-22","Likasi","Kapolowe","3h","Outside_Resident","Study_Zone_Worker","ZoneGlobale","All_modes","106"
"2020-03-22","Likasi","Kapolowe","3h","Outside_Resident","Origin_Zone_Worker","ZoneGlobale","All_modes","2234"
"2020-03-22","Likasi","Kapolowe","3h","Destination_Zone_Resident","Outside_Worker","ZoneGlobale","All_modes","106"
"2020-03-22","Likasi","Kapolowe","3h","Destination_Zone_Resident","Destination_Zone_Worker","ZoneGlobale","All_modes","2589"
"2020-03-22","Likasi","Kapolowe","3h","Destination_Zone_Resident","Origin_Zone_Worker","ZoneGlobale","All_modes","3795"
"2020-03-22","Likasi","Kapolowe","3h","Study_Zone_Resident","Outside_Worker","ZoneGlobale","All_modes","35"
"2020-03-22","Likasi","Kapolowe","3h","Study_Zone_Resident","Study_Zone_Worker","ZoneGlobale","All_modes","496"
"2020-03-22","Likasi","Kapolowe","3h","Study_Zone_Resident","Origin_Zone_Worker","ZoneGlobale","All_modes","141"
"2020-03-22","Likasi","Kapolowe","3h","Origin_Zone_Resident","Outside_Worker","ZoneGlobale","All_modes","35"
"2020-03-22","Likasi","Kapolowe","3h","Origin_Zone_Resident","Destination_Zone_Worker","ZoneGlobale","All_modes","354"
"2020-03-22","Likasi","Kapolowe","3h","Origin_Zone_Resident","Study_Zone_Worker","ZoneGlobale","All_modes","70"
"2020-03-22","Likasi","Kapolowe","3h","Origin_Zone_Resident","Origin_Zone_Worker","ZoneGlobale","All_modes","7767"
"2020-03-22","Likasi","Kikula","1h","Outside_Resident","Outside_Worker","ZoneGlobale","All_modes","35"
"2020-03-22","Likasi","Kikula","3h","Outside_Resident","Outside_Worker","ZoneGlobale","All_modes","70"
"2020-03-22","Likasi","Kikula","3h","Outside_Resident","Destination_Zone_Worker","ZoneGlobale","All_modes","35"
"2020-03-22","Likasi","Kikula","3h","Study_Zone_Resident","Study_Zone_Worker","ZoneGlobale","All_modes","35"
"2020-03-22","Likasi","Kikula","3h","Origin_Zone_Resident","Origin_Zone_Worker","ZoneGlobale","All_modes","35"
"2020-03-22","Likasi","Kipushi","1h","Study_Zone_Resident","Study_Zone_Worker","ZoneGlobale","All_modes","70"
"2020-03-22","Likasi","Kipushi","3h","Outside_Resident","Destination_Zone_Worker","ZoneGlobale","All_modes","35"
"2020-03-22","Likasi","Kipushi","3h","Outside_Resident","Study_Zone_Worker","ZoneGlobale","All_modes","35"
"2020-03-22","Likasi","Kipushi","3h","Destination_Zone_Resident","Study_Zone_Worker","ZoneGlobale","All_modes","35"
"2020-03-22","Likasi","Kipushi","3h","Study_Zone_Resident","Study_Zone_Worker","ZoneGlobale","All_modes","70"
"2020-03-22","Likasi","Kipushi","3h","Origin_Zone_Resident","Origin_Zone_Worker","ZoneGlobale","All_modes","35"
"2020-03-22","Likasi","Lualaba","1h","Outside_Resident","Outside_Worker","ZoneGlobale","All_modes","106"
"2020-03-22","Likasi","Lualaba","1h","Outside_Resident","Destination_Zone_Worker","ZoneGlobale","All_modes","35"
"2020-03-22","Likasi","Lualaba","1h","Destination_Zone_Resident","Destination_Zone_Worker","ZoneGlobale","All_modes","212"
"2020-03-22","Likasi","Lualaba","1h","Destination_Zone_Resident","Study_Zone_Worker","ZoneGlobale","All_modes","35"
"2020-03-22","Likasi","Lualaba","1h","Study_Zone_Resident","Study_Zone_Worker","ZoneGlobale","All_modes","35"
"2020-03-22","Likasi","Lualaba","1h","Origin_Zone_Resident","Origin_Zone_Worker","ZoneGlobale","All_modes","35"
"2020-03-22","Likasi","Lualaba","3h","Outside_Resident","Outside_Worker","ZoneGlobale","All_modes","141"
"2020-03-22","Likasi","Lualaba","3h","Outside_Resident","Study_Zone_Worker","ZoneGlobale","All_modes","70"
"2020-03-22","Likasi","Lualaba","3h","Destination_Zone_Resident","Destination_Zone_Worker","ZoneGlobale","All_modes","212"
"2020-03-22","Likasi","Lualaba","3h","Destination_Zone_Resident","Origin_Zone_Worker","ZoneGlobale","All_modes","70"
"2020-03-22","Likasi","Lualaba","3h","Study_Zone_Resident","Study_Zone_Worker","ZoneGlobale","All_modes","141"
"2020-03-22","Likasi","Lualaba","3h","Origin_Zone_Resident","Origin_Zone_Worker","ZoneGlobale","All_modes","70"
"2020-03-22","Likasi","Lubudi","3h","Outside_Resident","Study_Zone_Worker","ZoneGlobale","All_modes","35"
"2020-03-22","Likasi","Lubudi","3h","Destination_Zone_Resident","Destination_Zone_Worker","ZoneGlobale","All_modes","35"
"2020-03-22","Likasi","Lubumbashi","1h","Outside_Resident","Outside_Worker","ZoneGlobale","All_modes","35"
"2020-03-22","Likasi","Lubumbashi","1h","Outside_Resident","Destination_Zone_Worker","ZoneGlobale","All_modes","35"
"2020-03-22","Likasi","Lubumbashi","1h","Outside_Resident","Study_Zone_Worker","ZoneGlobale","All_modes","70"
"2020-03-22","Likasi","Lubumbashi","1h","Destination_Zone_Resident","Destination_Zone_Worker","ZoneGlobale","All_modes","212"
"2020-03-22","Likasi","Lubumbashi","1h","Study_Zone_Resident","Study_Zone_Worker","ZoneGlobale","All_modes","106"
"2020-03-22","Likasi","Lubumbashi","1h","Origin_Zone_Resident","Origin_Zone_Worker","ZoneGlobale","All_modes","70"
"2020-03-22","Likasi","Lubumbashi","3h","Outside_Resident","Outside_Worker","ZoneGlobale","All_modes","106"
"2020-03-22","Likasi","Lubumbashi","3h","Outside_Resident","Destination_Zone_Worker","ZoneGlobale","All_modes","177"
"2020-03-22","Likasi","Lubumbashi","3h","Outside_Resident","Study_Zone_Worker","ZoneGlobale","All_modes","70"
"2020-03-22","Likasi","Lubumbashi","3h","Destination_Zone_Resident","Destination_Zone_Worker","ZoneGlobale","All_modes","638"
"2020-03-22","Likasi","Lubumbashi","3h","Study_Zone_Resident","Destination_Zone_Worker","ZoneGlobale","All_modes","35"
"2020-03-22","Likasi","Lubumbashi","3h","Study_Zone_Resident","Study_Zone_Worker","ZoneGlobale","All_modes","212"
"2020-03-22","Likasi","Lubumbashi","3h","Origin_Zone_Resident","Origin_Zone_Worker","ZoneGlobale","All_modes","177"
"2020-03-22","Likasi","Manika","1h","Outside_Resident","Outside_Worker","ZoneGlobale","All_modes","177"
"2020-03-22","Likasi","Manika","1h","Outside_Resident","Study_Zone_Worker","ZoneGlobale","All_modes","35"
"2020-03-22","Likasi","Manika","1h","Outside_Resident","Origin_Zone_Worker","ZoneGlobale","All_modes","35"
"2020-03-22","Likasi","Manika","1h","Destination_Zone_Resident","Outside_Worker","ZoneGlobale","All_modes","35"
"2020-03-22","Likasi","Manika","1h","Destination_Zone_Resident","Destination_Zone_Worker","ZoneGlobale","All_modes","35"
"2020-03-22","Likasi","Manika","1h","Destination_Zone_Resident","Origin_Zone_Worker","ZoneGlobale","All_modes","283"
"2020-03-22","Likasi","Manika","1h","Study_Zone_Resident","Study_Zone_Worker","ZoneGlobale","All_modes","106"
"2020-03-22","Likasi","Manika","1h","Origin_Zone_Resident","Destination_Zone_Worker","ZoneGlobale","All_modes","35"
"2020-03-22","Likasi","Manika","1h","Origin_Zone_Resident","Study_Zone_Worker","ZoneGlobale","All_modes","35"
"2020-03-22","Likasi","Manika","1h","Origin_Zone_Resident","Origin_Zone_Worker","ZoneGlobale","All_modes","1016"
"2020-03-22","Likasi","Manika","3h","Outside_Resident","Outside_Worker","ZoneGlobale","All_modes","283"
"2020-03-22","Likasi","Manika","3h","Outside_Resident","Destination_Zone_Worker","ZoneGlobale","All_modes","35"
"2020-03-22","Likasi","Manika","3h","Outside_Resident","Study_Zone_Worker","ZoneGlobale","All_modes","35"
"2020-03-22","Likasi","Manika","3h","Outside_Resident","Origin_Zone_Worker","ZoneGlobale","All_modes","673"
"2020-03-22","Likasi","Manika","3h","Destination_Zone_Resident","Outside_Worker","ZoneGlobale","All_modes","35"
"2020-03-22","Likasi","Manika","3h","Destination_Zone_Resident","Destination_Zone_Worker","ZoneGlobale","All_modes","35"
"2020-03-22","Likasi","Manika","3h","Destination_Zone_Resident","Study_Zone_Worker","ZoneGlobale","All_modes","35"
"2020-03-22","Likasi","Manika","3h","Destination_Zone_Resident","Origin_Zone_Worker","ZoneGlobale","All_modes","496"
"2020-03-22","Likasi","Manika","3h","Study_Zone_Resident","Study_Zone_Worker","ZoneGlobale","All_modes","248"
"2020-03-22","Likasi","Manika","3h","Study_Zone_Resident","Origin_Zone_Worker","ZoneGlobale","All_modes","35"
"2020-03-22","Likasi","Manika","3h","Origin_Zone_Resident","Destination_Zone_Worker","ZoneGlobale","All_modes","35"
"2020-03-22","Likasi","Manika","3h","Origin_Zone_Resident","Study_Zone_Worker","ZoneGlobale","All_modes","35"
"2020-03-22","Likasi","Manika","3h","Origin_Zone_Resident","Origin_Zone_Worker","ZoneGlobale","All_modes","2359"
"2020-03-22","Likasi","Rwashi","3h","Destination_Zone_Resident","Origin_Zone_Worker","ZoneGlobale","All_modes","35"
"2020-03-22","Likasi","Rwashi","3h","Study_Zone_Resident","Study_Zone_Worker","ZoneGlobale","All_modes","35"
"2020-03-22","Likasi","Sakania","1h","Origin_Zone_Resident","Outside_Worker","ZoneGlobale","All_modes","35"
"2020-03-22","Likasi","Sakania","3h","Study_Zone_Resident","Destination_Zone_Worker","ZoneGlobale","All_modes","70"
"2020-03-22","Likasi","Sakania","3h","Origin_Zone_Resident","Outside_Worker","ZoneGlobale","All_modes","35"
"2020-03-22","Likasi","Sakania","3h","Origin_Zone_Resident","Origin_Zone_Worker","ZoneGlobale","All_modes","35"
"2020-03-22","Likasi","Tshamilemba","3h","Study_Zone_Resident","Study_Zone_Worker","ZoneGlobale","All_modes","35"
"2020-03-22","Likasi","Tshamilemba","3h","Origin_Zone_Resident","Origin_Zone_Worker","ZoneGlobale","All_modes","35"
"2020-03-22","Likati","Bondo","3h","Study_Zone_Resident","Study_Zone_Worker","ZoneGlobale","All_modes","118"
"2020-03-22","Limete","Barumbu","1h","Outside_Resident","Outside_Worker","ZoneGlobale","All_modes","68"
"2020-03-22","Limete","Barumbu","1h","Destination_Zone_Resident","Destination_Zone_Worker","ZoneGlobale","All_modes","204"
"2020-03-22","Limete","Barumbu","1h","Destination_Zone_Resident","Study_Zone_Worker","ZoneGlobale","All_modes","68"
"2020-03-22","Limete","Barumbu","1h","Destination_Zone_Resident","Origin_Zone_Worker","ZoneGlobale","All_modes","27"
"2020-03-22","Limete","Barumbu","1h","Study_Zone_Resident","Study_Zone_Worker","ZoneGlobale","All_modes","54"
"2020-03-22","Limete","Barumbu","1h","Origin_Zone_Resident","Origin_Zone_Worker","ZoneGlobale","All_modes","68"
"2020-03-22","Limete","Barumbu","3h","Outside_Resident","Outside_Worker","ZoneGlobale","All_modes","259"
"2020-03-22","Limete","Barumbu","3h","Outside_Resident","Destination_Zone_Worker","ZoneGlobale","All_modes","54"
"2020-03-22","Limete","Barumbu","3h","Outside_Resident","Study_Zone_Worker","ZoneGlobale","All_modes","27"
"2020-03-22","Limete","Barumbu","3h","Destination_Zone_Resident","Destination_Zone_Worker","ZoneGlobale","All_modes","382"
"2020-03-22","Limete","Barumbu","3h","Destination_Zone_Resident","Study_Zone_Worker","ZoneGlobale","All_modes","95"
"2020-03-22","Limete","Barumbu","3h","Destination_Zone_Resident","Origin_Zone_Worker","ZoneGlobale","All_modes","109"
"2020-03-22","Limete","Barumbu","3h","Study_Zone_Resident","Study_Zone_Worker","ZoneGlobale","All_modes","95"
"2020-03-22","Limete","Barumbu","3h","Study_Zone_Resident","Origin_Zone_Worker","ZoneGlobale","All_modes","68"
"2020-03-22","Limete","Barumbu","3h","Origin_Zone_Resident","Outside_Worker","ZoneGlobale","All_modes","27"
"2020-03-22","Limete","Barumbu","3h","Origin_Zone_Resident","Destination_Zone_Worker","ZoneGlobale","All_modes","40"
"2020-03-22","Limete","Barumbu","3h","Origin_Zone_Resident","Study_Zone_Worker","ZoneGlobale","All_modes","54"
"2020-03-22","Limete","Barumbu","3h","Origin_Zone_Resident","Origin_Zone_Worker","ZoneGlobale","All_modes","273"
"2020-03-22","Limete","Beni","3h","Study_Zone_Resident","Study_Zone_Worker","ZoneGlobale","All_modes","47"
"2020-03-22","Limete","Binza Meteo","1h","Destination_Zone_Resident","Destination_Zone_Worker","ZoneGlobale","All_modes","136"
"2020-03-22","Limete","Binza Meteo","1h","Study_Zone_Resident","Study_Zone_Worker","ZoneGlobale","All_modes","40"
"2020-03-22","Limete","Binza Meteo","3h","Outside_Resident","Outside_Worker","ZoneGlobale","All_modes","54"
"2020-03-22","Limete","Binza Meteo","3h","Destination_Zone_Resident","Destination_Zone_Worker","ZoneGlobale","All_modes","218"
"2020-03-22","Limete","Binza Meteo","3h","Destination_Zone_Resident","Study_Zone_Worker","ZoneGlobale","All_modes","68"
"2020-03-22","Limete","Binza Meteo","3h","Destination_Zone_Resident","Origin_Zone_Worker","ZoneGlobale","All_modes","27"
"2020-03-22","Limete","Binza Meteo","3h","Study_Zone_Resident","Study_Zone_Worker","ZoneGlobale","All_modes","438"
"2020-03-22","Limete","Binza Ozone","1h","Outside_Resident","Outside_Worker","ZoneGlobale","All_modes","27"
"2020-03-22","Limete","Binza Ozone","1h","Outside_Resident","Destination_Zone_Worker","ZoneGlobale","All_modes","27"
"2020-03-22","Limete","Binza Ozone","1h","Destination_Zone_Resident","Destination_Zone_Worker","ZoneGlobale","All_modes","40"
"2020-03-22","Limete","Binza Ozone","3h","Outside_Resident","Outside_Worker","ZoneGlobale","All_modes","68"
"2020-03-22","Limete","Binza Ozone","3h","Outside_Resident","Destination_Zone_Worker","ZoneGlobale","All_modes","27"
"2020-03-22","Limete","Binza Ozone","3h","Destination_Zone_Resident","Destination_Zone_Worker","ZoneGlobale","All_modes","68"
"2020-03-22","Limete","Binza Ozone","3h","Destination_Zone_Resident","Study_Zone_Worker","ZoneGlobale","All_modes","27"
"2020-03-22","Limete","Bumbu","1h","Outside_Resident","Outside_Worker","ZoneGlobale","All_modes","27"
"2020-03-22","Limete","Bumbu","1h","Destination_Zone_Resident","Destination_Zone_Worker","ZoneGlobale","All_modes","54"
"2020-03-22","Limete","Bumbu","1h","Destination_Zone_Resident","Study_Zone_Worker","ZoneGlobale","All_modes","27"
"2020-03-22","Limete","Bumbu","3h","Outside_Resident","Outside_Worker","ZoneGlobale","All_modes","68"
"2020-03-22","Limete","Bumbu","3h","Outside_Resident","Destination_Zone_Worker","ZoneGlobale","All_modes","27"
"2020-03-22","Limete","Bumbu","3h","Outside_Resident","Study_Zone_Worker","ZoneGlobale","All_modes","27"
"2020-03-22","Limete","Bumbu","3h","Destination_Zone_Resident","Destination_Zone_Worker","ZoneGlobale","All_modes","136"
"2020-03-22","Limete","Bumbu","3h","Destination_Zone_Resident","Study_Zone_Worker","ZoneGlobale","All_modes","40"
"2020-03-22","Limete","Bumbu","3h","Study_Zone_Resident","Study_Zone_Worker","ZoneGlobale","All_modes","136"
"2020-03-22","Limete","Bumbu","3h","Origin_Zone_Resident","Origin_Zone_Worker","ZoneGlobale","All_modes","27"
"2020-03-22","Limete","Gombe","1h","Outside_Resident","Study_Zone_Worker","ZoneGlobale","All_modes","27"
"2020-03-22","Limete","Gombe","1h","Destination_Zone_Resident","Destination_Zone_Worker","ZoneGlobale","All_modes","81"
"2020-03-22","Limete","Gombe","3h","Outside_Resident","Outside_Worker","ZoneGlobale","All_modes","27"
"2020-03-22","Limete","Gombe","3h","Outside_Resident","Destination_Zone_Worker","ZoneGlobale","All_modes","68"
"2020-03-22","Limete","Gombe","3h","Destination_Zone_Resident","Destination_Zone_Worker","ZoneGlobale","All_modes","163"
"2020-03-22","Limete","Gombe","3h","Destination_Zone_Resident","Study_Zone_Worker","ZoneGlobale","All_modes","40"
"2020-03-22","Limete","Gombe","3h","Study_Zone_Resident","Study_Zone_Worker","ZoneGlobale","All_modes","81"
"2020-03-22","Limete","Gombe","3h","Origin_Zone_Resident","Origin_Zone_Worker","ZoneGlobale","All_modes","40"
"2020-03-22","Limete","Kalamu I","1h","Outside_Resident","Outside_Worker","ZoneGlobale","All_modes","177"
"2020-03-22","Limete","Kalamu I","1h","Outside_Resident","Destination_Zone_Worker","ZoneGlobale","All_modes","27"
"2020-03-22","Limete","Kalamu I","1h","Outside_Resident","Study_Zone_Worker","ZoneGlobale","All_modes","27"
"2020-03-22","Limete","Kalamu I","1h","Outside_Resident","Origin_Zone_Worker","ZoneGlobale","All_modes","27"
"2020-03-22","Limete","Kalamu I","1h","Destination_Zone_Resident","Outside_Worker","ZoneGlobale","All_modes","40"
"2020-03-22","Limete","Kalamu I","1h","Destination_Zone_Resident","Destination_Zone_Worker","ZoneGlobale","All_modes","1079"
"2020-03-22","Limete","Kalamu I","1h","Destination_Zone_Resident","Study_Zone_Worker","ZoneGlobale","All_modes","191"
"2020-03-22","Limete","Kalamu I","1h","Destination_Zone_Resident","Origin_Zone_Worker","ZoneGlobale","All_modes","163"
"2020-03-22","Limete","Kalamu I","1h","Study_Zone_Resident","Destination_Zone_Worker","ZoneGlobale","All_modes","27"
"2020-03-22","Limete","Kalamu I","1h","Study_Zone_Resident","Study_Zone_Worker","ZoneGlobale","All_modes","150"
"2020-03-22","Limete","Kalamu I","1h","Study_Zone_Resident","Origin_Zone_Worker","ZoneGlobale","All_modes","40"
"2020-03-22","Limete","Kalamu I","1h","Origin_Zone_Resident","Study_Zone_Worker","ZoneGlobale","All_modes","40"
"2020-03-22","Limete","Kalamu I","1h","Origin_Zone_Resident","Origin_Zone_Worker","ZoneGlobale","All_modes","286"
"2020-03-22","Limete","Kalamu I","3h","Outside_Resident","Outside_Worker","ZoneGlobale","All_modes","464"
"2020-03-22","Limete","Kalamu I","3h","Outside_Resident","Destination_Zone_Worker","ZoneGlobale","All_modes","150"
"2020-03-22","Limete","Kalamu I","3h","Outside_Resident","Study_Zone_Worker","ZoneGlobale","All_modes","54"
"2020-03-22","Limete","Kalamu I","3h","Outside_Resident","Origin_Zone_Worker","ZoneGlobale","All_modes","177"
"2020-03-22","Limete","Kalamu I","3h","Destination_Zone_Resident","Outside_Worker","ZoneGlobale","All_modes","68"
"2020-03-22","Limete","Kalamu I","3h","Destination_Zone_Resident","Destination_Zone_Worker","ZoneGlobale","All_modes","1598"
"2020-03-22","Limete","Kalamu I","3h","Destination_Zone_Resident","Study_Zone_Worker","ZoneGlobale","All_modes","464"
"2020-03-22","Limete","Kalamu I","3h","Destination_Zone_Resident","Origin_Zone_Worker","ZoneGlobale","All_modes","519"
"2020-03-22","Limete","Kalamu I","3h","Study_Zone_Resident","Destination_Zone_Worker","ZoneGlobale","All_modes","54"
"2020-03-22","Limete","Kalamu I","3h","Study_Zone_Resident","Study_Zone_Worker","ZoneGlobale","All_modes","273"
"2020-03-22","Limete","Kalamu I","3h","Study_Zone_Resident","Origin_Zone_Worker","ZoneGlobale","All_modes","95"
"2020-03-22","Limete","Kalamu I","3h","Origin_Zone_Resident","Outside_Worker","ZoneGlobale","All_modes","27"
"2020-03-22","Limete","Kalamu I","3h","Origin_Zone_Resident","Destination_Zone_Worker","ZoneGlobale","All_modes","68"
"2020-03-22","Limete","Kalamu I","3h","Origin_Zone_Resident","Study_Zone_Worker","ZoneGlobale","All_modes","150"
"2020-03-22","Limete","Kalamu I","3h","Origin_Zone_Resident","Origin_Zone_Worker","ZoneGlobale","All_modes","1065"
"2020-03-22","Limete","Kalamu II","1h","Outside_Resident","Outside_Worker","ZoneGlobale","All_modes","95"
"2020-03-22","Limete","Kalamu II","1h","Outside_Resident","Destination_Zone_Worker","ZoneGlobale","All_modes","40"
"2020-03-22","Limete","Kalamu II","1h","Destination_Zone_Resident","Destination_Zone_Worker","ZoneGlobale","All_modes","560"
"2020-03-22","Limete","Kalamu II","1h","Destination_Zone_Resident","Study_Zone_Worker","ZoneGlobale","All_modes","167"
"2020-03-22","Limete","Kalamu II","1h","Destination_Zone_Resident","Origin_Zone_Worker","ZoneGlobale","All_modes","122"
"2020-03-22","Limete","Kalamu II","1h","Study_Zone_Resident","Outside_Worker","ZoneGlobale","All_modes","27"
"2020-03-22","Limete","Kalamu II","1h","Study_Zone_Resident","Destination_Zone_Worker","ZoneGlobale","All_modes","54"
"2020-03-22","Limete","Kalamu II","1h","Study_Zone_Resident","Study_Zone_Worker","ZoneGlobale","All_modes","163"
"2020-03-22","Limete","Kalamu II","1h","Origin_Zone_Resident","Study_Zone_Worker","ZoneGlobale","All_modes","27"
"2020-03-22","Limete","Kalamu II","1h","Origin_Zone_Resident","Origin_Zone_Worker","ZoneGlobale","All_modes","163"
"2020-03-22","Limete","Kalamu II","3h","Outside_Resident","Outside_Worker","ZoneGlobale","All_modes","341"
"2020-03-22","Limete","Kalamu II","3h","Outside_Resident","Destination_Zone_Worker","ZoneGlobale","All_modes","136"
"2020-03-22","Limete","Kalamu II","3h","Outside_Resident","Study_Zone_Worker","ZoneGlobale","All_modes","81"
"2020-03-22","Limete","Kalamu II","3h","Outside_Resident","Origin_Zone_Worker","ZoneGlobale","All_modes","177"
"2020-03-22","Limete","Kalamu II","3h","Destination_Zone_Resident","Outside_Worker","ZoneGlobale","All_modes","68"
"2020-03-22","Limete","Kalamu II","3h","Destination_Zone_Resident","Destination_Zone_Worker","ZoneGlobale","All_modes","1031"
"2020-03-22","Limete","Kalamu II","3h","Destination_Zone_Resident","Study_Zone_Worker","ZoneGlobale","All_modes","276"
"2020-03-22","Limete","Kalamu II","3h","Destination_Zone_Resident","Origin_Zone_Worker","ZoneGlobale","All_modes","177"
"2020-03-22","Limete","Kalamu II","3h","Study_Zone_Resident","Outside_Worker","ZoneGlobale","All_modes","54"
"2020-03-22","Limete","Kalamu II","3h","Study_Zone_Resident","Destination_Zone_Worker","ZoneGlobale","All_modes","68"
"2020-03-22","Limete","Kalamu II","3h","Study_Zone_Resident","Study_Zone_Worker","ZoneGlobale","All_modes","259"
"2020-03-22","Limete","Kalamu II","3h","Study_Zone_Resident","Origin_Zone_Worker","ZoneGlobale","All_modes","54"
"2020-03-22","Limete","Kalamu II","3h","Origin_Zone_Resident","Outside_Worker","ZoneGlobale","All_modes","40"
"2020-03-22","Limete","Kalamu II","3h","Origin_Zone_Resident","Destination_Zone_Worker","ZoneGlobale","All_modes","81"
"2020-03-22","Limete","Kalamu II","3h","Origin_Zone_Resident","Study_Zone_Worker","ZoneGlobale","All_modes","122"
"2020-03-22","Limete","Kalamu II","3h","Origin_Zone_Resident","Origin_Zone_Worker","ZoneGlobale","All_modes","710"
"2020-03-22","Limete","Kasa-Vubu","1h","Outside_Resident","Outside_Worker","ZoneGlobale","All_modes","40"
"2020-03-22","Limete","Kasa-Vubu","1h","Destination_Zone_Resident","Destination_Zone_Worker","ZoneGlobale","All_modes","163"
"2020-03-22","Limete","Kasa-Vubu","1h","Destination_Zone_Resident","Study_Zone_Worker","ZoneGlobale","All_modes","27"
"2020-03-22","Limete","Kasa-Vubu","1h","Destination_Zone_Resident","Origin_Zone_Worker","ZoneGlobale","All_modes","27"
"2020-03-22","Limete","Kasa-Vubu","1h","Origin_Zone_Resident","Origin_Zone_Worker","ZoneGlobale","All_modes","40"
"2020-03-22","Limete","Kasa-Vubu","3h","Outside_Resident","Outside_Worker","ZoneGlobale","All_modes","40"
"2020-03-22","Limete","Kasa-Vubu","3h","Outside_Resident","Destination_Zone_Worker","ZoneGlobale","All_modes","27"
"2020-03-22","Limete","Kasa-Vubu","3h","Outside_Resident","Study_Zone_Worker","ZoneGlobale","All_modes","27"
"2020-03-22","Limete","Kasa-Vubu","3h","Destination_Zone_Resident","Destination_Zone_Worker","ZoneGlobale","All_modes","259"
"2020-03-22","Limete","Kasa-Vubu","3h","Destination_Zone_Resident","Study_Zone_Worker","ZoneGlobale","All_modes","68"
"2020-03-22","Limete","Kasa-Vubu","3h","Destination_Zone_Resident","Origin_Zone_Worker","ZoneGlobale","All_modes","27"
"2020-03-22","Limete","Kasa-Vubu","3h","Study_Zone_Resident","Study_Zone_Worker","ZoneGlobale","All_modes","95"
"2020-03-22","Limete","Kasa-Vubu","3h","Origin_Zone_Resident","Origin_Zone_Worker","ZoneGlobale","All_modes","40"
"2020-03-22","Limete","Kikimi","1h","Outside_Resident","Outside_Worker","ZoneGlobale","All_modes","40"
"2020-03-22","Limete","Kikimi","3h","Outside_Resident","Outside_Worker","ZoneGlobale","All_modes","122"
"2020-03-22","Limete","Kikimi","3h","Destination_Zone_Resident","Destination_Zone_Worker","ZoneGlobale","All_modes","54"
"2020-03-22","Limete","Kikimi","3h","Destination_Zone_Resident","Study_Zone_Worker","ZoneGlobale","All_modes","40"
"2020-03-22","Limete","Kikimi","3h","Study_Zone_Resident","Study_Zone_Worker","ZoneGlobale","All_modes","27"
"2020-03-22","Limete","Kikimi","3h","Origin_Zone_Resident","Origin_Zone_Worker","ZoneGlobale","All_modes","27"
"2020-03-22","Limete","Kimbanseke","1h","Outside_Resident","Outside_Worker","ZoneGlobale","All_modes","27"
"2020-03-22","Limete","Kimbanseke","1h","Destination_Zone_Resident","Destination_Zone_Worker","ZoneGlobale","All_modes","109"
"2020-03-22","Limete","Kimbanseke","1h","Destination_Zone_Resident","Study_Zone_Worker","ZoneGlobale","All_modes","27"
"2020-03-22","Limete","Kimbanseke","1h","Study_Zone_Resident","Study_Zone_Worker","ZoneGlobale","All_modes","81"
"2020-03-22","Limete","Kimbanseke","3h","Outside_Resident","Outside_Worker","ZoneGlobale","All_modes","163"
"2020-03-22","Limete","Kimbanseke","3h","Outside_Resident","Destination_Zone_Worker","ZoneGlobale","All_modes","40"
"2020-03-22","Limete","Kimbanseke","3h","Outside_Resident","Origin_Zone_Worker","ZoneGlobale","All_modes","27"
"2020-03-22","Limete","Kimbanseke","3h","Destination_Zone_Resident","Outside_Worker","ZoneGlobale","All_modes","54"
"2020-03-22","Limete","Kimbanseke","3h","Destination_Zone_Resident","Destination_Zone_Worker","ZoneGlobale","All_modes","177"
"2020-03-22","Limete","Kimbanseke","3h","Destination_Zone_Resident","Study_Zone_Worker","ZoneGlobale","All_modes","27"
"2020-03-22","Limete","Kimbanseke","3h","Destination_Zone_Resident","Origin_Zone_Worker","ZoneGlobale","All_modes","54"
"2020-03-22","Limete","Kimbanseke","3h","Study_Zone_Resident","Study_Zone_Worker","ZoneGlobale","All_modes","81"
"2020-03-22","Limete","Kimbanseke","3h","Origin_Zone_Resident","Origin_Zone_Worker","ZoneGlobale","All_modes","40"
"2020-03-22","Limete","Kingabwa","1h","Outside_Resident","Outside_Worker","ZoneGlobale","All_modes","163"
"2020-03-22","Limete","Kingabwa","1h","Outside_Resident","Destination_Zone_Worker","ZoneGlobale","All_modes","40"
"2020-03-22","Limete","Kingabwa","1h","Outside_Resident","Origin_Zone_Worker","ZoneGlobale","All_modes","40"
"2020-03-22","Limete","Kingabwa","1h","Destination_Zone_Resident","Outside_Worker","ZoneGlobale","All_modes","27"
"2020-03-22","Limete","Kingabwa","1h","Destination_Zone_Resident","Destination_Zone_Worker","ZoneGlobale","All_modes","382"
"2020-03-22","Limete","Kingabwa","1h","Destination_Zone_Resident","Study_Zone_Worker","ZoneGlobale","All_modes","81"
"2020-03-22","Limete","Kingabwa","1h","Destination_Zone_Resident","Origin_Zone_Worker","ZoneGlobale","All_modes","122"
"2020-03-22","Limete","Kingabwa","1h","Study_Zone_Resident","Outside_Worker","ZoneGlobale","All_modes","49"
"2020-03-22","Limete","Kingabwa","1h","Study_Zone_Resident","Study_Zone_Worker","ZoneGlobale","All_modes","177"
"2020-03-22","Limete","Kingabwa","1h","Study_Zone_Resident","Origin_Zone_Worker","ZoneGlobale","All_modes","27"
"2020-03-22","Limete","Kingabwa","1h","Origin_Zone_Resident","Study_Zone_Worker","ZoneGlobale","All_modes","54"
"2020-03-22","Limete","Kingabwa","1h","Origin_Zone_Resident","Origin_Zone_Worker","ZoneGlobale","All_modes","259"
"2020-03-22","Limete","Kingabwa","3h","Outside_Resident","Outside_Worker","ZoneGlobale","All_modes","450"
"2020-03-22","Limete","Kingabwa","3h","Outside_Resident","Destination_Zone_Worker","ZoneGlobale","All_modes","109"
"2020-03-22","Limete","Kingabwa","3h","Outside_Resident","Study_Zone_Worker","ZoneGlobale","All_modes","81"
"2020-03-22","Limete","Kingabwa","3h","Outside_Resident","Origin_Zone_Worker","ZoneGlobale","All_modes","355"
"2020-03-22","Limete","Kingabwa","3h","Destination_Zone_Resident","Outside_Worker","ZoneGlobale","All_modes","27"
"2020-03-22","Limete","Kingabwa","3h","Destination_Zone_Resident","Destination_Zone_Worker","ZoneGlobale","All_modes","887"
"2020-03-22","Limete","Kingabwa","3h","Destination_Zone_Resident","Study_Zone_Worker","ZoneGlobale","All_modes","163"
"2020-03-22","Limete","Kingabwa","3h","Destination_Zone_Resident","Origin_Zone_Worker","ZoneGlobale","All_modes","450"
"2020-03-22","Limete","Kingabwa","3h","Study_Zone_Resident","Outside_Worker","ZoneGlobale","All_modes","90"
"2020-03-22","Limete","Kingabwa","3h","Study_Zone_Resident","Study_Zone_Worker","ZoneGlobale","All_modes","314"
"2020-03-22","Limete","Kingabwa","3h","Study_Zone_Resident","Origin_Zone_Worker","ZoneGlobale","All_modes","54"
"2020-03-22","Limete","Kingabwa","3h","Origin_Zone_Resident","Outside_Worker","ZoneGlobale","All_modes","27"
"2020-03-22","Limete","Kingabwa","3h","Origin_Zone_Resident","Study_Zone_Worker","ZoneGlobale","All_modes","191"
"2020-03-22","Limete","Kingabwa","3h","Origin_Zone_Resident","Origin_Zone_Worker","ZoneGlobale","All_modes","792"
"2020-03-22","Limete","Kinshasa","1h","Outside_Resident","Outside_Worker","ZoneGlobale","All_modes","40"
"2020-03-22","Limete","Kinshasa","1h","Destination_Zone_Resident","Destination_Zone_Worker","ZoneGlobale","All_modes","95"
"2020-03-22","Limete","Kinshasa","1h","Destination_Zone_Resident","Study_Zone_Worker","ZoneGlobale","All_modes","40"
"2020-03-22","Limete","Kinshasa","1h","Destination_Zone_Resident","Origin_Zone_Worker","ZoneGlobale","All_modes","40"
"2020-03-22","Limete","Kinshasa","1h","Study_Zone_Resident","Study_Zone_Worker","ZoneGlobale","All_modes","40"
"2020-03-22","Limete","Kinshasa","3h","Outside_Resident","Outside_Worker","ZoneGlobale","All_modes","81"
"2020-03-22","Limete","Kinshasa","3h","Outside_Resident","Destination_Zone_Worker","ZoneGlobale","All_modes","40"
"2020-03-22","Limete","Kinshasa","3h","Destination_Zone_Resident","Destination_Zone_Worker","ZoneGlobale","All_modes","327"
"2020-03-22","Limete","Kinshasa","3h","Destination_Zone_Resident","Study_Zone_Worker","ZoneGlobale","All_modes","68"
"2020-03-22","Limete","Kinshasa","3h","Destination_Zone_Resident","Origin_Zone_Worker","ZoneGlobale","All_modes","95"
"2020-03-22","Limete","Kinshasa","3h","Study_Zone_Resident","Study_Zone_Worker","ZoneGlobale","All_modes","81"
"2020-03-22","Limete","Kintambo","1h","Study_Zone_Resident","Study_Zone_Worker","ZoneGlobale","All_modes","27"
"2020-03-22","Limete","Kintambo","3h","Outside_Resident","Outside_Worker","ZoneGlobale","All_modes","40"
"2020-03-22","Limete","Kintambo","3h","Destination_Zone_Resident","Destination_Zone_Worker","ZoneGlobale","All_modes","68"
"2020-03-22","Limete","Kintambo","3h","Study_Zone_Resident","Study_Zone_Worker","ZoneGlobale","All_modes","27"
"2020-03-22","Limete","Kintambo","3h","Origin_Zone_Resident","Origin_Zone_Worker","ZoneGlobale","All_modes","27"
"2020-03-22","Limete","Kisantu","3h","Study_Zone_Resident","Study_Zone_Worker","ZoneGlobale","All_modes","27"
"2020-03-22","Limete","Kisenso","1h","Outside_Resident","Outside_Worker","ZoneGlobale","All_modes","40"
"2020-03-22","Limete","Kisenso","1h","Destination_Zone_Resident","Outside_Worker","ZoneGlobale","All_modes","27"
"2020-03-22","Limete","Kisenso","1h","Destination_Zone_Resident","Destination_Zone_Worker","ZoneGlobale","All_modes","68"
"2020-03-22","Limete","Kisenso","1h","Destination_Zone_Resident","Study_Zone_Worker","ZoneGlobale","All_modes","27"
"2020-03-22","Limete","Kisenso","1h","Destination_Zone_Resident","Origin_Zone_Worker","ZoneGlobale","All_modes","40"
"2020-03-22","Limete","Kisenso","3h","Outside_Resident","Outside_Worker","ZoneGlobale","All_modes","136"
"2020-03-22","Limete","Kisenso","3h","Outside_Resident","Destination_Zone_Worker","ZoneGlobale","All_modes","27"
"2020-03-22","Limete","Kisenso","3h","Outside_Resident","Origin_Zone_Worker","ZoneGlobale","All_modes","40"
"2020-03-22","Limete","Kisenso","3h","Destination_Zone_Resident","Outside_Worker","ZoneGlobale","All_modes","40"
"2020-03-22","Limete","Kisenso","3h","Destination_Zone_Resident","Destination_Zone_Worker","ZoneGlobale","All_modes","122"
"2020-03-22","Limete","Kisenso","3h","Destination_Zone_Resident","Study_Zone_Worker","ZoneGlobale","All_modes","150"
"2020-03-22","Limete","Kisenso","3h","Destination_Zone_Resident","Origin_Zone_Worker","ZoneGlobale","All_modes","81"
"2020-03-22","Limete","Kisenso","3h","Study_Zone_Resident","Study_Zone_Worker","ZoneGlobale","All_modes","68"
"2020-03-22","Limete","Kisenso","3h","Origin_Zone_Resident","Origin_Zone_Worker","ZoneGlobale","All_modes","27"
"2020-03-22","Limete","Kokolo","1h","Outside_Resident","Outside_Worker","ZoneGlobale","All_modes","27"
"2020-03-22","Limete","Kokolo","1h","Destination_Zone_Resident","Destination_Zone_Worker","ZoneGlobale","All_modes","81"
"2020-03-22","Limete","Kokolo","1h","Destination_Zone_Resident","Study_Zone_Worker","ZoneGlobale","All_modes","40"
"2020-03-22","Limete","Kokolo","1h","Study_Zone_Resident","Study_Zone_Worker","ZoneGlobale","All_modes","27"
"2020-03-22","Limete","Kokolo","1h","Origin_Zone_Resident","Origin_Zone_Worker","ZoneGlobale","All_modes","27"
"2020-03-22","Limete","Kokolo","3h","Outside_Resident","Outside_Worker","ZoneGlobale","All_modes","54"
"2020-03-22","Limete","Kokolo","3h","Outside_Resident","Destination_Zone_Worker","ZoneGlobale","All_modes","27"
"2020-03-22","Limete","Kokolo","3h","Outside_Resident","Study_Zone_Worker","ZoneGlobale","All_modes","40"
"2020-03-22","Limete","Kokolo","3h","Outside_Resident","Origin_Zone_Worker","ZoneGlobale","All_modes","27"
"2020-03-22","Limete","Kokolo","3h","Destination_Zone_Resident","Destination_Zone_Worker","ZoneGlobale","All_modes","204"
"2020-03-22","Limete","Kokolo","3h","Destination_Zone_Resident","Study_Zone_Worker","ZoneGlobale","All_modes","81"
"2020-03-22","Limete","Kokolo","3h","Study_Zone_Resident","Study_Zone_Worker","ZoneGlobale","All_modes","54"
"2020-03-22","Limete","Lemba","1h","Outside_Resident","Outside_Worker","ZoneGlobale","All_modes","218"
"2020-03-22","Limete","Lemba","1h","Outside_Resident","Destination_Zone_Worker","ZoneGlobale","All_modes","40"
"2020-03-22","Limete","Lemba","1h","Outside_Resident","Study_Zone_Worker","ZoneGlobale","All_modes","68"
"2020-03-22","Limete","Lemba","1h","Outside_Resident","Origin_Zone_Worker","ZoneGlobale","All_modes","54"
"2020-03-22","Limete","Lemba","1h","Destination_Zone_Resident","Outside_Worker","ZoneGlobale","All_modes","54"
"2020-03-22","Limete","Lemba","1h","Destination_Zone_Resident","Destination_Zone_Worker","ZoneGlobale","All_modes","1188"
"2020-03-22","Limete","Lemba","1h","Destination_Zone_Resident","Study_Zone_Worker","ZoneGlobale","All_modes","109"
"2020-03-22","Limete","Lemba","1h","Destination_Zone_Resident","Origin_Zone_Worker","ZoneGlobale","All_modes","109"
"2020-03-22","Limete","Lemba","1h","Study_Zone_Resident","Destination_Zone_Worker","ZoneGlobale","All_modes","27"
"2020-03-22","Limete","Lemba","1h","Study_Zone_Resident","Study_Zone_Worker","ZoneGlobale","All_modes","95"
"2020-03-22","Limete","Lemba","1h","Origin_Zone_Resident","Study_Zone_Worker","ZoneGlobale","All_modes","40"
"2020-03-22","Limete","Lemba","1h","Origin_Zone_Resident","Origin_Zone_Worker","ZoneGlobale","All_modes","177"
"2020-03-22","Limete","Lemba","3h","Outside_Resident","Outside_Worker","ZoneGlobale","All_modes","751"
"2020-03-22","Limete","Lemba","3h","Outside_Resident","Destination_Zone_Worker","ZoneGlobale","All_modes","177"
"2020-03-22","Limete","Lemba","3h","Outside_Resident","Study_Zone_Worker","ZoneGlobale","All_modes","95"
"2020-03-22","Limete","Lemba","3h","Outside_Resident","Origin_Zone_Worker","ZoneGlobale","All_modes","232"
"2020-03-22","Limete","Lemba","3h","Destination_Zone_Resident","Outside_Worker","ZoneGlobale","All_modes","109"
"2020-03-22","Limete","Lemba","3h","Destination_Zone_Resident","Destination_Zone_Worker","ZoneGlobale","All_modes","2049"
"2020-03-22","Limete","Lemba","3h","Destination_Zone_Resident","Study_Zone_Worker","ZoneGlobale","All_modes","327"
"2020-03-22","Limete","Lemba","3h","Destination_Zone_Resident","Origin_Zone_Worker","ZoneGlobale","All_modes","368"
"2020-03-22","Limete","Lemba","3h","Study_Zone_Resident","Destination_Zone_Worker","ZoneGlobale","All_modes","27"
"2020-03-22","Limete","Lemba","3h","Study_Zone_Resident","Study_Zone_Worker","ZoneGlobale","All_modes","382"
"2020-03-22","Limete","Lemba","3h","Study_Zone_Resident","Origin_Zone_Worker","ZoneGlobale","All_modes","54"
"2020-03-22","Limete","Lemba","3h","Origin_Zone_Resident","Outside_Worker","ZoneGlobale","All_modes","54"
"2020-03-22","Limete","Lemba","3h","Origin_Zone_Resident","Destination_Zone_Worker","ZoneGlobale","All_modes","95"
"2020-03-22","Limete","Lemba","3h","Origin_Zone_Resident","Study_Zone_Worker","ZoneGlobale","All_modes","122"
"2020-03-22","Limete","Lemba","3h","Origin_Zone_Resident","Origin_Zone_Worker","ZoneGlobale","All_modes","532"
"2020-03-22","Limete","Lubumbashi","3h","Origin_Zone_Resident","Origin_Zone_Worker","ZoneGlobale","All_modes","35"
"2020-03-22","Limete","Makala","1h","Outside_Resident","Outside_Worker","ZoneGlobale","All_modes","54"
"2020-03-22","Limete","Makala","1h","Outside_Resident","Destination_Zone_Worker","ZoneGlobale","All_modes","27"
"2020-03-22","Limete","Makala","1h","Destination_Zone_Resident","Outside_Worker","ZoneGlobale","All_modes","27"
"2020-03-22","Limete","Makala","1h","Destination_Zone_Resident","Destination_Zone_Worker","ZoneGlobale","All_modes","81"
"2020-03-22","Limete","Makala","1h","Destination_Zone_Resident","Study_Zone_Worker","ZoneGlobale","All_modes","27"
"2020-03-22","Limete","Makala","1h","Destination_Zone_Resident","Origin_Zone_Worker","ZoneGlobale","All_modes","40"
"2020-03-22","Limete","Makala","1h","Study_Zone_Resident","Study_Zone_Worker","ZoneGlobale","All_modes","27"
"2020-03-22","Limete","Makala","3h","Outside_Resident","Outside_Worker","ZoneGlobale","All_modes","177"
"2020-03-22","Limete","Makala","3h","Outside_Resident","Destination_Zone_Worker","ZoneGlobale","All_modes","54"
"2020-03-22","Limete","Makala","3h","Outside_Resident","Origin_Zone_Worker","ZoneGlobale","All_modes","27"
"2020-03-22","Limete","Makala","3h","Destination_Zone_Resident","Destination_Zone_Worker","ZoneGlobale","All_modes","218"
"2020-03-22","Limete","Makala","3h","Destination_Zone_Resident","Study_Zone_Worker","ZoneGlobale","All_modes","109"
"2020-03-22","Limete","Makala","3h","Destination_Zone_Resident","Origin_Zone_Worker","ZoneGlobale","All_modes","68"
"2020-03-22","Limete","Makala","3h","Study_Zone_Resident","Destination_Zone_Worker","ZoneGlobale","All_modes","27"
"2020-03-22","Limete","Makala","3h","Study_Zone_Resident","Study_Zone_Worker","ZoneGlobale","All_modes","54"
"2020-03-22","Limete","Makala","3h","Study_Zone_Resident","Origin_Zone_Worker","ZoneGlobale","All_modes","54"
"2020-03-22","Limete","Makala","3h","Origin_Zone_Resident","Destination_Zone_Worker","ZoneGlobale","All_modes","27"
"2020-03-22","Limete","Makala","3h","Origin_Zone_Resident","Origin_Zone_Worker","ZoneGlobale","All_modes","27"
"2020-03-22","Limete","Maluku I","3h","Outside_Resident","Outside_Worker","ZoneGlobale","All_modes","27"
"2020-03-22","Limete","Maluku I","3h","Study_Zone_Resident","Study_Zone_Worker","ZoneGlobale","All_modes","27"
"2020-03-22","Limete","Masa","3h","Outside_Resident","Outside_Worker","ZoneGlobale","All_modes","27"
"2020-03-22","Limete","Masa","3h","Study_Zone_Resident","Study_Zone_Worker","ZoneGlobale","All_modes","54"
"2020-03-22","Limete","Masina I","1h","Outside_Resident","Outside_Worker","ZoneGlobale","All_modes","40"
"2020-03-22","Limete","Masina I","1h","Destination_Zone_Resident","Destination_Zone_Worker","ZoneGlobale","All_modes","27"
"2020-03-22","Limete","Masina I","3h","Outside_Resident","Outside_Worker","ZoneGlobale","All_modes","144"
"2020-03-22","Limete","Masina I","3h","Outside_Resident","Study_Zone_Worker","ZoneGlobale","All_modes","27"
"2020-03-22","Limete","Masina I","3h","Destination_Zone_Resident","Destination_Zone_Worker","ZoneGlobale","All_modes","81"
"2020-03-22","Limete","Masina I","3h","Destination_Zone_Resident","Study_Zone_Worker","ZoneGlobale","All_modes","27"
"2020-03-22","Limete","Masina I","3h","Destination_Zone_Resident","Origin_Zone_Worker","ZoneGlobale","All_modes","54"
"2020-03-22","Limete","Masina II","1h","Outside_Resident","Outside_Worker","ZoneGlobale","All_modes","54"
"2020-03-22","Limete","Masina II","1h","Destination_Zone_Resident","Destination_Zone_Worker","ZoneGlobale","All_modes","150"
"2020-03-22","Limete","Masina II","1h","Study_Zone_Resident","Study_Zone_Worker","ZoneGlobale","All_modes","40"
"2020-03-22","Limete","Masina II","3h","Outside_Resident","Outside_Worker","ZoneGlobale","All_modes","95"
"2020-03-22","Limete","Masina II","3h","Outside_Resident","Destination_Zone_Worker","ZoneGlobale","All_modes","54"
"2020-03-22","Limete","Masina II","3h","Outside_Resident","Study_Zone_Worker","ZoneGlobale","All_modes","54"
"2020-03-22","Limete","Masina II","3h","Outside_Resident","Origin_Zone_Worker","ZoneGlobale","All_modes","27"
"2020-03-22","Limete","Masina II","3h","Destination_Zone_Resident","Outside_Worker","ZoneGlobale","All_modes","54"
"2020-03-22","Limete","Masina II","3h","Destination_Zone_Resident","Destination_Zone_Worker","ZoneGlobale","All_modes","364"
"2020-03-22","Limete","Masina II","3h","Destination_Zone_Resident","Study_Zone_Worker","ZoneGlobale","All_modes","54"
"2020-03-22","Limete","Masina II","3h","Destination_Zone_Resident","Origin_Zone_Worker","ZoneGlobale","All_modes","68"
"2020-03-22","Limete","Masina II","3h","Study_Zone_Resident","Study_Zone_Worker","ZoneGlobale","All_modes","27"
"2020-03-22","Limete","Masina II","3h","Origin_Zone_Resident","Origin_Zone_Worker","ZoneGlobale","All_modes","27"
"2020-03-22","Limete","Matadi","3h","Destination_Zone_Resident","Destination_Zone_Worker","ZoneGlobale","All_modes","40"
"2020-03-22","Limete","Matete","1h","Outside_Resident","Outside_Worker","ZoneGlobale","All_modes","81"
"2020-03-22","Limete","Matete","1h","Destination_Zone_Resident","Destination_Zone_Worker","ZoneGlobale","All_modes","259"
"2020-03-22","Limete","Matete","1h","Destination_Zone_Resident","Study_Zone_Worker","ZoneGlobale","All_modes","27"
"2020-03-22","Limete","Matete","1h","Study_Zone_Resident","Study_Zone_Worker","ZoneGlobale","All_modes","40"
"2020-03-22","Limete","Matete","1h","Origin_Zone_Resident","Origin_Zone_Worker","ZoneGlobale","All_modes","27"
"2020-03-22","Limete","Matete","3h","Outside_Resident","Outside_Worker","ZoneGlobale","All_modes","177"
"2020-03-22","Limete","Matete","3h","Outside_Resident","Study_Zone_Worker","ZoneGlobale","All_modes","40"
"2020-03-22","Limete","Matete","3h","Outside_Resident","Origin_Zone_Worker","ZoneGlobale","All_modes","54"
"2020-03-22","Limete","Matete","3h","Destination_Zone_Resident","Outside_Worker","ZoneGlobale","All_modes","40"
"2020-03-22","Limete","Matete","3h","Destination_Zone_Resident","Destination_Zone_Worker","ZoneGlobale","All_modes","355"
"2020-03-22","Limete","Matete","3h","Destination_Zone_Resident","Study_Zone_Worker","ZoneGlobale","All_modes","136"
"2020-03-22","Limete","Matete","3h","Destination_Zone_Resident","Origin_Zone_Worker","ZoneGlobale","All_modes","109"
"2020-03-22","Limete","Matete","3h","Study_Zone_Resident","Study_Zone_Worker","ZoneGlobale","All_modes","81"
"2020-03-22","Limete","Matete","3h","Study_Zone_Resident","Origin_Zone_Worker","ZoneGlobale","All_modes","40"
"2020-03-22","Limete","Matete","3h","Origin_Zone_Resident","Origin_Zone_Worker","ZoneGlobale","All_modes","81"
"2020-03-22","Limete","Mont Ngafula I","1h","Outside_Resident","Outside_Worker","ZoneGlobale","All_modes","81"
"2020-03-22","Limete","Mont Ngafula I","1h","Outside_Resident","Destination_Zone_Worker","ZoneGlobale","All_modes","27"
"2020-03-22","Limete","Mont Ngafula I","1h","Destination_Zone_Resident","Destination_Zone_Worker","ZoneGlobale","All_modes","40"
"2020-03-22","Limete","Mont Ngafula I","1h","Study_Zone_Resident","Study_Zone_Worker","ZoneGlobale","All_modes","27"
"2020-03-22","Limete","Mont Ngafula I","3h","Outside_Resident","Outside_Worker","ZoneGlobale","All_modes","177"
"2020-03-22","Limete","Mont Ngafula I","3h","Outside_Resident","Destination_Zone_Worker","ZoneGlobale","All_modes","40"
"2020-03-22","Limete","Mont Ngafula I","3h","Outside_Resident","Study_Zone_Worker","ZoneGlobale","All_modes","54"
"2020-03-22","Limete","Mont Ngafula I","3h","Destination_Zone_Resident","Destination_Zone_Worker","ZoneGlobale","All_modes","136"
"2020-03-22","Limete","Mont Ngafula I","3h","Destination_Zone_Resident","Study_Zone_Worker","ZoneGlobale","All_modes","54"
"2020-03-22","Limete","Mont Ngafula I","3h","Destination_Zone_Resident","Origin_Zone_Worker","ZoneGlobale","All_modes","54"
"2020-03-22","Limete","Mont Ngafula I","3h","Study_Zone_Resident","Study_Zone_Worker","ZoneGlobale","All_modes","150"
"2020-03-22","Limete","Mont Ngafula I","3h","Origin_Zone_Resident","Origin_Zone_Worker","ZoneGlobale","All_modes","27"
"2020-03-22","Limete","Mont Ngafula II","3h","Study_Zone_Resident","Study_Zone_Worker","ZoneGlobale","All_modes","40"
"2020-03-22","Limete","Ndjili","1h","Outside_Resident","Outside_Worker","ZoneGlobale","All_modes","40"
"2020-03-22","Limete","Ndjili","1h","Outside_Resident","Destination_Zone_Worker","ZoneGlobale","All_modes","40"
"2020-03-22","Limete","Ndjili","1h","Destination_Zone_Resident","Destination_Zone_Worker","ZoneGlobale","All_modes","150"
"2020-03-22","Limete","Ndjili","1h","Study_Zone_Resident","Outside_Worker","ZoneGlobale","All_modes","27"
"2020-03-22","Limete","Ndjili","1h","Study_Zone_Resident","Study_Zone_Worker","ZoneGlobale","All_modes","40"
"2020-03-22","Limete","Ndjili","3h","Outside_Resident","Outside_Worker","ZoneGlobale","All_modes","68"
"2020-03-22","Limete","Ndjili","3h","Outside_Resident","Destination_Zone_Worker","ZoneGlobale","All_modes","68"
"2020-03-22","Limete","Ndjili","3h","Destination_Zone_Resident","Destination_Zone_Worker","ZoneGlobale","All_modes","122"
"2020-03-22","Limete","Ndjili","3h","Destination_Zone_Resident","Study_Zone_Worker","ZoneGlobale","All_modes","40"
"2020-03-22","Limete","Ndjili","3h","Destination_Zone_Resident","Origin_Zone_Worker","ZoneGlobale","All_modes","81"
"2020-03-22","Limete","Ndjili","3h","Study_Zone_Resident","Study_Zone_Worker","ZoneGlobale","All_modes","54"
"2020-03-22","Limete","Ndjili","3h","Origin_Zone_Resident","Origin_Zone_Worker","ZoneGlobale","All_modes","27"
"2020-03-22","Limete","Ngiri-Ngiri","1h","Outside_Resident","Outside_Worker","ZoneGlobale","All_modes","27"
"2020-03-22","Limete","Ngiri-Ngiri","1h","Destination_Zone_Resident","Destination_Zone_Worker","ZoneGlobale","All_modes","122"
"2020-03-22","Limete","Ngiri-Ngiri","1h","Destination_Zone_Resident","Study_Zone_Worker","ZoneGlobale","All_modes","40"
"2020-03-22","Limete","Ngiri-Ngiri","1h","Destination_Zone_Resident","Origin_Zone_Worker","ZoneGlobale","All_modes","27"
"2020-03-22","Limete","Ngiri-Ngiri","1h","Study_Zone_Resident","Study_Zone_Worker","ZoneGlobale","All_modes","27"
"2020-03-22","Limete","Ngiri-Ngiri","3h","Outside_Resident","Outside_Worker","ZoneGlobale","All_modes","81"
"2020-03-22","Limete","Ngiri-Ngiri","3h","Outside_Resident","Study_Zone_Worker","ZoneGlobale","All_modes","40"
"2020-03-22","Limete","Ngiri-Ngiri","3h","Destination_Zone_Resident","Destination_Zone_Worker","ZoneGlobale","All_modes","232"
"2020-03-22","Limete","Ngiri-Ngiri","3h","Destination_Zone_Resident","Study_Zone_Worker","ZoneGlobale","All_modes","81"
"2020-03-22","Limete","Ngiri-Ngiri","3h","Study_Zone_Resident","Study_Zone_Worker","ZoneGlobale","All_modes","109"
"2020-03-22","Limete","Nsele","1h","Outside_Resident","Outside_Worker","ZoneGlobale","All_modes","68"
"2020-03-22","Limete","Nsele","1h","Outside_Resident","Study_Zone_Worker","ZoneGlobale","All_modes","27"
"2020-03-22","Limete","Nsele","1h","Outside_Resident","Origin_Zone_Worker","ZoneGlobale","All_modes","40"
"2020-03-22","Limete","Nsele","1h","Destination_Zone_Resident","Destination_Zone_Worker","ZoneGlobale","All_modes","122"
"2020-03-22","Limete","Nsele","1h","Destination_Zone_Resident","Origin_Zone_Worker","ZoneGlobale","All_modes","81"
"2020-03-22","Limete","Nsele","1h","Study_Zone_Resident","Study_Zone_Worker","ZoneGlobale","All_modes","208"
"2020-03-22","Limete","Nsele","1h","Study_Zone_Resident","Origin_Zone_Worker","ZoneGlobale","All_modes","40"
"2020-03-22","Limete","Nsele","1h","Origin_Zone_Resident","Study_Zone_Worker","ZoneGlobale","All_modes","40"
"2020-03-22","Limete","Nsele","1h","Origin_Zone_Resident","Origin_Zone_Worker","ZoneGlobale","All_modes","373"
"2020-03-22","Limete","Nsele","3h","Outside_Resident","Outside_Worker","ZoneGlobale","All_modes","218"
"2020-03-22","Limete","Nsele","3h","Outside_Resident","Destination_Zone_Worker","ZoneGlobale","All_modes","27"
"2020-03-22","Limete","Nsele","3h","Outside_Resident","Study_Zone_Worker","ZoneGlobale","All_modes","40"
"2020-03-22","Limete","Nsele","3h","Outside_Resident","Origin_Zone_Worker","ZoneGlobale","All_modes","54"
"2020-03-22","Limete","Nsele","3h","Destination_Zone_Resident","Destination_Zone_Worker","ZoneGlobale","All_modes","259"
"2020-03-22","Limete","Nsele","3h","Destination_Zone_Resident","Study_Zone_Worker","ZoneGlobale","All_modes","54"
"2020-03-22","Limete","Nsele","3h","Destination_Zone_Resident","Origin_Zone_Worker","ZoneGlobale","All_modes","150"
"2020-03-22","Limete","Nsele","3h","Study_Zone_Resident","Outside_Worker","ZoneGlobale","All_modes","27"
"2020-03-22","Limete","Nsele","3h","Study_Zone_Resident","Study_Zone_Worker","ZoneGlobale","All_modes","429"
"2020-03-22","Limete","Nsele","3h","Study_Zone_Resident","Origin_Zone_Worker","ZoneGlobale","All_modes","150"
"2020-03-22","Limete","Nsele","3h","Origin_Zone_Resident","Outside_Worker","ZoneGlobale","All_modes","54"
"2020-03-22","Limete","Nsele","3h","Origin_Zone_Resident","Destination_Zone_Worker","ZoneGlobale","All_modes","40"
"2020-03-22","Limete","Nsele","3h","Origin_Zone_Resident","Study_Zone_Worker","ZoneGlobale","All_modes","163"
"2020-03-22","Limete","Nsele","3h","Origin_Zone_Resident","Origin_Zone_Worker","ZoneGlobale","All_modes","737"
"2020-03-22","Limete","Police","1h","Destination_Zone_Resident","Destination_Zone_Worker","ZoneGlobale","All_modes","40"
"2020-03-22","Limete","Police","1h","Destination_Zone_Resident","Study_Zone_Worker","ZoneGlobale","All_modes","27"
"2020-03-22","Limete","Police","1h","Study_Zone_Resident","Study_Zone_Worker","ZoneGlobale","All_modes","27"
"2020-03-22","Limete","Police","3h","Outside_Resident","Outside_Worker","ZoneGlobale","All_modes","27"
"2020-03-22","Limete","Police","3h","Destination_Zone_Resident","Destination_Zone_Worker","ZoneGlobale","All_modes","122"
"2020-03-22","Limete","Police","3h","Destination_Zone_Resident","Study_Zone_Worker","ZoneGlobale","All_modes","40"
"2020-03-22","Limete","Police","3h","Study_Zone_Resident","Study_Zone_Worker","ZoneGlobale","All_modes","27"
"2020-03-22","Limete","Selembao","1h","Outside_Resident","Outside_Worker","ZoneGlobale","All_modes","40"
"2020-03-22","Limete","Selembao","1h","Study_Zone_Resident","Study_Zone_Worker","ZoneGlobale","All_modes","40"
"2020-03-22","Limete","Selembao","3h","Outside_Resident","Outside_Worker","ZoneGlobale","All_modes","95"
"2020-03-22","Limete","Selembao","3h","Outside_Resident","Destination_Zone_Worker","ZoneGlobale","All_modes","27"
"2020-03-22","Limete","Selembao","3h","Outside_Resident","Origin_Zone_Worker","ZoneGlobale","All_modes","27"
"2020-03-22","Limete","Selembao","3h","Destination_Zone_Resident","Destination_Zone_Worker","ZoneGlobale","All_modes","122"
"2020-03-22","Limete","Selembao","3h","Destination_Zone_Resident","Study_Zone_Worker","ZoneGlobale","All_modes","40"
"2020-03-22","Limete","Selembao","3h","Destination_Zone_Resident","Origin_Zone_Worker","ZoneGlobale","All_modes","68"
"2020-03-22","Limete","Selembao","3h","Study_Zone_Resident","Study_Zone_Worker","ZoneGlobale","All_modes","54"
"2020-03-22","Limete","Selembao","3h","Study_Zone_Resident","Origin_Zone_Worker","ZoneGlobale","All_modes","54"
"2020-03-22","Limete","Sona-Bata","3h","Outside_Resident","Study_Zone_Worker","ZoneGlobale","All_modes","27"
"2020-03-22","Limete","Sona-Bata","3h","Study_Zone_Resident","Study_Zone_Worker","ZoneGlobale","All_modes","68"
"2020-03-22","Lisala","Binga","1h","Destination_Zone_Resident","Destination_Zone_Worker","ZoneGlobale","All_modes","260"
"2020-03-22","Lisala","Binga","3h","Outside_Resident","Outside_Worker","ZoneGlobale","All_modes","260"
"2020-03-22","Lisala","Binga","3h","Outside_Resident","Destination_Zone_Worker","ZoneGlobale","All_modes","260"
"2020-03-22","Lisala","Binga","3h","Outside_Resident","Origin_Zone_Worker","ZoneGlobale","All_modes","260"
"2020-03-22","Lisala","Binga","3h","Destination_Zone_Resident","Destination_Zone_Worker","ZoneGlobale","All_modes","260"
"2020-03-22","Lisala","Bosondjo","1h","Outside_Resident","Outside_Worker","ZoneGlobale","All_modes","522"
"2020-03-22","Lisala","Bosondjo","1h","Destination_Zone_Resident","Destination_Zone_Worker","ZoneGlobale","All_modes","1304"
"2020-03-22","Lisala","Bosondjo","1h","Origin_Zone_Resident","Destination_Zone_Worker","ZoneGlobale","All_modes","260"
"2020-03-22","Lisala","Bosondjo","3h","Outside_Resident","Outside_Worker","ZoneGlobale","All_modes","1304"
"2020-03-22","Lisala","Bosondjo","3h","Outside_Resident","Destination_Zone_Worker","ZoneGlobale","All_modes","1043"
"2020-03-22","Lisala","Bosondjo","3h","Outside_Resident","Origin_Zone_Worker","ZoneGlobale","All_modes","782"
"2020-03-22","Lisala","Bosondjo","3h","Destination_Zone_Resident","Destination_Zone_Worker","ZoneGlobale","All_modes","782"
"2020-03-22","Lisala","Bosondjo","3h","Destination_Zone_Resident","Origin_Zone_Worker","ZoneGlobale","All_modes","260"
"2020-03-22","Lisala","Bosondjo","3h","Study_Zone_Resident","Destination_Zone_Worker","ZoneGlobale","All_modes","260"
"2020-03-22","Lisala","Bosondjo","3h","Study_Zone_Resident","Study_Zone_Worker","ZoneGlobale","All_modes","260"
"2020-03-22","Lisala","Bosondjo","3h","Origin_Zone_Resident","Origin_Zone_Worker","ZoneGlobale","All_modes","1304"
"2020-03-22","Lisala","Ndage","3h","Outside_Resident","Outside_Worker","ZoneGlobale","All_modes","521"
"2020-03-22","Lisala","Pimu","1h","Destination_Zone_Resident","Study_Zone_Worker","ZoneGlobale","All_modes","260"
"2020-03-22","Lisala","Pimu","3h","Outside_Resident","Outside_Worker","ZoneGlobale","All_modes","782"
"2020-03-22","Lisala","Pimu","3h","Outside_Resident","Destination_Zone_Worker","ZoneGlobale","All_modes","260"
"2020-03-22","Lisala","Pimu","3h","Outside_Resident","Origin_Zone_Worker","ZoneGlobale","All_modes","260"
"2020-03-22","Lisala","Pimu","3h","Destination_Zone_Resident","Destination_Zone_Worker","ZoneGlobale","All_modes","260"
"2020-03-22","Lisala","Pimu","3h","Destination_Zone_Resident","Study_Zone_Worker","ZoneGlobale","All_modes","521"
"2020-03-22","Lisala","Pimu","3h","Origin_Zone_Resident","Outside_Worker","ZoneGlobale","All_modes","260"
"2020-03-22","Lisala","Pimu","3h","Origin_Zone_Resident","Study_Zone_Worker","ZoneGlobale","All_modes","260"
"2020-03-22","Lisala","Pimu","3h","Origin_Zone_Resident","Origin_Zone_Worker","ZoneGlobale","All_modes","260"
"2020-03-22","Lodja","Vanga Kete","1h","Outside_Resident","Outside_Worker","ZoneGlobale","All_modes","98"
"2020-03-22","Lodja","Vanga Kete","1h","Outside_Resident","Destination_Zone_Worker","ZoneGlobale","All_modes","49"
"2020-03-22","Lodja","Vanga Kete","1h","Destination_Zone_Resident","Origin_Zone_Worker","ZoneGlobale","All_modes","98"
"2020-03-22","Lodja","Vanga Kete","1h","Origin_Zone_Resident","Origin_Zone_Worker","ZoneGlobale","All_modes","49"
"2020-03-22","Lodja","Vanga Kete","3h","Outside_Resident","Outside_Worker","ZoneGlobale","All_modes","222"
"2020-03-22","Lodja","Vanga Kete","3h","Outside_Resident","Destination_Zone_Worker","ZoneGlobale","All_modes","147"
"2020-03-22","Lodja","Vanga Kete","3h","Outside_Resident","Origin_Zone_Worker","ZoneGlobale","All_modes","294"
"2020-03-22","Lodja","Vanga Kete","3h","Destination_Zone_Resident","Destination_Zone_Worker","ZoneGlobale","All_modes","147"
"2020-03-22","Lodja","Vanga Kete","3h","Destination_Zone_Resident","Origin_Zone_Worker","ZoneGlobale","All_modes","98"
"2020-03-22","Lodja","Vanga Kete","3h","Origin_Zone_Resident","Origin_Zone_Worker","ZoneGlobale","All_modes","245"
"2020-03-22","Logo","Gombari","3h","Study_Zone_Resident","Study_Zone_Worker","ZoneGlobale","All_modes","47"
"2020-03-22","Loko","Gbadolite","1h","Destination_Zone_Resident","Destination_Zone_Worker","ZoneGlobale","All_modes","521"
"2020-03-22","Loko","Gbadolite","3h","Outside_Resident","Outside_Worker","ZoneGlobale","All_modes","782"
"2020-03-22","Loko","Gbadolite","3h","Destination_Zone_Resident","Destination_Zone_Worker","ZoneGlobale","All_modes","260"
"2020-03-22","Loko","Monga","1h","Origin_Zone_Resident","Origin_Zone_Worker","ZoneGlobale","All_modes","521"
"2020-03-22","Loko","Monga","3h","Outside_Resident","Outside_Worker","ZoneGlobale","All_modes","260"
"2020-03-22","Loko","Monga","3h","Destination_Zone_Resident","Origin_Zone_Worker","ZoneGlobale","All_modes","260"
"2020-03-22","Loko","Monga","3h","Origin_Zone_Resident","Origin_Zone_Worker","ZoneGlobale","All_modes","521"
"2020-03-22","Lualaba","Bunkeya","1h","Origin_Zone_Resident","Origin_Zone_Worker","ZoneGlobale","All_modes","35"
"2020-03-22","Lualaba","Bunkeya","3h","Outside_Resident","Study_Zone_Worker","ZoneGlobale","All_modes","35"
"2020-03-22","Lualaba","Bunkeya","3h","Origin_Zone_Resident","Origin_Zone_Worker","ZoneGlobale","All_modes","35"
"2020-03-22","Lualaba","Dilala","1h","Outside_Resident","Outside_Worker","ZoneGlobale","All_modes","603"
"2020-03-22","Lualaba","Dilala","1h","Outside_Resident","Destination_Zone_Worker","ZoneGlobale","All_modes","106"
"2020-03-22","Lualaba","Dilala","1h","Outside_Resident","Study_Zone_Worker","ZoneGlobale","All_modes","71"
"2020-03-22","Lualaba","Dilala","1h","Outside_Resident","Origin_Zone_Worker","ZoneGlobale","All_modes","319"
"2020-03-22","Lualaba","Dilala","1h","Destination_Zone_Resident","Destination_Zone_Worker","ZoneGlobale","All_modes","461"
"2020-03-22","Lualaba","Dilala","1h","Destination_Zone_Resident","Origin_Zone_Worker","ZoneGlobale","All_modes","1135"
"2020-03-22","Lualaba","Dilala","1h","Study_Zone_Resident","Study_Zone_Worker","ZoneGlobale","All_modes","283"
"2020-03-22","Lualaba","Dilala","1h","Origin_Zone_Resident","Destination_Zone_Worker","ZoneGlobale","All_modes","212"
"2020-03-22","Lualaba","Dilala","1h","Origin_Zone_Resident","Origin_Zone_Worker","ZoneGlobale","All_modes","3756"
"2020-03-22","Lualaba","Dilala","3h","Outside_Resident","Outside_Worker","ZoneGlobale","All_modes","851"
"2020-03-22","Lualaba","Dilala","3h","Outside_Resident","Destination_Zone_Worker","ZoneGlobale","All_modes","177"
"2020-03-22","Lualaba","Dilala","3h","Outside_Resident","Study_Zone_Worker","ZoneGlobale","All_modes","106"
"2020-03-22","Lualaba","Dilala","3h","Outside_Resident","Origin_Zone_Worker","ZoneGlobale","All_modes","1028"
"2020-03-22","Lualaba","Dilala","3h","Destination_Zone_Resident","Outside_Worker","ZoneGlobale","All_modes","70"
"2020-03-22","Lualaba","Dilala","3h","Destination_Zone_Resident","Destination_Zone_Worker","ZoneGlobale","All_modes","922"
"2020-03-22","Lualaba","Dilala","3h","Destination_Zone_Resident","Origin_Zone_Worker","ZoneGlobale","All_modes","1489"
"2020-03-22","Lualaba","Dilala","3h","Study_Zone_Resident","Study_Zone_Worker","ZoneGlobale","All_modes","319"
"2020-03-22","Lualaba","Dilala","3h","Origin_Zone_Resident","Outside_Worker","ZoneGlobale","All_modes","70"
"2020-03-22","Lualaba","Dilala","3h","Origin_Zone_Resident","Destination_Zone_Worker","ZoneGlobale","All_modes","425"
"2020-03-22","Lualaba","Dilala","3h","Origin_Zone_Resident","Study_Zone_Worker","ZoneGlobale","All_modes","35"
"2020-03-22","Lualaba","Dilala","3h","Origin_Zone_Resident","Origin_Zone_Worker","ZoneGlobale","All_modes","7213"
"2020-03-22","Lualaba","Fungurume","1h","Outside_Resident","Outside_Worker","ZoneGlobale","All_modes","106"
"2020-03-22","Lualaba","Fungurume","1h","Outside_Resident","Destination_Zone_Worker","ZoneGlobale","All_modes","35"
"2020-03-22","Lualaba","Fungurume","1h","Outside_Resident","Origin_Zone_Worker","ZoneGlobale","All_modes","35"
"2020-03-22","Lualaba","Fungurume","1h","Destination_Zone_Resident","Outside_Worker","ZoneGlobale","All_modes","35"
"2020-03-22","Lualaba","Fungurume","1h","Destination_Zone_Resident","Destination_Zone_Worker","ZoneGlobale","All_modes","674"
"2020-03-22","Lualaba","Fungurume","1h","Destination_Zone_Resident","Study_Zone_Worker","ZoneGlobale","All_modes","35"
"2020-03-22","Lualaba","Fungurume","1h","Destination_Zone_Resident","Origin_Zone_Worker","ZoneGlobale","All_modes","106"
"2020-03-22","Lualaba","Fungurume","1h","Study_Zone_Resident","Study_Zone_Worker","ZoneGlobale","All_modes","177"
"2020-03-22","Lualaba","Fungurume","1h","Study_Zone_Resident","Origin_Zone_Worker","ZoneGlobale","All_modes","35"
"2020-03-22","Lualaba","Fungurume","1h","Origin_Zone_Resident","Destination_Zone_Worker","ZoneGlobale","All_modes","177"
"2020-03-22","Lualaba","Fungurume","1h","Origin_Zone_Resident","Study_Zone_Worker","ZoneGlobale","All_modes","35"
"2020-03-22","Lualaba","Fungurume","1h","Origin_Zone_Resident","Origin_Zone_Worker","ZoneGlobale","All_modes","248"
"2020-03-22","Lualaba","Fungurume","3h","Outside_Resident","Outside_Worker","ZoneGlobale","All_modes","106"
"2020-03-22","Lualaba","Fungurume","3h","Outside_Resident","Destination_Zone_Worker","ZoneGlobale","All_modes","177"
"2020-03-22","Lualaba","Fungurume","3h","Outside_Resident","Study_Zone_Worker","ZoneGlobale","All_modes","35"
"2020-03-22","Lualaba","Fungurume","3h","Outside_Resident","Origin_Zone_Worker","ZoneGlobale","All_modes","106"
"2020-03-22","Lualaba","Fungurume","3h","Destination_Zone_Resident","Outside_Worker","ZoneGlobale","All_modes","35"
"2020-03-22","Lualaba","Fungurume","3h","Destination_Zone_Resident","Destination_Zone_Worker","ZoneGlobale","All_modes","780"
"2020-03-22","Lualaba","Fungurume","3h","Destination_Zone_Resident","Origin_Zone_Worker","ZoneGlobale","All_modes","177"
"2020-03-22","Lualaba","Fungurume","3h","Study_Zone_Resident","Outside_Worker","ZoneGlobale","All_modes","35"
"2020-03-22","Lualaba","Fungurume","3h","Study_Zone_Resident","Study_Zone_Worker","ZoneGlobale","All_modes","283"
"2020-03-22","Lualaba","Fungurume","3h","Study_Zone_Resident","Origin_Zone_Worker","ZoneGlobale","All_modes","70"
"2020-03-22","Lualaba","Fungurume","3h","Origin_Zone_Resident","Destination_Zone_Worker","ZoneGlobale","All_modes","638"
"2020-03-22","Lualaba","Fungurume","3h","Origin_Zone_Resident","Study_Zone_Worker","ZoneGlobale","All_modes","35"
"2020-03-22","Lualaba","Fungurume","3h","Origin_Zone_Resident","Origin_Zone_Worker","ZoneGlobale","All_modes","403"
"2020-03-22","Lualaba","Kamina","3h","Destination_Zone_Resident","Destination_Zone_Worker","ZoneGlobale","All_modes","35"
"2020-03-22","Lualaba","Kampemba","3h","Origin_Zone_Resident","Origin_Zone_Worker","ZoneGlobale","All_modes","35"
"2020-03-22","Lualaba","Kapolowe","3h","Study_Zone_Resident","Study_Zone_Worker","ZoneGlobale","All_modes","70"
"2020-03-22","Lualaba","Kapolowe","3h","Origin_Zone_Resident","Origin_Zone_Worker","ZoneGlobale","All_modes","70"
"2020-03-22","Lualaba","Kinda","1h","Study_Zone_Resident","Outside_Worker","ZoneGlobale","All_modes","35"
"2020-03-22","Lualaba","Kipushi","3h","Outside_Resident","Outside_Worker","ZoneGlobale","All_modes","35"
"2020-03-22","Lualaba","Likasi","1h","Outside_Resident","Outside_Worker","ZoneGlobale","All_modes","141"
"2020-03-22","Lualaba","Likasi","1h","Destination_Zone_Resident","Outside_Worker","ZoneGlobale","All_modes","35"
"2020-03-22","Lualaba","Likasi","1h","Destination_Zone_Resident","Destination_Zone_Worker","ZoneGlobale","All_modes","35"
"2020-03-22","Lualaba","Likasi","1h","Study_Zone_Resident","Outside_Worker","ZoneGlobale","All_modes","35"
"2020-03-22","Lualaba","Likasi","1h","Study_Zone_Resident","Study_Zone_Worker","ZoneGlobale","All_modes","35"
"2020-03-22","Lualaba","Likasi","1h","Origin_Zone_Resident","Origin_Zone_Worker","ZoneGlobale","All_modes","35"
"2020-03-22","Lualaba","Likasi","3h","Outside_Resident","Outside_Worker","ZoneGlobale","All_modes","106"
"2020-03-22","Lualaba","Likasi","3h","Outside_Resident","Origin_Zone_Worker","ZoneGlobale","All_modes","35"
"2020-03-22","Lualaba","Likasi","3h","Destination_Zone_Resident","Outside_Worker","ZoneGlobale","All_modes","35"
"2020-03-22","Lualaba","Likasi","3h","Destination_Zone_Resident","Destination_Zone_Worker","ZoneGlobale","All_modes","212"
"2020-03-22","Lualaba","Likasi","3h","Study_Zone_Resident","Study_Zone_Worker","ZoneGlobale","All_modes","141"
"2020-03-22","Lualaba","Likasi","3h","Origin_Zone_Resident","Origin_Zone_Worker","ZoneGlobale","All_modes","141"
"2020-03-22","Lualaba","Lubudi","1h","Outside_Resident","Outside_Worker","ZoneGlobale","All_modes","35"
"2020-03-22","Lualaba","Lubudi","1h","Outside_Resident","Study_Zone_Worker","ZoneGlobale","All_modes","35"
"2020-03-22","Lualaba","Lubudi","1h","Outside_Resident","Origin_Zone_Worker","ZoneGlobale","All_modes","70"
"2020-03-22","Lualaba","Lubudi","1h","Destination_Zone_Resident","Outside_Worker","ZoneGlobale","All_modes","35"
"2020-03-22","Lualaba","Lubudi","1h","Destination_Zone_Resident","Destination_Zone_Worker","ZoneGlobale","All_modes","141"
"2020-03-22","Lualaba","Lubudi","1h","Destination_Zone_Resident","Study_Zone_Worker","ZoneGlobale","All_modes","35"
"2020-03-22","Lualaba","Lubudi","1h","Destination_Zone_Resident","Origin_Zone_Worker","ZoneGlobale","All_modes","70"
"2020-03-22","Lualaba","Lubudi","1h","Origin_Zone_Resident","Origin_Zone_Worker","ZoneGlobale","All_modes","106"
"2020-03-22","Lualaba","Lubudi","3h","Outside_Resident","Outside_Worker","ZoneGlobale","All_modes","141"
"2020-03-22","Lualaba","Lubudi","3h","Outside_Resident","Destination_Zone_Worker","ZoneGlobale","All_modes","106"
"2020-03-22","Lualaba","Lubudi","3h","Outside_Resident","Origin_Zone_Worker","ZoneGlobale","All_modes","106"
"2020-03-22","Lualaba","Lubudi","3h","Destination_Zone_Resident","Outside_Worker","ZoneGlobale","All_modes","35"
"2020-03-22","Lualaba","Lubudi","3h","Destination_Zone_Resident","Destination_Zone_Worker","ZoneGlobale","All_modes","177"
"2020-03-22","Lualaba","Lubudi","3h","Destination_Zone_Resident","Origin_Zone_Worker","ZoneGlobale","All_modes","141"
"2020-03-22","Lualaba","Lubudi","3h","Study_Zone_Resident","Origin_Zone_Worker","ZoneGlobale","All_modes","35"
"2020-03-22","Lualaba","Lubudi","3h","Origin_Zone_Resident","Destination_Zone_Worker","ZoneGlobale","All_modes","70"
"2020-03-22","Lualaba","Lubudi","3h","Origin_Zone_Resident","Study_Zone_Worker","ZoneGlobale","All_modes","35"
"2020-03-22","Lualaba","Lubudi","3h","Origin_Zone_Resident","Origin_Zone_Worker","ZoneGlobale","All_modes","354"
"2020-03-22","Lualaba","Lubumbashi","1h","Destination_Zone_Resident","Destination_Zone_Worker","ZoneGlobale","All_modes","35"
"2020-03-22","Lualaba","Lubumbashi","1h","Origin_Zone_Resident","Origin_Zone_Worker","ZoneGlobale","All_modes","141"
"2020-03-22","Lualaba","Lubumbashi","3h","Outside_Resident","Destination_Zone_Worker","ZoneGlobale","All_modes","177"
"2020-03-22","Lualaba","Lubumbashi","3h","Outside_Resident","Origin_Zone_Worker","ZoneGlobale","All_modes","35"
"2020-03-22","Lualaba","Lubumbashi","3h","Destination_Zone_Resident","Outside_Worker","ZoneGlobale","All_modes","35"
"2020-03-22","Lualaba","Lubumbashi","3h","Destination_Zone_Resident","Destination_Zone_Worker","ZoneGlobale","All_modes","390"
"2020-03-22","Lualaba","Lubumbashi","3h","Destination_Zone_Resident","Study_Zone_Worker","ZoneGlobale","All_modes","106"
"2020-03-22","Lualaba","Lubumbashi","3h","Study_Zone_Resident","Study_Zone_Worker","ZoneGlobale","All_modes","106"
"2020-03-22","Lualaba","Lubumbashi","3h","Origin_Zone_Resident","Destination_Zone_Worker","ZoneGlobale","All_modes","35"
"2020-03-22","Lualaba","Lubumbashi","3h","Origin_Zone_Resident","Origin_Zone_Worker","ZoneGlobale","All_modes","106"
"2020-03-22","Lualaba","Manika","3h","Origin_Zone_Resident","Origin_Zone_Worker","ZoneGlobale","All_modes","35"
"2020-03-22","Lualaba","Mukumbi","3h","Study_Zone_Resident","Outside_Worker","ZoneGlobale","All_modes","49"
"2020-03-22","Lualaba","Mutshatsha","3h","Destination_Zone_Resident","Destination_Zone_Worker","ZoneGlobale","All_modes","35"
"2020-03-22","Lualaba","Sakania","1h","Origin_Zone_Resident","Origin_Zone_Worker","ZoneGlobale","All_modes","35"
"2020-03-22","Lualaba","Sakania","3h","Outside_Resident","Outside_Worker","ZoneGlobale","All_modes","35"
"2020-03-22","Lualaba","Sakania","3h","Origin_Zone_Resident","Origin_Zone_Worker","ZoneGlobale","All_modes","106"
"2020-03-22","Lualaba","Tshamilemba","3h","Study_Zone_Resident","Origin_Zone_Worker","ZoneGlobale","All_modes","35"
"2020-03-22","Lualaba","Tshamilemba","3h","Origin_Zone_Resident","Origin_Zone_Worker","ZoneGlobale","All_modes","106"
"2020-03-22","Luambo","Luiza","1h","Destination_Zone_Resident","Destination_Zone_Worker","ZoneGlobale","All_modes","315"
"2020-03-22","Luambo","Luiza","3h","Outside_Resident","Study_Zone_Worker","ZoneGlobale","All_modes","315"
"2020-03-22","Luambo","Luiza","3h","Destination_Zone_Resident","Destination_Zone_Worker","ZoneGlobale","All_modes","315"
"2020-03-22","Lubero","Alimbongo","1h","Destination_Zone_Resident","Destination_Zone_Worker","ZoneGlobale","All_modes","47"
"2020-03-22","Lubero","Alimbongo","3h","Outside_Resident","Outside_Worker","ZoneGlobale","All_modes","95"
"2020-03-22","Lubero","Alimbongo","3h","Outside_Resident","Destination_Zone_Worker","ZoneGlobale","All_modes","95"
"2020-03-22","Lubero","Alimbongo","3h","Outside_Resident","Study_Zone_Worker","ZoneGlobale","All_modes","47"
"2020-03-22","Lubero","Alimbongo","3h","Outside_Resident","Origin_Zone_Worker","ZoneGlobale","All_modes","47"
"2020-03-22","Lubero","Alimbongo","3h","Destination_Zone_Resident","Outside_Worker","ZoneGlobale","All_modes","47"
"2020-03-22","Lubero","Alimbongo","3h","Destination_Zone_Resident","Destination_Zone_Worker","ZoneGlobale","All_modes","47"
"2020-03-22","Lubero","Alimbongo","3h","Destination_Zone_Resident","Origin_Zone_Worker","ZoneGlobale","All_modes","143"
"2020-03-22","Lubero","Alimbongo","3h","Study_Zone_Resident","Study_Zone_Worker","ZoneGlobale","All_modes","47"
"2020-03-22","Lubero","Alimbongo","3h","Origin_Zone_Resident","Outside_Worker","ZoneGlobale","All_modes","47"
"2020-03-22","Lubero","Alimbongo","3h","Origin_Zone_Resident","Origin_Zone_Worker","ZoneGlobale","All_modes","95"
"2020-03-22","Lubero","Binza","1h","Destination_Zone_Resident","Origin_Zone_Worker","ZoneGlobale","All_modes","47"
"2020-03-22","Lubero","Binza","1h","Origin_Zone_Resident","Origin_Zone_Worker","ZoneGlobale","All_modes","47"
"2020-03-22","Lubero","Binza","3h","Study_Zone_Resident","Study_Zone_Worker","ZoneGlobale","All_modes","95"
"2020-03-22","Lubero","Binza","3h","Origin_Zone_Resident","Origin_Zone_Worker","ZoneGlobale","All_modes","143"
"2020-03-22","Lubero","Katwa","1h","Destination_Zone_Resident","Destination_Zone_Worker","ZoneGlobale","All_modes","95"
"2020-03-22","Lubero","Katwa","1h","Study_Zone_Resident","Study_Zone_Worker","ZoneGlobale","All_modes","47"
"2020-03-22","Lubero","Katwa","3h","Destination_Zone_Resident","Destination_Zone_Worker","ZoneGlobale","All_modes","286"
"2020-03-22","Lubero","Katwa","3h","Study_Zone_Resident","Study_Zone_Worker","ZoneGlobale","All_modes","95"
"2020-03-22","Lubero","Kayna","1h","Destination_Zone_Resident","Destination_Zone_Worker","ZoneGlobale","All_modes","47"
"2020-03-22","Lubero","Kayna","1h","Origin_Zone_Resident","Destination_Zone_Worker","ZoneGlobale","All_modes","47"
"2020-03-22","Lubero","Kayna","3h","Outside_Resident","Outside_Worker","ZoneGlobale","All_modes","47"
"2020-03-22","Lubero","Kayna","3h","Destination_Zone_Resident","Destination_Zone_Worker","ZoneGlobale","All_modes","95"
"2020-03-22","Lubero","Kayna","3h","Study_Zone_Resident","Study_Zone_Worker","ZoneGlobale","All_modes","47"
"2020-03-22","Lubero","Kibirizi","1h","Destination_Zone_Resident","Outside_Worker","ZoneGlobale","All_modes","47"
"2020-03-22","Lubero","Kibirizi","3h","Outside_Resident","Outside_Worker","ZoneGlobale","All_modes","47"
"2020-03-22","Lubero","Kibirizi","3h","Outside_Resident","Destination_Zone_Worker","ZoneGlobale","All_modes","47"
"2020-03-22","Lubero","Kibirizi","3h","Destination_Zone_Resident","Destination_Zone_Worker","ZoneGlobale","All_modes","143"
"2020-03-22","Lubero","Kibirizi","3h","Destination_Zone_Resident","Origin_Zone_Worker","ZoneGlobale","All_modes","47"
"2020-03-22","Lubero","Kibirizi","3h","Origin_Zone_Resident","Outside_Worker","ZoneGlobale","All_modes","47"
"2020-03-22","Lubero","Kibirizi","3h","Origin_Zone_Resident","Origin_Zone_Worker","ZoneGlobale","All_modes","286"
"2020-03-22","Lubero","Kyondo","3h","Outside_Resident","Outside_Worker","ZoneGlobale","All_modes","47"
"2020-03-22","Lubero","Masereka","3h","Study_Zone_Resident","Study_Zone_Worker","ZoneGlobale","All_modes","47"
"2020-03-22","Lubero","Musienene","1h","Destination_Zone_Resident","Destination_Zone_Worker","ZoneGlobale","All_modes","95"
"2020-03-22","Lubero","Musienene","1h","Study_Zone_Resident","Study_Zone_Worker","ZoneGlobale","All_modes","47"
"2020-03-22","Lubero","Musienene","3h","Outside_Resident","Origin_Zone_Worker","ZoneGlobale","All_modes","47"
"2020-03-22","Lubero","Musienene","3h","Destination_Zone_Resident","Destination_Zone_Worker","ZoneGlobale","All_modes","334"
"2020-03-22","Lubero","Musienene","3h","Destination_Zone_Resident","Origin_Zone_Worker","ZoneGlobale","All_modes","95"
"2020-03-22","Lubero","Musienene","3h","Study_Zone_Resident","Study_Zone_Worker","ZoneGlobale","All_modes","47"
"2020-03-22","Lubero","Musienene","3h","Origin_Zone_Resident","Origin_Zone_Worker","ZoneGlobale","All_modes","143"
"2020-03-22","Lubero","Vuhovi","3h","Study_Zone_Resident","Destination_Zone_Worker","ZoneGlobale","All_modes","47"
"2020-03-22","Lubondaie","Bunkonde","1h","Outside_Resident","Study_Zone_Worker","ZoneGlobale","All_modes","315"
"2020-03-22","Lubondaie","Bunkonde","3h","Outside_Resident","Destination_Zone_Worker","ZoneGlobale","All_modes","315"
"2020-03-22","Lubondaie","Bunkonde","3h","Outside_Resident","Study_Zone_Worker","ZoneGlobale","All_modes","315"
"2020-03-22","Lubondaie","Bunkonde","3h","Origin_Zone_Resident","Origin_Zone_Worker","ZoneGlobale","All_modes","946"
"2020-03-22","Lubondaie","Dibaya","1h","Outside_Resident","Outside_Worker","ZoneGlobale","All_modes","315"
"2020-03-22","Lubondaie","Dibaya","1h","Destination_Zone_Resident","Destination_Zone_Worker","ZoneGlobale","All_modes","315"
"2020-03-22","Lubondaie","Dibaya","1h","Origin_Zone_Resident","Origin_Zone_Worker","ZoneGlobale","All_modes","315"
"2020-03-22","Lubondaie","Dibaya","3h","Outside_Resident","Outside_Worker","ZoneGlobale","All_modes","1626"
"2020-03-22","Lubondaie","Dibaya","3h","Outside_Resident","Destination_Zone_Worker","ZoneGlobale","All_modes","630"
"2020-03-22","Lubondaie","Dibaya","3h","Outside_Resident","Origin_Zone_Worker","ZoneGlobale","All_modes","315"
"2020-03-22","Lubondaie","Dibaya","3h","Destination_Zone_Resident","Destination_Zone_Worker","ZoneGlobale","All_modes","2523"
"2020-03-22","Lubondaie","Dibaya","3h","Destination_Zone_Resident","Origin_Zone_Worker","ZoneGlobale","All_modes","946"
"2020-03-22","Lubondaie","Dibaya","3h","Study_Zone_Resident","Study_Zone_Worker","ZoneGlobale","All_modes","315"
"2020-03-22","Lubondaie","Dibaya","3h","Origin_Zone_Resident","Outside_Worker","ZoneGlobale","All_modes","315"
"2020-03-22","Lubondaie","Dibaya","3h","Origin_Zone_Resident","Origin_Zone_Worker","ZoneGlobale","All_modes","1577"
"2020-03-22","Lubondaie","Kamiji","1h","Outside_Resident","Origin_Zone_Worker","ZoneGlobale","All_modes","315"
"2020-03-22","Lubondaie","Kamiji","3h","Outside_Resident","Outside_Worker","ZoneGlobale","All_modes","630"
"2020-03-22","Lubondaie","Kamiji","3h","Outside_Resident","Origin_Zone_Worker","ZoneGlobale","All_modes","315"
"2020-03-22","Lubondaie","Kamiji","3h","Destination_Zone_Resident","Origin_Zone_Worker","ZoneGlobale","All_modes","315"
"2020-03-22","Lubondaie","Kananga","1h","Study_Zone_Resident","Outside_Worker","ZoneGlobale","All_modes","315"
"2020-03-22","Lubondaie","Kananga","3h","Study_Zone_Resident","Outside_Worker","ZoneGlobale","All_modes","315"
"2020-03-22","Lubudi","Bukama","1h","Outside_Resident","Outside_Worker","ZoneGlobale","All_modes","35"
"2020-03-22","Lubudi","Bukama","3h","Study_Zone_Resident","Study_Zone_Worker","ZoneGlobale","All_modes","49"
"2020-03-22","Lubudi","Bunkeya","3h","Study_Zone_Resident","Origin_Zone_Worker","ZoneGlobale","All_modes","35"
"2020-03-22","Lubudi","Fungurume","1h","Outside_Resident","Outside_Worker","ZoneGlobale","All_modes","106"
"2020-03-22","Lubudi","Fungurume","1h","Outside_Resident","Origin_Zone_Worker","ZoneGlobale","All_modes","35"
"2020-03-22","Lubudi","Fungurume","1h","Destination_Zone_Resident","Destination_Zone_Worker","ZoneGlobale","All_modes","70"
"2020-03-22","Lubudi","Fungurume","1h","Destination_Zone_Resident","Study_Zone_Worker","ZoneGlobale","All_modes","35"
"2020-03-22","Lubudi","Fungurume","1h","Study_Zone_Resident","Study_Zone_Worker","ZoneGlobale","All_modes","35"
"2020-03-22","Lubudi","Fungurume","1h","Origin_Zone_Resident","Origin_Zone_Worker","ZoneGlobale","All_modes","141"
"2020-03-22","Lubudi","Fungurume","3h","Outside_Resident","Outside_Worker","ZoneGlobale","All_modes","70"
"2020-03-22","Lubudi","Fungurume","3h","Outside_Resident","Destination_Zone_Worker","ZoneGlobale","All_modes","212"
"2020-03-22","Lubudi","Fungurume","3h","Outside_Resident","Origin_Zone_Worker","ZoneGlobale","All_modes","70"
"2020-03-22","Lubudi","Fungurume","3h","Destination_Zone_Resident","Destination_Zone_Worker","ZoneGlobale","All_modes","212"
"2020-03-22","Lubudi","Fungurume","3h","Destination_Zone_Resident","Study_Zone_Worker","ZoneGlobale","All_modes","35"
"2020-03-22","Lubudi","Fungurume","3h","Destination_Zone_Resident","Origin_Zone_Worker","ZoneGlobale","All_modes","141"
"2020-03-22","Lubudi","Fungurume","3h","Study_Zone_Resident","Study_Zone_Worker","ZoneGlobale","All_modes","106"
"2020-03-22","Lubudi","Likasi","1h","Study_Zone_Resident","Study_Zone_Worker","ZoneGlobale","All_modes","35"
"2020-03-22","Lubudi","Likasi","3h","Destination_Zone_Resident","Destination_Zone_Worker","ZoneGlobale","All_modes","35"
"2020-03-22","Lubudi","Likasi","3h","Study_Zone_Resident","Study_Zone_Worker","ZoneGlobale","All_modes","70"
"2020-03-22","Lubudi","Lualaba","1h","Outside_Resident","Outside_Worker","ZoneGlobale","All_modes","35"
"2020-03-22","Lubudi","Lualaba","1h","Destination_Zone_Resident","Destination_Zone_Worker","ZoneGlobale","All_modes","70"
"2020-03-22","Lubudi","Lualaba","1h","Study_Zone_Resident","Study_Zone_Worker","ZoneGlobale","All_modes","35"
"2020-03-22","Lubudi","Lualaba","1h","Origin_Zone_Resident","Origin_Zone_Worker","ZoneGlobale","All_modes","35"
"2020-03-22","Lubudi","Lualaba","3h","Outside_Resident","Outside_Worker","ZoneGlobale","All_modes","70"
"2020-03-22","Lubudi","Lualaba","3h","Outside_Resident","Study_Zone_Worker","ZoneGlobale","All_modes","35"
"2020-03-22","Lubudi","Lualaba","3h","Outside_Resident","Origin_Zone_Worker","ZoneGlobale","All_modes","141"
"2020-03-22","Lubudi","Lualaba","3h","Destination_Zone_Resident","Outside_Worker","ZoneGlobale","All_modes","35"
"2020-03-22","Lubudi","Lualaba","3h","Destination_Zone_Resident","Destination_Zone_Worker","ZoneGlobale","All_modes","283"
"2020-03-22","Lubudi","Lualaba","3h","Destination_Zone_Resident","Origin_Zone_Worker","ZoneGlobale","All_modes","212"
"2020-03-22","Lubudi","Lualaba","3h","Study_Zone_Resident","Destination_Zone_Worker","ZoneGlobale","All_modes","35"
"2020-03-22","Lubudi","Lualaba","3h","Study_Zone_Resident","Study_Zone_Worker","ZoneGlobale","All_modes","35"
"2020-03-22","Lubudi","Lualaba","3h","Origin_Zone_Resident","Destination_Zone_Worker","ZoneGlobale","All_modes","70"
"2020-03-22","Lubudi","Lualaba","3h","Origin_Zone_Resident","Origin_Zone_Worker","ZoneGlobale","All_modes","212"
"2020-03-22","Lubudi","Lubumbashi","3h","Destination_Zone_Resident","Destination_Zone_Worker","ZoneGlobale","All_modes","35"
"2020-03-22","Lubumbashi","Bunkeya","3h","Destination_Zone_Resident","Destination_Zone_Worker","ZoneGlobale","All_modes","35"
"2020-03-22","Lubumbashi","Bunkeya","3h","Destination_Zone_Resident","Study_Zone_Worker","ZoneGlobale","All_modes","35"
"2020-03-22","Lubumbashi","Bunkeya","3h","Study_Zone_Resident","Study_Zone_Worker","ZoneGlobale","All_modes","106"
"2020-03-22","Lubumbashi","Dilala","3h","Origin_Zone_Resident","Origin_Zone_Worker","ZoneGlobale","All_modes","35"
"2020-03-22","Lubumbashi","Fungurume","1h","Outside_Resident","Outside_Worker","ZoneGlobale","All_modes","35"
"2020-03-22","Lubumbashi","Fungurume","1h","Destination_Zone_Resident","Destination_Zone_Worker","ZoneGlobale","All_modes","35"
"2020-03-22","Lubumbashi","Fungurume","1h","Study_Zone_Resident","Study_Zone_Worker","ZoneGlobale","All_modes","35"
"2020-03-22","Lubumbashi","Fungurume","3h","Outside_Resident","Outside_Worker","ZoneGlobale","All_modes","35"
"2020-03-22","Lubumbashi","Fungurume","3h","Outside_Resident","Study_Zone_Worker","ZoneGlobale","All_modes","70"
"2020-03-22","Lubumbashi","Fungurume","3h","Destination_Zone_Resident","Outside_Worker","ZoneGlobale","All_modes","35"
"2020-03-22","Lubumbashi","Fungurume","3h","Destination_Zone_Resident","Destination_Zone_Worker","ZoneGlobale","All_modes","141"
"2020-03-22","Lubumbashi","Fungurume","3h","Study_Zone_Resident","Destination_Zone_Worker","ZoneGlobale","All_modes","70"
"2020-03-22","Lubumbashi","Fungurume","3h","Study_Zone_Resident","Study_Zone_Worker","ZoneGlobale","All_modes","70"
"2020-03-22","Lubumbashi","Fungurume","3h","Origin_Zone_Resident","Destination_Zone_Worker","ZoneGlobale","All_modes","35"
"2020-03-22","Lubumbashi","Fungurume","3h","Origin_Zone_Resident","Origin_Zone_Worker","ZoneGlobale","All_modes","177"
"2020-03-22","Lubumbashi","Kalemie","3h","Origin_Zone_Resident","Origin_Zone_Worker","ZoneGlobale","All_modes","35"
"2020-03-22","Lubumbashi","Kampemba","1h","Outside_Resident","Outside_Worker","ZoneGlobale","All_modes","474"
"2020-03-22","Lubumbashi","Kampemba","1h","Outside_Resident","Destination_Zone_Worker","ZoneGlobale","All_modes","106"
"2020-03-22","Lubumbashi","Kampemba","1h","Outside_Resident","Study_Zone_Worker","ZoneGlobale","All_modes","177"
"2020-03-22","Lubumbashi","Kampemba","1h","Outside_Resident","Origin_Zone_Worker","ZoneGlobale","All_modes","510"
"2020-03-22","Lubumbashi","Kampemba","1h","Destination_Zone_Resident","Destination_Zone_Worker","ZoneGlobale","All_modes","461"
"2020-03-22","Lubumbashi","Kampemba","1h","Destination_Zone_Resident","Study_Zone_Worker","ZoneGlobale","All_modes","106"
"2020-03-22","Lubumbashi","Kampemba","1h","Destination_Zone_Resident","Origin_Zone_Worker","ZoneGlobale","All_modes","1667"
"2020-03-22","Lubumbashi","Kampemba","1h","Study_Zone_Resident","Study_Zone_Worker","ZoneGlobale","All_modes","723"
"2020-03-22","Lubumbashi","Kampemba","1h","Study_Zone_Resident","Origin_Zone_Worker","ZoneGlobale","All_modes","248"
"2020-03-22","Lubumbashi","Kampemba","1h","Origin_Zone_Resident","Outside_Worker","ZoneGlobale","All_modes","35"
"2020-03-22","Lubumbashi","Kampemba","1h","Origin_Zone_Resident","Destination_Zone_Worker","ZoneGlobale","All_modes","141"
"2020-03-22","Lubumbashi","Kampemba","1h","Origin_Zone_Resident","Study_Zone_Worker","ZoneGlobale","All_modes","319"
"2020-03-22","Lubumbashi","Kampemba","1h","Origin_Zone_Resident","Origin_Zone_Worker","ZoneGlobale","All_modes","8181"
"2020-03-22","Lubumbashi","Kampemba","3h","Outside_Resident","Outside_Worker","ZoneGlobale","All_modes","971"
"2020-03-22","Lubumbashi","Kampemba","3h","Outside_Resident","Destination_Zone_Worker","ZoneGlobale","All_modes","106"
"2020-03-22","Lubumbashi","Kampemba","3h","Outside_Resident","Study_Zone_Worker","ZoneGlobale","All_modes","212"
"2020-03-22","Lubumbashi","Kampemba","3h","Outside_Resident","Origin_Zone_Worker","ZoneGlobale","All_modes","1525"
"2020-03-22","Lubumbashi","Kampemba","3h","Destination_Zone_Resident","Destination_Zone_Worker","ZoneGlobale","All_modes","638"
"2020-03-22","Lubumbashi","Kampemba","3h","Destination_Zone_Resident","Study_Zone_Worker","ZoneGlobale","All_modes","177"
"2020-03-22","Lubumbashi","Kampemba","3h","Destination_Zone_Resident","Origin_Zone_Worker","ZoneGlobale","All_modes","2128"
"2020-03-22","Lubumbashi","Kampemba","3h","Study_Zone_Resident","Outside_Worker","ZoneGlobale","All_modes","70"
"2020-03-22","Lubumbashi","Kampemba","3h","Study_Zone_Resident","Study_Zone_Worker","ZoneGlobale","All_modes","744"
"2020-03-22","Lubumbashi","Kampemba","3h","Study_Zone_Resident","Origin_Zone_Worker","ZoneGlobale","All_modes","461"
"2020-03-22","Lubumbashi","Kampemba","3h","Origin_Zone_Resident","Outside_Worker","ZoneGlobale","All_modes","35"
"2020-03-22","Lubumbashi","Kampemba","3h","Origin_Zone_Resident","Destination_Zone_Worker","ZoneGlobale","All_modes","106"
"2020-03-22","Lubumbashi","Kampemba","3h","Origin_Zone_Resident","Study_Zone_Worker","ZoneGlobale","All_modes","390"
"2020-03-22","Lubumbashi","Kampemba","3h","Origin_Zone_Resident","Origin_Zone_Worker","ZoneGlobale","All_modes","14355"
"2020-03-22","Lubumbashi","Kapolowe","1h","Outside_Resident","Outside_Worker","ZoneGlobale","All_modes","35"
"2020-03-22","Lubumbashi","Kapolowe","1h","Destination_Zone_Resident","Destination_Zone_Worker","ZoneGlobale","All_modes","35"
"2020-03-22","Lubumbashi","Kapolowe","1h","Study_Zone_Resident","Study_Zone_Worker","ZoneGlobale","All_modes","35"
"2020-03-22","Lubumbashi","Kapolowe","1h","Origin_Zone_Resident","Origin_Zone_Worker","ZoneGlobale","All_modes","35"
"2020-03-22","Lubumbashi","Kapolowe","3h","Outside_Resident","Outside_Worker","ZoneGlobale","All_modes","106"
"2020-03-22","Lubumbashi","Kapolowe","3h","Outside_Resident","Study_Zone_Worker","ZoneGlobale","All_modes","35"
"2020-03-22","Lubumbashi","Kapolowe","3h","Outside_Resident","Origin_Zone_Worker","ZoneGlobale","All_modes","70"
"2020-03-22","Lubumbashi","Kapolowe","3h","Destination_Zone_Resident","Destination_Zone_Worker","ZoneGlobale","All_modes","70"
"2020-03-22","Lubumbashi","Kapolowe","3h","Destination_Zone_Resident","Study_Zone_Worker","ZoneGlobale","All_modes","106"
"2020-03-22","Lubumbashi","Kapolowe","3h","Study_Zone_Resident","Study_Zone_Worker","ZoneGlobale","All_modes","106"
"2020-03-22","Lubumbashi","Kapolowe","3h","Study_Zone_Resident","Origin_Zone_Worker","ZoneGlobale","All_modes","70"
"2020-03-22","Lubumbashi","Kapolowe","3h","Origin_Zone_Resident","Origin_Zone_Worker","ZoneGlobale","All_modes","141"
"2020-03-22","Lubumbashi","Kikula","1h","Origin_Zone_Resident","Origin_Zone_Worker","ZoneGlobale","All_modes","35"
"2020-03-22","Lubumbashi","Kikula","3h","Destination_Zone_Resident","Destination_Zone_Worker","ZoneGlobale","All_modes","35"
"2020-03-22","Lubumbashi","Kikula","3h","Study_Zone_Resident","Origin_Zone_Worker","ZoneGlobale","All_modes","35"
"2020-03-22","Lubumbashi","Kikula","3h","Origin_Zone_Resident","Origin_Zone_Worker","ZoneGlobale","All_modes","70"
"2020-03-22","Lubumbashi","Kipushi","1h","Outside_Resident","Outside_Worker","ZoneGlobale","All_modes","1122"
"2020-03-22","Lubumbashi","Kipushi","1h","Outside_Resident","Destination_Zone_Worker","ZoneGlobale","All_modes","354"
"2020-03-22","Lubumbashi","Kipushi","1h","Outside_Resident","Study_Zone_Worker","ZoneGlobale","All_modes","49"
"2020-03-22","Lubumbashi","Kipushi","1h","Outside_Resident","Origin_Zone_Worker","ZoneGlobale","All_modes","1365"
"2020-03-22","Lubumbashi","Kipushi","1h","Destination_Zone_Resident","Outside_Worker","ZoneGlobale","All_modes","106"
"2020-03-22","Lubumbashi","Kipushi","1h","Destination_Zone_Resident","Destination_Zone_Worker","ZoneGlobale","All_modes","3477"
"2020-03-22","Lubumbashi","Kipushi","1h","Destination_Zone_Resident","Study_Zone_Worker","ZoneGlobale","All_modes","248"
"2020-03-22","Lubumbashi","Kipushi","1h","Destination_Zone_Resident","Origin_Zone_Worker","ZoneGlobale","All_modes","4700"
"2020-03-22","Lubumbashi","Kipushi","1h","Study_Zone_Resident","Study_Zone_Worker","ZoneGlobale","All_modes","682"
"2020-03-22","Lubumbashi","Kipushi","1h","Study_Zone_Resident","Origin_Zone_Worker","ZoneGlobale","All_modes","177"
"2020-03-22","Lubumbashi","Kipushi","1h","Origin_Zone_Resident","Destination_Zone_Worker","ZoneGlobale","All_modes","461"
"2020-03-22","Lubumbashi","Kipushi","1h","Origin_Zone_Resident","Study_Zone_Worker","ZoneGlobale","All_modes","70"
"2020-03-22","Lubumbashi","Kipushi","1h","Origin_Zone_Resident","Origin_Zone_Worker","ZoneGlobale","All_modes","4966"
"2020-03-22","Lubumbashi","Kipushi","3h","Outside_Resident","Outside_Worker","ZoneGlobale","All_modes","2495"
"2020-03-22","Lubumbashi","Kipushi","3h","Outside_Resident","Destination_Zone_Worker","ZoneGlobale","All_modes","1596"
"2020-03-22","Lubumbashi","Kipushi","3h","Outside_Resident","Study_Zone_Worker","ZoneGlobale","All_modes","212"
"2020-03-22","Lubumbashi","Kipushi","3h","Outside_Resident","Origin_Zone_Worker","ZoneGlobale","All_modes","5869"
"2020-03-22","Lubumbashi","Kipushi","3h","Destination_Zone_Resident","Outside_Worker","ZoneGlobale","All_modes","354"
"2020-03-22","Lubumbashi","Kipushi","3h","Destination_Zone_Resident","Destination_Zone_Worker","ZoneGlobale","All_modes","6183"
"2020-03-22","Lubumbashi","Kipushi","3h","Destination_Zone_Resident","Study_Zone_Worker","ZoneGlobale","All_modes","354"
"2020-03-22","Lubumbashi","Kipushi","3h","Destination_Zone_Resident","Origin_Zone_Worker","ZoneGlobale","All_modes","10470"
"2020-03-22","Lubumbashi","Kipushi","3h","Study_Zone_Resident","Study_Zone_Worker","ZoneGlobale","All_modes","709"
"2020-03-22","Lubumbashi","Kipushi","3h","Study_Zone_Resident","Origin_Zone_Worker","ZoneGlobale","All_modes","177"
"2020-03-22","Lubumbashi","Kipushi","3h","Origin_Zone_Resident","Outside_Worker","ZoneGlobale","All_modes","106"
"2020-03-22","Lubumbashi","Kipushi","3h","Origin_Zone_Resident","Destination_Zone_Worker","ZoneGlobale","All_modes","859"
"2020-03-22","Lubumbashi","Kipushi","3h","Origin_Zone_Resident","Study_Zone_Worker","ZoneGlobale","All_modes","141"
"2020-03-22","Lubumbashi","Kipushi","3h","Origin_Zone_Resident","Origin_Zone_Worker","ZoneGlobale","All_modes","14572"
"2020-03-22","Lubumbashi","Likasi","1h","Outside_Resident","Outside_Worker","ZoneGlobale","All_modes","35"
"2020-03-22","Lubumbashi","Likasi","1h","Destination_Zone_Resident","Destination_Zone_Worker","ZoneGlobale","All_modes","106"
"2020-03-22","Lubumbashi","Likasi","1h","Study_Zone_Resident","Destination_Zone_Worker","ZoneGlobale","All_modes","35"
"2020-03-22","Lubumbashi","Likasi","1h","Study_Zone_Resident","Study_Zone_Worker","ZoneGlobale","All_modes","35"
"2020-03-22","Lubumbashi","Likasi","1h","Origin_Zone_Resident","Origin_Zone_Worker","ZoneGlobale","All_modes","71"
"2020-03-22","Lubumbashi","Likasi","3h","Outside_Resident","Outside_Worker","ZoneGlobale","All_modes","141"
"2020-03-22","Lubumbashi","Likasi","3h","Outside_Resident","Destination_Zone_Worker","ZoneGlobale","All_modes","177"
"2020-03-22","Lubumbashi","Likasi","3h","Outside_Resident","Study_Zone_Worker","ZoneGlobale","All_modes","70"
"2020-03-22","Lubumbashi","Likasi","3h","Outside_Resident","Origin_Zone_Worker","ZoneGlobale","All_modes","106"
"2020-03-22","Lubumbashi","Likasi","3h","Destination_Zone_Resident","Destination_Zone_Worker","ZoneGlobale","All_modes","283"
"2020-03-22","Lubumbashi","Likasi","3h","Study_Zone_Resident","Destination_Zone_Worker","ZoneGlobale","All_modes","70"
"2020-03-22","Lubumbashi","Likasi","3h","Study_Zone_Resident","Study_Zone_Worker","ZoneGlobale","All_modes","70"
"2020-03-22","Lubumbashi","Likasi","3h","Study_Zone_Resident","Origin_Zone_Worker","ZoneGlobale","All_modes","35"
"2020-03-22","Lubumbashi","Likasi","3h","Origin_Zone_Resident","Study_Zone_Worker","ZoneGlobale","All_modes","35"
"2020-03-22","Lubumbashi","Likasi","3h","Origin_Zone_Resident","Origin_Zone_Worker","ZoneGlobale","All_modes","496"
"2020-03-22","Lubumbashi","Lualaba","1h","Outside_Resident","Outside_Worker","ZoneGlobale","All_modes","35"
"2020-03-22","Lubumbashi","Lualaba","1h","Destination_Zone_Resident","Destination_Zone_Worker","ZoneGlobale","All_modes","106"
"2020-03-22","Lubumbashi","Lualaba","3h","Outside_Resident","Outside_Worker","ZoneGlobale","All_modes","106"
"2020-03-22","Lubumbashi","Lualaba","3h","Outside_Resident","Destination_Zone_Worker","ZoneGlobale","All_modes","70"
"2020-03-22","Lubumbashi","Lualaba","3h","Destination_Zone_Resident","Outside_Worker","ZoneGlobale","All_modes","35"
"2020-03-22","Lubumbashi","Lualaba","3h","Destination_Zone_Resident","Destination_Zone_Worker","ZoneGlobale","All_modes","532"
"2020-03-22","Lubumbashi","Lualaba","3h","Destination_Zone_Resident","Origin_Zone_Worker","ZoneGlobale","All_modes","35"
"2020-03-22","Lubumbashi","Lualaba","3h","Study_Zone_Resident","Destination_Zone_Worker","ZoneGlobale","All_modes","35"
"2020-03-22","Lubumbashi","Lualaba","3h","Study_Zone_Resident","Study_Zone_Worker","ZoneGlobale","All_modes","106"
"2020-03-22","Lubumbashi","Lualaba","3h","Origin_Zone_Resident","Origin_Zone_Worker","ZoneGlobale","All_modes","226"
"2020-03-22","Lubumbashi","Lubudi","3h","Origin_Zone_Resident","Origin_Zone_Worker","ZoneGlobale","All_modes","70"
"2020-03-22","Lubumbashi","Manika","1h","Outside_Resident","Study_Zone_Worker","ZoneGlobale","All_modes","35"
"2020-03-22","Lubumbashi","Manika","1h","Outside_Resident","Origin_Zone_Worker","ZoneGlobale","All_modes","35"
"2020-03-22","Lubumbashi","Manika","1h","Destination_Zone_Resident","Origin_Zone_Worker","ZoneGlobale","All_modes","35"
"2020-03-22","Lubumbashi","Manika","1h","Origin_Zone_Resident","Origin_Zone_Worker","ZoneGlobale","All_modes","35"
"2020-03-22","Lubumbashi","Manika","3h","Outside_Resident","Outside_Worker","ZoneGlobale","All_modes","35"
"2020-03-22","Lubumbashi","Manika","3h","Outside_Resident","Study_Zone_Worker","ZoneGlobale","All_modes","70"
"2020-03-22","Lubumbashi","Manika","3h","Outside_Resident","Origin_Zone_Worker","ZoneGlobale","All_modes","70"
"2020-03-22","Lubumbashi","Manika","3h","Destination_Zone_Resident","Destination_Zone_Worker","ZoneGlobale","All_modes","141"
"2020-03-22","Lubumbashi","Manika","3h","Destination_Zone_Resident","Study_Zone_Worker","ZoneGlobale","All_modes","35"
"2020-03-22","Lubumbashi","Manika","3h","Destination_Zone_Resident","Origin_Zone_Worker","ZoneGlobale","All_modes","70"
"2020-03-22","Lubumbashi","Manika","3h","Study_Zone_Resident","Study_Zone_Worker","ZoneGlobale","All_modes","141"
"2020-03-22","Lubumbashi","Manika","3h","Study_Zone_Resident","Origin_Zone_Worker","ZoneGlobale","All_modes","35"
"2020-03-22","Lubumbashi","Manika","3h","Origin_Zone_Resident","Study_Zone_Worker","ZoneGlobale","All_modes","35"
"2020-03-22","Lubumbashi","Manika","3h","Origin_Zone_Resident","Origin_Zone_Worker","ZoneGlobale","All_modes","141"
"2020-03-22","Lubumbashi","Nsele","1h","Origin_Zone_Resident","Origin_Zone_Worker","ZoneGlobale","All_modes","27"
"2020-03-22","Lubumbashi","Nsele","3h","Origin_Zone_Resident","Origin_Zone_Worker","ZoneGlobale","All_modes","40"
"2020-03-22","Lubumbashi","Rwashi","1h","Outside_Resident","Outside_Worker","ZoneGlobale","All_modes","532"
"2020-03-22","Lubumbashi","Rwashi","1h","Outside_Resident","Destination_Zone_Worker","ZoneGlobale","All_modes","141"
"2020-03-22","Lubumbashi","Rwashi","1h","Outside_Resident","Study_Zone_Worker","ZoneGlobale","All_modes","106"
"2020-03-22","Lubumbashi","Rwashi","1h","Outside_Resident","Origin_Zone_Worker","ZoneGlobale","All_modes","319"
"2020-03-22","Lubumbashi","Rwashi","1h","Destination_Zone_Resident","Outside_Worker","ZoneGlobale","All_modes","70"
"2020-03-22","Lubumbashi","Rwashi","1h","Destination_Zone_Resident","Destination_Zone_Worker","ZoneGlobale","All_modes","899"
"2020-03-22","Lubumbashi","Rwashi","1h","Destination_Zone_Resident","Study_Zone_Worker","ZoneGlobale","All_modes","70"
"2020-03-22","Lubumbashi","Rwashi","1h","Destination_Zone_Resident","Origin_Zone_Worker","ZoneGlobale","All_modes","1277"
"2020-03-22","Lubumbashi","Rwashi","1h","Study_Zone_Resident","Outside_Worker","ZoneGlobale","All_modes","35"
"2020-03-22","Lubumbashi","Rwashi","1h","Study_Zone_Resident","Destination_Zone_Worker","ZoneGlobale","All_modes","35"
"2020-03-22","Lubumbashi","Rwashi","1h","Study_Zone_Resident","Study_Zone_Worker","ZoneGlobale","All_modes","283"
"2020-03-22","Lubumbashi","Rwashi","1h","Study_Zone_Resident","Origin_Zone_Worker","ZoneGlobale","All_modes","177"
"2020-03-22","Lubumbashi","Rwashi","1h","Origin_Zone_Resident","Destination_Zone_Worker","ZoneGlobale","All_modes","35"
"2020-03-22","Lubumbashi","Rwashi","1h","Origin_Zone_Resident","Study_Zone_Worker","ZoneGlobale","All_modes","212"
"2020-03-22","Lubumbashi","Rwashi","1h","Origin_Zone_Resident","Origin_Zone_Worker","ZoneGlobale","All_modes","2980"
"2020-03-22","Lubumbashi","Rwashi","3h","Outside_Resident","Outside_Worker","ZoneGlobale","All_modes","900"
"2020-03-22","Lubumbashi","Rwashi","3h","Outside_Resident","Destination_Zone_Worker","ZoneGlobale","All_modes","212"
"2020-03-22","Lubumbashi","Rwashi","3h","Outside_Resident","Study_Zone_Worker","ZoneGlobale","All_modes","319"
"2020-03-22","Lubumbashi","Rwashi","3h","Outside_Resident","Origin_Zone_Worker","ZoneGlobale","All_modes","957"
"2020-03-22","Lubumbashi","Rwashi","3h","Destination_Zone_Resident","Outside_Worker","ZoneGlobale","All_modes","35"
"2020-03-22","Lubumbashi","Rwashi","3h","Destination_Zone_Resident","Destination_Zone_Worker","ZoneGlobale","All_modes","1537"
"2020-03-22","Lubumbashi","Rwashi","3h","Destination_Zone_Resident","Study_Zone_Worker","ZoneGlobale","All_modes","177"
"2020-03-22","Lubumbashi","Rwashi","3h","Destination_Zone_Resident","Origin_Zone_Worker","ZoneGlobale","All_modes","2624"
"2020-03-22","Lubumbashi","Rwashi","3h","Study_Zone_Resident","Destination_Zone_Worker","ZoneGlobale","All_modes","106"
"2020-03-22","Lubumbashi","Rwashi","3h","Study_Zone_Resident","Study_Zone_Worker","ZoneGlobale","All_modes","922"
"2020-03-22","Lubumbashi","Rwashi","3h","Study_Zone_Resident","Origin_Zone_Worker","ZoneGlobale","All_modes","532"
"2020-03-22","Lubumbashi","Rwashi","3h","Origin_Zone_Resident","Destination_Zone_Worker","ZoneGlobale","All_modes","177"
"2020-03-22","Lubumbashi","Rwashi","3h","Origin_Zone_Resident","Study_Zone_Worker","ZoneGlobale","All_modes","177"
"2020-03-22","Lubumbashi","Rwashi","3h","Origin_Zone_Resident","Origin_Zone_Worker","ZoneGlobale","All_modes","6490"
"2020-03-22","Lubumbashi","Sakania","1h","Outside_Resident","Outside_Worker","ZoneGlobale","All_modes","35"
"2020-03-22","Lubumbashi","Sakania","1h","Outside_Resident","Origin_Zone_Worker","ZoneGlobale","All_modes","141"
"2020-03-22","Lubumbashi","Sakania","1h","Destination_Zone_Resident","Destination_Zone_Worker","ZoneGlobale","All_modes","319"
"2020-03-22","Lubumbashi","Sakania","1h","Destination_Zone_Resident","Origin_Zone_Worker","ZoneGlobale","All_modes","70"
"2020-03-22","Lubumbashi","Sakania","1h","Origin_Zone_Resident","Origin_Zone_Worker","ZoneGlobale","All_modes","248"
"2020-03-22","Lubumbashi","Sakania","3h","Outside_Resident","Outside_Worker","ZoneGlobale","All_modes","35"
"2020-03-22","Lubumbashi","Sakania","3h","Outside_Resident","Destination_Zone_Worker","ZoneGlobale","All_modes","248"
"2020-03-22","Lubumbashi","Sakania","3h","Outside_Resident","Study_Zone_Worker","ZoneGlobale","All_modes","35"
"2020-03-22","Lubumbashi","Sakania","3h","Outside_Resident","Origin_Zone_Worker","ZoneGlobale","All_modes","248"
"2020-03-22","Lubumbashi","Sakania","3h","Destination_Zone_Resident","Destination_Zone_Worker","ZoneGlobale","All_modes","957"
"2020-03-22","Lubumbashi","Sakania","3h","Destination_Zone_Resident","Origin_Zone_Worker","ZoneGlobale","All_modes","319"
"2020-03-22","Lubumbashi","Sakania","3h","Study_Zone_Resident","Destination_Zone_Worker","ZoneGlobale","All_modes","70"
"2020-03-22","Lubumbashi","Sakania","3h","Study_Zone_Resident","Study_Zone_Worker","ZoneGlobale","All_modes","177"
"2020-03-22","Lubumbashi","Sakania","3h","Study_Zone_Resident","Origin_Zone_Worker","ZoneGlobale","All_modes","35"
"2020-03-22","Lubumbashi","Sakania","3h","Origin_Zone_Resident","Origin_Zone_Worker","ZoneGlobale","All_modes","1028"
"2020-03-22","Lubumbashi","Tshamilemba","1h","Outside_Resident","Outside_Worker","ZoneGlobale","All_modes","829"
"2020-03-22","Lubumbashi","Tshamilemba","1h","Outside_Resident","Destination_Zone_Worker","ZoneGlobale","All_modes","461"
"2020-03-22","Lubumbashi","Tshamilemba","1h","Outside_Resident","Study_Zone_Worker","ZoneGlobale","All_modes","70"
"2020-03-22","Lubumbashi","Tshamilemba","1h","Outside_Resident","Origin_Zone_Worker","ZoneGlobale","All_modes","603"
"2020-03-22","Lubumbashi","Tshamilemba","1h","Destination_Zone_Resident","Destination_Zone_Worker","ZoneGlobale","All_modes","2306"
"2020-03-22","Lubumbashi","Tshamilemba","1h","Destination_Zone_Resident","Study_Zone_Worker","ZoneGlobale","All_modes","212"
"2020-03-22","Lubumbashi","Tshamilemba","1h","Destination_Zone_Resident","Origin_Zone_Worker","ZoneGlobale","All_modes","2554"
"2020-03-22","Lubumbashi","Tshamilemba","1h","Study_Zone_Resident","Study_Zone_Worker","ZoneGlobale","All_modes","425"
"2020-03-22","Lubumbashi","Tshamilemba","1h","Study_Zone_Resident","Origin_Zone_Worker","ZoneGlobale","All_modes","177"
"2020-03-22","Lubumbashi","Tshamilemba","1h","Origin_Zone_Resident","Outside_Worker","ZoneGlobale","All_modes","35"
"2020-03-22","Lubumbashi","Tshamilemba","1h","Origin_Zone_Resident","Destination_Zone_Worker","ZoneGlobale","All_modes","248"
"2020-03-22","Lubumbashi","Tshamilemba","1h","Origin_Zone_Resident","Study_Zone_Worker","ZoneGlobale","All_modes","35"
"2020-03-22","Lubumbashi","Tshamilemba","1h","Origin_Zone_Resident","Origin_Zone_Worker","ZoneGlobale","All_modes","3264"
"2020-03-22","Lubumbashi","Tshamilemba","3h","Outside_Resident","Outside_Worker","ZoneGlobale","All_modes","1858"
"2020-03-22","Lubumbashi","Tshamilemba","3h","Outside_Resident","Destination_Zone_Worker","ZoneGlobale","All_modes","1680"
"2020-03-22","Lubumbashi","Tshamilemba","3h","Outside_Resident","Study_Zone_Worker","ZoneGlobale","All_modes","354"
"2020-03-22","Lubumbashi","Tshamilemba","3h","Outside_Resident","Origin_Zone_Worker","ZoneGlobale","All_modes","4792"
"2020-03-22","Lubumbashi","Tshamilemba","3h","Destination_Zone_Resident","Outside_Worker","ZoneGlobale","All_modes","35"
"2020-03-22","Lubumbashi","Tshamilemba","3h","Destination_Zone_Resident","Destination_Zone_Worker","ZoneGlobale","All_modes","5568"
"2020-03-22","Lubumbashi","Tshamilemba","3h","Destination_Zone_Resident","Study_Zone_Worker","ZoneGlobale","All_modes","283"
"2020-03-22","Lubumbashi","Tshamilemba","3h","Destination_Zone_Resident","Origin_Zone_Worker","ZoneGlobale","All_modes","7492"
"2020-03-22","Lubumbashi","Tshamilemba","3h","Study_Zone_Resident","Destination_Zone_Worker","ZoneGlobale","All_modes","177"
"2020-03-22","Lubumbashi","Tshamilemba","3h","Study_Zone_Resident","Study_Zone_Worker","ZoneGlobale","All_modes","709"
"2020-03-22","Lubumbashi","Tshamilemba","3h","Study_Zone_Resident","Origin_Zone_Worker","ZoneGlobale","All_modes","319"
"2020-03-22","Lubumbashi","Tshamilemba","3h","Origin_Zone_Resident","Outside_Worker","ZoneGlobale","All_modes","70"
"2020-03-22","Lubumbashi","Tshamilemba","3h","Origin_Zone_Resident","Destination_Zone_Worker","ZoneGlobale","All_modes","686"
"2020-03-22","Lubumbashi","Tshamilemba","3h","Origin_Zone_Resident","Study_Zone_Worker","ZoneGlobale","All_modes","141"
"2020-03-22","Lubumbashi","Tshamilemba","3h","Origin_Zone_Resident","Origin_Zone_Worker","ZoneGlobale","All_modes","9860"
"2020-03-22","Lubunga","Bengamisa","1h","Outside_Resident","Study_Zone_Worker","ZoneGlobale","All_modes","118"
"2020-03-22","Lubunga","Bengamisa","1h","Destination_Zone_Resident","Study_Zone_Worker","ZoneGlobale","All_modes","236"
"2020-03-22","Lubunga","Bengamisa","1h","Study_Zone_Resident","Outside_Worker","ZoneGlobale","All_modes","120"
"2020-03-22","Lubunga","Bengamisa","1h","Study_Zone_Resident","Study_Zone_Worker","ZoneGlobale","All_modes","473"
"2020-03-22","Lubunga","Bengamisa","1h","Study_Zone_Resident","Origin_Zone_Worker","ZoneGlobale","All_modes","237"
"2020-03-22","Lubunga","Bengamisa","1h","Origin_Zone_Resident","Origin_Zone_Worker","ZoneGlobale","All_modes","118"
"2020-03-22","Lubunga","Bengamisa","3h","Outside_Resident","Outside_Worker","ZoneGlobale","All_modes","354"
"2020-03-22","Lubunga","Bengamisa","3h","Outside_Resident","Study_Zone_Worker","ZoneGlobale","All_modes","473"
"2020-03-22","Lubunga","Bengamisa","3h","Outside_Resident","Origin_Zone_Worker","ZoneGlobale","All_modes","118"
"2020-03-22","Lubunga","Bengamisa","3h","Destination_Zone_Resident","Study_Zone_Worker","ZoneGlobale","All_modes","118"
"2020-03-22","Lubunga","Bengamisa","3h","Study_Zone_Resident","Study_Zone_Worker","ZoneGlobale","All_modes","2247"
"2020-03-22","Lubunga","Bengamisa","3h","Study_Zone_Resident","Origin_Zone_Worker","ZoneGlobale","All_modes","591"
"2020-03-22","Lubunga","Bengamisa","3h","Origin_Zone_Resident","Study_Zone_Worker","ZoneGlobale","All_modes","118"
"2020-03-22","Lubunga","Bengamisa","3h","Origin_Zone_Resident","Origin_Zone_Worker","ZoneGlobale","All_modes","591"
"2020-03-22","Lubunga","Kabeya Kamuanga","3h","Outside_Resident","Outside_Worker","ZoneGlobale","All_modes","49"
"2020-03-22","Lubunga","Kabeya Kamuanga","3h","Destination_Zone_Resident","Outside_Worker","ZoneGlobale","All_modes","315"
"2020-03-22","Lubunga","Kabondo","1h","Outside_Resident","Outside_Worker","ZoneGlobale","All_modes","118"
"2020-03-22","Lubunga","Kabondo","1h","Destination_Zone_Resident","Destination_Zone_Worker","ZoneGlobale","All_modes","118"
"2020-03-22","Lubunga","Kabondo","1h","Destination_Zone_Resident","Study_Zone_Worker","ZoneGlobale","All_modes","118"
"2020-03-22","Lubunga","Kabondo","1h","Destination_Zone_Resident","Origin_Zone_Worker","ZoneGlobale","All_modes","118"
"2020-03-22","Lubunga","Kabondo","1h","Study_Zone_Resident","Study_Zone_Worker","ZoneGlobale","All_modes","118"
"2020-03-22","Lubunga","Kabondo","1h","Study_Zone_Resident","Origin_Zone_Worker","ZoneGlobale","All_modes","118"
"2020-03-22","Lubunga","Kabondo","3h","Outside_Resident","Outside_Worker","ZoneGlobale","All_modes","118"
"2020-03-22","Lubunga","Kabondo","3h","Outside_Resident","Study_Zone_Worker","ZoneGlobale","All_modes","236"
"2020-03-22","Lubunga","Kabondo","3h","Outside_Resident","Origin_Zone_Worker","ZoneGlobale","All_modes","354"
"2020-03-22","Lubunga","Kabondo","3h","Destination_Zone_Resident","Destination_Zone_Worker","ZoneGlobale","All_modes","118"
"2020-03-22","Lubunga","Kabondo","3h","Destination_Zone_Resident","Origin_Zone_Worker","ZoneGlobale","All_modes","236"
"2020-03-22","Lubunga","Kabondo","3h","Study_Zone_Resident","Study_Zone_Worker","ZoneGlobale","All_modes","946"
"2020-03-22","Lubunga","Kabondo","3h","Study_Zone_Resident","Origin_Zone_Worker","ZoneGlobale","All_modes","354"
"2020-03-22","Lubunga","Kabondo","3h","Origin_Zone_Resident","Study_Zone_Worker","ZoneGlobale","All_modes","118"
"2020-03-22","Lubunga","Kabondo","3h","Origin_Zone_Resident","Origin_Zone_Worker","ZoneGlobale","All_modes","709"
"2020-03-22","Lubunga","Kalemie","3h","Study_Zone_Resident","Study_Zone_Worker","ZoneGlobale","All_modes","35"
"2020-03-22","Lubunga","Makiso-Kisangani","1h","Outside_Resident","Outside_Worker","ZoneGlobale","All_modes","9220"
"2020-03-22","Lubunga","Makiso-Kisangani","1h","Outside_Resident","Destination_Zone_Worker","ZoneGlobale","All_modes","4844"
"2020-03-22","Lubunga","Makiso-Kisangani","1h","Outside_Resident","Study_Zone_Worker","ZoneGlobale","All_modes","237"
"2020-03-22","Lubunga","Makiso-Kisangani","1h","Outside_Resident","Origin_Zone_Worker","ZoneGlobale","All_modes","1187"
"2020-03-22","Lubunga","Makiso-Kisangani","1h","Destination_Zone_Resident","Outside_Worker","ZoneGlobale","All_modes","725"
"2020-03-22","Lubunga","Makiso-Kisangani","1h","Destination_Zone_Resident","Destination_Zone_Worker","ZoneGlobale","All_modes","93076"
"2020-03-22","Lubunga","Makiso-Kisangani","1h","Destination_Zone_Resident","Study_Zone_Worker","ZoneGlobale","All_modes","237"
"2020-03-22","Lubunga","Makiso-Kisangani","1h","Destination_Zone_Resident","Origin_Zone_Worker","ZoneGlobale","All_modes","9255"
"2020-03-22","Lubunga","Makiso-Kisangani","1h","Study_Zone_Resident","Destination_Zone_Worker","ZoneGlobale","All_modes","355"
"2020-03-22","Lubunga","Makiso-Kisangani","1h","Study_Zone_Resident","Study_Zone_Worker","ZoneGlobale","All_modes","239"
"2020-03-22","Lubunga","Makiso-Kisangani","1h","Study_Zone_Resident","Origin_Zone_Worker","ZoneGlobale","All_modes","118"
"2020-03-22","Lubunga","Makiso-Kisangani","1h","Origin_Zone_Resident","Outside_Worker","ZoneGlobale","All_modes","237"
"2020-03-22","Lubunga","Makiso-Kisangani","1h","Origin_Zone_Resident","Destination_Zone_Worker","ZoneGlobale","All_modes","12225"
"2020-03-22","Lubunga","Makiso-Kisangani","1h","Origin_Zone_Resident","Study_Zone_Worker","ZoneGlobale","All_modes","120"
"2020-03-22","Lubunga","Makiso-Kisangani","1h","Origin_Zone_Resident","Origin_Zone_Worker","ZoneGlobale","All_modes","11627"
"2020-03-22","Lubunga","Makiso-Kisangani","3h","Outside_Resident","Outside_Worker","ZoneGlobale","All_modes","12703"
"2020-03-22","Lubunga","Makiso-Kisangani","3h","Outside_Resident","Destination_Zone_Worker","ZoneGlobale","All_modes","15264"
"2020-03-22","Lubunga","Makiso-Kisangani","3h","Outside_Resident","Study_Zone_Worker","ZoneGlobale","All_modes","236"
"2020-03-22","Lubunga","Makiso-Kisangani","3h","Outside_Resident","Origin_Zone_Worker","ZoneGlobale","All_modes","7808"
"2020-03-22","Lubunga","Makiso-Kisangani","3h","Destination_Zone_Resident","Outside_Worker","ZoneGlobale","All_modes","2379"
"2020-03-22","Lubunga","Makiso-Kisangani","3h","Destination_Zone_Resident","Destination_Zone_Worker","ZoneGlobale","All_modes","116483"
"2020-03-22","Lubunga","Makiso-Kisangani","3h","Destination_Zone_Resident","Study_Zone_Worker","ZoneGlobale","All_modes","354"
"2020-03-22","Lubunga","Makiso-Kisangani","3h","Destination_Zone_Resident","Origin_Zone_Worker","ZoneGlobale","All_modes","19189"
"2020-03-22","Lubunga","Makiso-Kisangani","3h","Study_Zone_Resident","Outside_Worker","ZoneGlobale","All_modes","118"
"2020-03-22","Lubunga","Makiso-Kisangani","3h","Study_Zone_Resident","Destination_Zone_Worker","ZoneGlobale","All_modes","828"
"2020-03-22","Lubunga","Makiso-Kisangani","3h","Study_Zone_Resident","Study_Zone_Worker","ZoneGlobale","All_modes","1089"
"2020-03-22","Lubunga","Makiso-Kisangani","3h","Study_Zone_Resident","Origin_Zone_Worker","ZoneGlobale","All_modes","236"
"2020-03-22","Lubunga","Makiso-Kisangani","3h","Origin_Zone_Resident","Outside_Worker","ZoneGlobale","All_modes","1537"
"2020-03-22","Lubunga","Makiso-Kisangani","3h","Origin_Zone_Resident","Destination_Zone_Worker","ZoneGlobale","All_modes","24868"
"2020-03-22","Lubunga","Makiso-Kisangani","3h","Origin_Zone_Resident","Origin_Zone_Worker","ZoneGlobale","All_modes","29457"
"2020-03-22","Lubunga","Mukumbi","3h","Destination_Zone_Resident","Study_Zone_Worker","ZoneGlobale","All_modes","49"
"2020-03-22","Lubunga","Nyemba","3h","Outside_Resident","Outside_Worker","ZoneGlobale","All_modes","35"
"2020-03-22","Lubunga","Ubundu","1h","Outside_Resident","Outside_Worker","ZoneGlobale","All_modes","118"
"2020-03-22","Lubunga","Ubundu","1h","Outside_Resident","Origin_Zone_Worker","ZoneGlobale","All_modes","118"
"2020-03-22","Lubunga","Ubundu","1h","Destination_Zone_Resident","Destination_Zone_Worker","ZoneGlobale","All_modes","118"
"2020-03-22","Lubunga","Ubundu","1h","Destination_Zone_Resident","Study_Zone_Worker","ZoneGlobale","All_modes","118"
"2020-03-22","Lubunga","Ubundu","1h","Study_Zone_Resident","Study_Zone_Worker","ZoneGlobale","All_modes","473"
"2020-03-22","Lubunga","Ubundu","1h","Origin_Zone_Resident","Study_Zone_Worker","ZoneGlobale","All_modes","236"
"2020-03-22","Lubunga","Ubundu","1h","Origin_Zone_Resident","Origin_Zone_Worker","ZoneGlobale","All_modes","592"
"2020-03-22","Lubunga","Ubundu","3h","Outside_Resident","Outside_Worker","ZoneGlobale","All_modes","354"
"2020-03-22","Lubunga","Ubundu","3h","Outside_Resident","Study_Zone_Worker","ZoneGlobale","All_modes","236"
"2020-03-22","Lubunga","Ubundu","3h","Outside_Resident","Origin_Zone_Worker","ZoneGlobale","All_modes","118"
"2020-03-22","Lubunga","Ubundu","3h","Destination_Zone_Resident","Study_Zone_Worker","ZoneGlobale","All_modes","354"
"2020-03-22","Lubunga","Ubundu","3h","Destination_Zone_Resident","Origin_Zone_Worker","ZoneGlobale","All_modes","236"
"2020-03-22","Lubunga","Ubundu","3h","Study_Zone_Resident","Study_Zone_Worker","ZoneGlobale","All_modes","1064"
"2020-03-22","Lubunga","Ubundu","3h","Study_Zone_Resident","Origin_Zone_Worker","ZoneGlobale","All_modes","354"
"2020-03-22","Lubunga","Ubundu","3h","Origin_Zone_Resident","Outside_Worker","ZoneGlobale","All_modes","118"
"2020-03-22","Lubunga","Ubundu","3h","Origin_Zone_Resident","Study_Zone_Worker","ZoneGlobale","All_modes","828"
"2020-03-22","Lubunga","Ubundu","3h","Origin_Zone_Resident","Origin_Zone_Worker","ZoneGlobale","All_modes","2602"
"2020-03-22","Lubunga","Wanierukula","1h","Destination_Zone_Resident","Destination_Zone_Worker","ZoneGlobale","All_modes","118"
"2020-03-22","Lubunga","Wanierukula","1h","Destination_Zone_Resident","Study_Zone_Worker","ZoneGlobale","All_modes","118"
"2020-03-22","Lubunga","Wanierukula","1h","Study_Zone_Resident","Outside_Worker","ZoneGlobale","All_modes","118"
"2020-03-22","Lubunga","Wanierukula","1h","Study_Zone_Resident","Study_Zone_Worker","ZoneGlobale","All_modes","830"
"2020-03-22","Lubunga","Wanierukula","1h","Study_Zone_Resident","Origin_Zone_Worker","ZoneGlobale","All_modes","118"
"2020-03-22","Lubunga","Wanierukula","3h","Outside_Resident","Outside_Worker","ZoneGlobale","All_modes","354"
"2020-03-22","Lubunga","Wanierukula","3h","Outside_Resident","Destination_Zone_Worker","ZoneGlobale","All_modes","236"
"2020-03-22","Lubunga","Wanierukula","3h","Outside_Resident","Study_Zone_Worker","ZoneGlobale","All_modes","236"
"2020-03-22","Lubunga","Wanierukula","3h","Destination_Zone_Resident","Destination_Zone_Worker","ZoneGlobale","All_modes","591"
"2020-03-22","Lubunga","Wanierukula","3h","Destination_Zone_Resident","Study_Zone_Worker","ZoneGlobale","All_modes","236"
"2020-03-22","Lubunga","Wanierukula","3h","Destination_Zone_Resident","Origin_Zone_Worker","ZoneGlobale","All_modes","118"
"2020-03-22","Lubunga","Wanierukula","3h","Study_Zone_Resident","Destination_Zone_Worker","ZoneGlobale","All_modes","236"
"2020-03-22","Lubunga","Wanierukula","3h","Study_Zone_Resident","Study_Zone_Worker","ZoneGlobale","All_modes","2247"
"2020-03-22","Lubunga","Wanierukula","3h","Origin_Zone_Resident","Outside_Worker","ZoneGlobale","All_modes","118"
"2020-03-22","Lubunga","Wanierukula","3h","Origin_Zone_Resident","Destination_Zone_Worker","ZoneGlobale","All_modes","118"
"2020-03-22","Lubunga","Wanierukula","3h","Origin_Zone_Resident","Study_Zone_Worker","ZoneGlobale","All_modes","118"
"2020-03-22","Lubunga","Wanierukula","3h","Origin_Zone_Resident","Origin_Zone_Worker","ZoneGlobale","All_modes","236"
"2020-03-22","Lubunga","Yakusu","1h","Destination_Zone_Resident","Destination_Zone_Worker","ZoneGlobale","All_modes","237"
"2020-03-22","Lubunga","Yakusu","1h","Study_Zone_Resident","Study_Zone_Worker","ZoneGlobale","All_modes","118"
"2020-03-22","Lubunga","Yakusu","1h","Study_Zone_Resident","Origin_Zone_Worker","ZoneGlobale","All_modes","118"
"2020-03-22","Lubunga","Yakusu","3h","Outside_Resident","Outside_Worker","ZoneGlobale","All_modes","473"
"2020-03-22","Lubunga","Yakusu","3h","Destination_Zone_Resident","Destination_Zone_Worker","ZoneGlobale","All_modes","473"
"2020-03-22","Lubunga","Yakusu","3h","Study_Zone_Resident","Study_Zone_Worker","ZoneGlobale","All_modes","354"
"2020-03-22","Lubunga","Yakusu","3h","Study_Zone_Resident","Origin_Zone_Worker","ZoneGlobale","All_modes","118"
"2020-03-22","Lubunga","Yakusu","3h","Origin_Zone_Resident","Study_Zone_Worker","ZoneGlobale","All_modes","118"
"2020-03-22","Lubunga","Yakusu","3h","Origin_Zone_Resident","Origin_Zone_Worker","ZoneGlobale","All_modes","946"
"2020-03-22","Lubunga","Yaleko","1h","Study_Zone_Resident","Study_Zone_Worker","ZoneGlobale","All_modes","118"
"2020-03-22","Lubutu","Makiso-Kisangani","3h","Study_Zone_Resident","Study_Zone_Worker","ZoneGlobale","All_modes","118"
"2020-03-22","Lubutu","Punia","3h","Outside_Resident","Outside_Worker","ZoneGlobale","All_modes","118"
"2020-03-22","Lubutu","Punia","3h","Destination_Zone_Resident","Destination_Zone_Worker","ZoneGlobale","All_modes","118"
"2020-03-22","Ludimbi Lukula","Diulu","1h","Origin_Zone_Resident","Origin_Zone_Worker","ZoneGlobale","All_modes","49"
"2020-03-22","Ludimbi Lukula","Diulu","3h","Origin_Zone_Resident","Origin_Zone_Worker","ZoneGlobale","All_modes","49"
"2020-03-22","Ludimbi Lukula","Kabinda","1h","Outside_Resident","Outside_Worker","ZoneGlobale","All_modes","245"
"2020-03-22","Ludimbi Lukula","Kabinda","1h","Outside_Resident","Destination_Zone_Worker","ZoneGlobale","All_modes","49"
"2020-03-22","Ludimbi Lukula","Kabinda","1h","Outside_Resident","Origin_Zone_Worker","ZoneGlobale","All_modes","147"
"2020-03-22","Ludimbi Lukula","Kabinda","1h","Destination_Zone_Resident","Outside_Worker","ZoneGlobale","All_modes","196"
"2020-03-22","Ludimbi Lukula","Kabinda","1h","Destination_Zone_Resident","Destination_Zone_Worker","ZoneGlobale","All_modes","392"
"2020-03-22","Ludimbi Lukula","Kabinda","1h","Destination_Zone_Resident","Origin_Zone_Worker","ZoneGlobale","All_modes","49"
"2020-03-22","Ludimbi Lukula","Kabinda","1h","Study_Zone_Resident","Study_Zone_Worker","ZoneGlobale","All_modes","98"
"2020-03-22","Ludimbi Lukula","Kabinda","1h","Origin_Zone_Resident","Outside_Worker","ZoneGlobale","All_modes","49"
"2020-03-22","Ludimbi Lukula","Kabinda","1h","Origin_Zone_Resident","Destination_Zone_Worker","ZoneGlobale","All_modes","98"
"2020-03-22","Ludimbi Lukula","Kabinda","1h","Origin_Zone_Resident","Origin_Zone_Worker","ZoneGlobale","All_modes","589"
"2020-03-22","Ludimbi Lukula","Kabinda","3h","Outside_Resident","Outside_Worker","ZoneGlobale","All_modes","694"
"2020-03-22","Ludimbi Lukula","Kabinda","3h","Outside_Resident","Destination_Zone_Worker","ZoneGlobale","All_modes","392"
"2020-03-22","Ludimbi Lukula","Kabinda","3h","Outside_Resident","Origin_Zone_Worker","ZoneGlobale","All_modes","392"
"2020-03-22","Ludimbi Lukula","Kabinda","3h","Destination_Zone_Resident","Outside_Worker","ZoneGlobale","All_modes","147"
"2020-03-22","Ludimbi Lukula","Kabinda","3h","Destination_Zone_Resident","Destination_Zone_Worker","ZoneGlobale","All_modes","1275"
"2020-03-22","Ludimbi Lukula","Kabinda","3h","Destination_Zone_Resident","Origin_Zone_Worker","ZoneGlobale","All_modes","686"
"2020-03-22","Ludimbi Lukula","Kabinda","3h","Study_Zone_Resident","Study_Zone_Worker","ZoneGlobale","All_modes","49"
"2020-03-22","Ludimbi Lukula","Kabinda","3h","Study_Zone_Resident","Origin_Zone_Worker","ZoneGlobale","All_modes","49"
"2020-03-22","Ludimbi Lukula","Kabinda","3h","Origin_Zone_Resident","Outside_Worker","ZoneGlobale","All_modes","98"
"2020-03-22","Ludimbi Lukula","Kabinda","3h","Origin_Zone_Resident","Destination_Zone_Worker","ZoneGlobale","All_modes","343"
"2020-03-22","Ludimbi Lukula","Kabinda","3h","Origin_Zone_Resident","Origin_Zone_Worker","ZoneGlobale","All_modes","1765"
"2020-03-22","Luebo","Mikalayi","3h","Destination_Zone_Resident","Destination_Zone_Worker","ZoneGlobale","All_modes","315"
"2020-03-22","Luiza","Masuika","1h","Study_Zone_Resident","Origin_Zone_Worker","ZoneGlobale","All_modes","315"
"2020-03-22","Luiza","Masuika","3h","Study_Zone_Resident","Origin_Zone_Worker","ZoneGlobale","All_modes","315"
"2020-03-22","Lukula","Boma","1h","Destination_Zone_Resident","Destination_Zone_Worker","ZoneGlobale","All_modes","40"
"2020-03-22","Lukula","Boma","3h","Outside_Resident","Outside_Worker","ZoneGlobale","All_modes","40"
"2020-03-22","Lukula","Boma","3h","Destination_Zone_Resident","Destination_Zone_Worker","ZoneGlobale","All_modes","54"
"2020-03-22","Lukula","Boma","3h","Origin_Zone_Resident","Origin_Zone_Worker","ZoneGlobale","All_modes","27"
"2020-03-22","Lukula","Boma Bungu","1h","Outside_Resident","Outside_Worker","ZoneGlobale","All_modes","122"
"2020-03-22","Lukula","Boma Bungu","1h","Origin_Zone_Resident","Origin_Zone_Worker","ZoneGlobale","All_modes","27"
"2020-03-22","Lukula","Boma Bungu","3h","Outside_Resident","Outside_Worker","ZoneGlobale","All_modes","163"
"2020-03-22","Lukula","Boma Bungu","3h","Outside_Resident","Study_Zone_Worker","ZoneGlobale","All_modes","27"
"2020-03-22","Lukula","Boma Bungu","3h","Outside_Resident","Origin_Zone_Worker","ZoneGlobale","All_modes","27"
"2020-03-22","Lukula","Boma Bungu","3h","Destination_Zone_Resident","Outside_Worker","ZoneGlobale","All_modes","40"
"2020-03-22","Lukula","Boma Bungu","3h","Destination_Zone_Resident","Destination_Zone_Worker","ZoneGlobale","All_modes","68"
"2020-03-22","Lukula","Boma Bungu","3h","Study_Zone_Resident","Study_Zone_Worker","ZoneGlobale","All_modes","27"
"2020-03-22","Lukula","Boma Bungu","3h","Origin_Zone_Resident","Origin_Zone_Worker","ZoneGlobale","All_modes","40"
"2020-03-22","Lukula","Kangu","1h","Destination_Zone_Resident","Destination_Zone_Worker","ZoneGlobale","All_modes","95"
"2020-03-22","Lukula","Kangu","1h","Origin_Zone_Resident","Origin_Zone_Worker","ZoneGlobale","All_modes","95"
"2020-03-22","Lukula","Kangu","3h","Outside_Resident","Outside_Worker","ZoneGlobale","All_modes","68"
"2020-03-22","Lukula","Kangu","3h","Outside_Resident","Destination_Zone_Worker","ZoneGlobale","All_modes","40"
"2020-03-22","Lukula","Kangu","3h","Destination_Zone_Resident","Destination_Zone_Worker","ZoneGlobale","All_modes","54"
"2020-03-22","Lukula","Kangu","3h","Origin_Zone_Resident","Origin_Zone_Worker","ZoneGlobale","All_modes","109"
"2020-03-22","Lukula","Moanda","3h","Destination_Zone_Resident","Origin_Zone_Worker","ZoneGlobale","All_modes","44"
"2020-03-22","Luozi","Kimpese","1h","Outside_Resident","Outside_Worker","ZoneGlobale","All_modes","81"
"2020-03-22","Luozi","Kimpese","1h","Destination_Zone_Resident","Destination_Zone_Worker","ZoneGlobale","All_modes","81"
"2020-03-22","Luozi","Kimpese","1h","Destination_Zone_Resident","Origin_Zone_Worker","ZoneGlobale","All_modes","68"
"2020-03-22","Luozi","Kimpese","1h","Origin_Zone_Resident","Origin_Zone_Worker","ZoneGlobale","All_modes","122"
"2020-03-22","Luozi","Kimpese","3h","Outside_Resident","Outside_Worker","ZoneGlobale","All_modes","340"
"2020-03-22","Luozi","Kimpese","3h","Outside_Resident","Destination_Zone_Worker","ZoneGlobale","All_modes","54"
"2020-03-22","Luozi","Kimpese","3h","Outside_Resident","Origin_Zone_Worker","ZoneGlobale","All_modes","81"
"2020-03-22","Luozi","Kimpese","3h","Destination_Zone_Resident","Destination_Zone_Worker","ZoneGlobale","All_modes","149"
"2020-03-22","Luozi","Kimpese","3h","Destination_Zone_Resident","Origin_Zone_Worker","ZoneGlobale","All_modes","204"
"2020-03-22","Luozi","Kimpese","3h","Study_Zone_Resident","Study_Zone_Worker","ZoneGlobale","All_modes","54"
"2020-03-22","Luozi","Kimpese","3h","Study_Zone_Resident","Origin_Zone_Worker","ZoneGlobale","All_modes","54"
"2020-03-22","Luozi","Kimpese","3h","Origin_Zone_Resident","Outside_Worker","ZoneGlobale","All_modes","54"
"2020-03-22","Luozi","Kimpese","3h","Origin_Zone_Resident","Destination_Zone_Worker","ZoneGlobale","All_modes","40"
"2020-03-22","Luozi","Kimpese","3h","Origin_Zone_Resident","Origin_Zone_Worker","ZoneGlobale","All_modes","449"
"2020-03-22","Luozi","Mangembo","1h","Outside_Resident","Outside_Worker","ZoneGlobale","All_modes","81"
"2020-03-22","Luozi","Mangembo","1h","Destination_Zone_Resident","Origin_Zone_Worker","ZoneGlobale","All_modes","54"
"2020-03-22","Luozi","Mangembo","1h","Study_Zone_Resident","Study_Zone_Worker","ZoneGlobale","All_modes","27"
"2020-03-22","Luozi","Mangembo","1h","Origin_Zone_Resident","Outside_Worker","ZoneGlobale","All_modes","27"
"2020-03-22","Luozi","Mangembo","1h","Origin_Zone_Resident","Origin_Zone_Worker","ZoneGlobale","All_modes","136"
"2020-03-22","Luozi","Mangembo","3h","Outside_Resident","Outside_Worker","ZoneGlobale","All_modes","258"
"2020-03-22","Luozi","Mangembo","3h","Outside_Resident","Origin_Zone_Worker","ZoneGlobale","All_modes","81"
"2020-03-22","Luozi","Mangembo","3h","Destination_Zone_Resident","Outside_Worker","ZoneGlobale","All_modes","27"
"2020-03-22","Luozi","Mangembo","3h","Destination_Zone_Resident","Destination_Zone_Worker","ZoneGlobale","All_modes","54"
"2020-03-22","Luozi","Mangembo","3h","Destination_Zone_Resident","Origin_Zone_Worker","ZoneGlobale","All_modes","122"
"2020-03-22","Luozi","Mangembo","3h","Study_Zone_Resident","Study_Zone_Worker","ZoneGlobale","All_modes","68"
"2020-03-22","Luozi","Mangembo","3h","Study_Zone_Resident","Origin_Zone_Worker","ZoneGlobale","All_modes","81"
"2020-03-22","Luozi","Mangembo","3h","Origin_Zone_Resident","Outside_Worker","ZoneGlobale","All_modes","27"
"2020-03-22","Luozi","Mangembo","3h","Origin_Zone_Resident","Destination_Zone_Worker","ZoneGlobale","All_modes","40"
"2020-03-22","Luozi","Mangembo","3h","Origin_Zone_Resident","Origin_Zone_Worker","ZoneGlobale","All_modes","790"
"2020-03-22","Luozi","Mbanza-Ngungu","3h","Outside_Resident","Outside_Worker","ZoneGlobale","All_modes","40"
"2020-03-22","Luputa","Kalenda","1h","Outside_Resident","Outside_Worker","ZoneGlobale","All_modes","344"
"2020-03-22","Luputa","Kalenda","1h","Outside_Resident","Destination_Zone_Worker","ZoneGlobale","All_modes","98"
"2020-03-22","Luputa","Kalenda","1h","Outside_Resident","Origin_Zone_Worker","ZoneGlobale","All_modes","49"
"2020-03-22","Luputa","Kalenda","1h","Destination_Zone_Resident","Destination_Zone_Worker","ZoneGlobale","All_modes","540"
"2020-03-22","Luputa","Kalenda","1h","Destination_Zone_Resident","Origin_Zone_Worker","ZoneGlobale","All_modes","196"
"2020-03-22","Luputa","Kalenda","1h","Study_Zone_Resident","Destination_Zone_Worker","ZoneGlobale","All_modes","49"
"2020-03-22","Luputa","Kalenda","1h","Origin_Zone_Resident","Destination_Zone_Worker","ZoneGlobale","All_modes","49"
"2020-03-22","Luputa","Kalenda","1h","Origin_Zone_Resident","Origin_Zone_Worker","ZoneGlobale","All_modes","687"
"2020-03-22","Luputa","Kalenda","3h","Outside_Resident","Outside_Worker","ZoneGlobale","All_modes","833"
"2020-03-22","Luputa","Kalenda","3h","Outside_Resident","Destination_Zone_Worker","ZoneGlobale","All_modes","147"
"2020-03-22","Luputa","Kalenda","3h","Destination_Zone_Resident","Outside_Worker","ZoneGlobale","All_modes","98"
"2020-03-22","Luputa","Kalenda","3h","Destination_Zone_Resident","Destination_Zone_Worker","ZoneGlobale","All_modes","1716"
"2020-03-22","Luputa","Kalenda","3h","Destination_Zone_Resident","Origin_Zone_Worker","ZoneGlobale","All_modes","490"
"2020-03-22","Luputa","Kalenda","3h","Study_Zone_Resident","Destination_Zone_Worker","ZoneGlobale","All_modes","49"
"2020-03-22","Luputa","Kalenda","3h","Study_Zone_Resident","Study_Zone_Worker","ZoneGlobale","All_modes","245"
"2020-03-22","Luputa","Kalenda","3h","Study_Zone_Resident","Origin_Zone_Worker","ZoneGlobale","All_modes","49"
"2020-03-22","Luputa","Kalenda","3h","Origin_Zone_Resident","Outside_Worker","ZoneGlobale","All_modes","49"
"2020-03-22","Luputa","Kalenda","3h","Origin_Zone_Resident","Destination_Zone_Worker","ZoneGlobale","All_modes","196"
"2020-03-22","Luputa","Kalenda","3h","Origin_Zone_Resident","Origin_Zone_Worker","ZoneGlobale","All_modes","1324"
"2020-03-22","Luputa","Kamiji","1h","Origin_Zone_Resident","Origin_Zone_Worker","ZoneGlobale","All_modes","49"
"2020-03-22","Luputa","Kamiji","3h","Origin_Zone_Resident","Origin_Zone_Worker","ZoneGlobale","All_modes","49"
"2020-03-22","Luputa","Kanda Kanda","1h","Outside_Resident","Outside_Worker","ZoneGlobale","All_modes","98"
"2020-03-22","Luputa","Kanda Kanda","1h","Destination_Zone_Resident","Outside_Worker","ZoneGlobale","All_modes","49"
"2020-03-22","Luputa","Kanda Kanda","1h","Destination_Zone_Resident","Study_Zone_Worker","ZoneGlobale","All_modes","49"
"2020-03-22","Luputa","Kanda Kanda","1h","Origin_Zone_Resident","Destination_Zone_Worker","ZoneGlobale","All_modes","49"
"2020-03-22","Luputa","Kanda Kanda","1h","Origin_Zone_Resident","Origin_Zone_Worker","ZoneGlobale","All_modes","98"
"2020-03-22","Luputa","Kanda Kanda","3h","Outside_Resident","Outside_Worker","ZoneGlobale","All_modes","294"
"2020-03-22","Luputa","Kanda Kanda","3h","Outside_Resident","Destination_Zone_Worker","ZoneGlobale","All_modes","49"
"2020-03-22","Luputa","Kanda Kanda","3h","Outside_Resident","Origin_Zone_Worker","ZoneGlobale","All_modes","49"
"2020-03-22","Luputa","Kanda Kanda","3h","Destination_Zone_Resident","Outside_Worker","ZoneGlobale","All_modes","147"
"2020-03-22","Luputa","Kanda Kanda","3h","Destination_Zone_Resident","Destination_Zone_Worker","ZoneGlobale","All_modes","637"
"2020-03-22","Luputa","Kanda Kanda","3h","Destination_Zone_Resident","Study_Zone_Worker","ZoneGlobale","All_modes","49"
"2020-03-22","Luputa","Kanda Kanda","3h","Destination_Zone_Resident","Origin_Zone_Worker","ZoneGlobale","All_modes","49"
"2020-03-22","Luputa","Kanda Kanda","3h","Study_Zone_Resident","Destination_Zone_Worker","ZoneGlobale","All_modes","49"
"2020-03-22","Luputa","Kanda Kanda","3h","Origin_Zone_Resident","Outside_Worker","ZoneGlobale","All_modes","49"
"2020-03-22","Luputa","Kanda Kanda","3h","Origin_Zone_Resident","Destination_Zone_Worker","ZoneGlobale","All_modes","49"
"2020-03-22","Luputa","Kanda Kanda","3h","Origin_Zone_Resident","Origin_Zone_Worker","ZoneGlobale","All_modes","637"
"2020-03-22","Luputa","Kaniama","1h","Outside_Resident","Outside_Worker","ZoneGlobale","All_modes","245"
"2020-03-22","Luputa","Kaniama","1h","Outside_Resident","Destination_Zone_Worker","ZoneGlobale","All_modes","133"
"2020-03-22","Luputa","Kaniama","1h","Outside_Resident","Origin_Zone_Worker","ZoneGlobale","All_modes","49"
"2020-03-22","Luputa","Kaniama","1h","Destination_Zone_Resident","Outside_Worker","ZoneGlobale","All_modes","49"
"2020-03-22","Luputa","Kaniama","1h","Destination_Zone_Resident","Destination_Zone_Worker","ZoneGlobale","All_modes","513"
"2020-03-22","Luputa","Kaniama","1h","Destination_Zone_Resident","Origin_Zone_Worker","ZoneGlobale","All_modes","35"
"2020-03-22","Luputa","Kaniama","1h","Origin_Zone_Resident","Origin_Zone_Worker","ZoneGlobale","All_modes","147"
"2020-03-22","Luputa","Kaniama","3h","Outside_Resident","Outside_Worker","ZoneGlobale","All_modes","294"
"2020-03-22","Luputa","Kaniama","3h","Outside_Resident","Destination_Zone_Worker","ZoneGlobale","All_modes","196"
"2020-03-22","Luputa","Kaniama","3h","Outside_Resident","Origin_Zone_Worker","ZoneGlobale","All_modes","280"
"2020-03-22","Luputa","Kaniama","3h","Destination_Zone_Resident","Outside_Worker","ZoneGlobale","All_modes","147"
"2020-03-22","Luputa","Kaniama","3h","Destination_Zone_Resident","Destination_Zone_Worker","ZoneGlobale","All_modes","1149"
"2020-03-22","Luputa","Kaniama","3h","Destination_Zone_Resident","Origin_Zone_Worker","ZoneGlobale","All_modes","329"
"2020-03-22","Luputa","Kaniama","3h","Study_Zone_Resident","Study_Zone_Worker","ZoneGlobale","All_modes","84"
"2020-03-22","Luputa","Kaniama","3h","Study_Zone_Resident","Origin_Zone_Worker","ZoneGlobale","All_modes","98"
"2020-03-22","Luputa","Kaniama","3h","Origin_Zone_Resident","Outside_Worker","ZoneGlobale","All_modes","147"
"2020-03-22","Luputa","Kaniama","3h","Origin_Zone_Resident","Destination_Zone_Worker","ZoneGlobale","All_modes","49"
"2020-03-22","Luputa","Kaniama","3h","Origin_Zone_Resident","Origin_Zone_Worker","ZoneGlobale","All_modes","953"
"2020-03-22","Luputa","Kasansa","3h","Destination_Zone_Resident","Destination_Zone_Worker","ZoneGlobale","All_modes","49"
"2020-03-22","Luputa","Kinda","3h","Study_Zone_Resident","Study_Zone_Worker","ZoneGlobale","All_modes","35"
"2020-03-22","Luputa","Mulumba","3h","Destination_Zone_Resident","Study_Zone_Worker","ZoneGlobale","All_modes","49"
"2020-03-22","Luputa","Mulumba","3h","Study_Zone_Resident","Study_Zone_Worker","ZoneGlobale","All_modes","49"
"2020-03-22","Luputa","Mwene Ditu","1h","Outside_Resident","Origin_Zone_Worker","ZoneGlobale","All_modes","49"
"2020-03-22","Luputa","Mwene Ditu","1h","Study_Zone_Resident","Destination_Zone_Worker","ZoneGlobale","All_modes","49"
"2020-03-22","Luputa","Mwene Ditu","3h","Outside_Resident","Outside_Worker","ZoneGlobale","All_modes","98"
"2020-03-22","Luputa","Mwene Ditu","3h","Outside_Resident","Origin_Zone_Worker","ZoneGlobale","All_modes","49"
"2020-03-22","Luputa","Mwene Ditu","3h","Destination_Zone_Resident","Destination_Zone_Worker","ZoneGlobale","All_modes","49"
"2020-03-22","Luputa","Mwene Ditu","3h","Destination_Zone_Resident","Study_Zone_Worker","ZoneGlobale","All_modes","49"
"2020-03-22","Luputa","Mwene Ditu","3h","Study_Zone_Resident","Destination_Zone_Worker","ZoneGlobale","All_modes","49"
"2020-03-22","Luputa","Mwene Ditu","3h","Study_Zone_Resident","Study_Zone_Worker","ZoneGlobale","All_modes","196"
"2020-03-22","Luputa","Mwene Ditu","3h","Study_Zone_Resident","Origin_Zone_Worker","ZoneGlobale","All_modes","147"
"2020-03-22","Luputa","Mwene Ditu","3h","Origin_Zone_Resident","Outside_Worker","ZoneGlobale","All_modes","49"
"2020-03-22","Luputa","Mwene Ditu","3h","Origin_Zone_Resident","Origin_Zone_Worker","ZoneGlobale","All_modes","245"
"2020-03-22","Luputa","Ngandajika","1h","Origin_Zone_Resident","Origin_Zone_Worker","ZoneGlobale","All_modes","49"
"2020-03-22","Luputa","Ngandajika","3h","Destination_Zone_Resident","Origin_Zone_Worker","ZoneGlobale","All_modes","98"
"2020-03-22","Luputa","Ngandajika","3h","Study_Zone_Resident","Study_Zone_Worker","ZoneGlobale","All_modes","49"
"2020-03-22","Luputa","Ngandajika","3h","Origin_Zone_Resident","Origin_Zone_Worker","ZoneGlobale","All_modes","147"
"2020-03-22","Luputa","Yangala","3h","Outside_Resident","Outside_Worker","ZoneGlobale","All_modes","49"
"2020-03-22","Luputa","Yangala","3h","Study_Zone_Resident","Study_Zone_Worker","ZoneGlobale","All_modes","49"
"2020-03-22","Luputa","Yangala","3h","Origin_Zone_Resident","Outside_Worker","ZoneGlobale","All_modes","49"
"2020-03-22","Lusangi","Kabambare","3h","Origin_Zone_Resident","Origin_Zone_Worker","ZoneGlobale","All_modes","361"
"2020-03-22","Lwamba","Mukanga","1h","Outside_Resident","Outside_Worker","ZoneGlobale","All_modes","35"
"2020-03-22","Lwamba","Mukanga","3h","Outside_Resident","Outside_Worker","ZoneGlobale","All_modes","141"
"2020-03-22","Lwamba","Mukanga","3h","Outside_Resident","Destination_Zone_Worker","ZoneGlobale","All_modes","35"
"2020-03-22","Lwamba","Mukanga","3h","Outside_Resident","Origin_Zone_Worker","ZoneGlobale","All_modes","106"
"2020-03-22","Lwamba","Mukanga","3h","Destination_Zone_Resident","Outside_Worker","ZoneGlobale","All_modes","35"
"2020-03-22","Lwamba","Mukanga","3h","Destination_Zone_Resident","Destination_Zone_Worker","ZoneGlobale","All_modes","70"
"2020-03-22","Lwamba","Mukanga","3h","Destination_Zone_Resident","Origin_Zone_Worker","ZoneGlobale","All_modes","106"
"2020-03-22","Lwamba","Mukanga","3h","Origin_Zone_Resident","Destination_Zone_Worker","ZoneGlobale","All_modes","35"
"2020-03-22","Lwamba","Mukanga","3h","Origin_Zone_Resident","Origin_Zone_Worker","ZoneGlobale","All_modes","106"
"2020-03-22","Lwamba","Mulongo","3h","Destination_Zone_Resident","Destination_Zone_Worker","ZoneGlobale","All_modes","35"
"2020-03-22","Makala","Barumbu","1h","Destination_Zone_Resident","Destination_Zone_Worker","ZoneGlobale","All_modes","40"
"2020-03-22","Makala","Barumbu","3h","Destination_Zone_Resident","Destination_Zone_Worker","ZoneGlobale","All_modes","40"
"2020-03-22","Makala","Barumbu","3h","Destination_Zone_Resident","Study_Zone_Worker","ZoneGlobale","All_modes","27"
"2020-03-22","Makala","Barumbu","3h","Study_Zone_Resident","Study_Zone_Worker","ZoneGlobale","All_modes","27"
"2020-03-22","Makala","Binza Meteo","1h","Destination_Zone_Resident","Destination_Zone_Worker","ZoneGlobale","All_modes","27"
"2020-03-22","Makala","Binza Meteo","3h","Outside_Resident","Outside_Worker","ZoneGlobale","All_modes","40"
"2020-03-22","Makala","Binza Meteo","3h","Destination_Zone_Resident","Destination_Zone_Worker","ZoneGlobale","All_modes","54"
"2020-03-22","Makala","Binza Meteo","3h","Destination_Zone_Resident","Study_Zone_Worker","ZoneGlobale","All_modes","27"
"2020-03-22","Makala","Binza Meteo","3h","Study_Zone_Resident","Study_Zone_Worker","ZoneGlobale","All_modes","40"
"2020-03-22","Makala","Boko-Kivulu","3h","Outside_Resident","Outside_Worker","ZoneGlobale","All_modes","27"
"2020-03-22","Makala","Boko-Kivulu","3h","Destination_Zone_Resident","Destination_Zone_Worker","ZoneGlobale","All_modes","27"
"2020-03-22","Makala","Bumbu","1h","Outside_Resident","Outside_Worker","ZoneGlobale","All_modes","150"
"2020-03-22","Makala","Bumbu","1h","Outside_Resident","Destination_Zone_Worker","ZoneGlobale","All_modes","40"
"2020-03-22","Makala","Bumbu","1h","Outside_Resident","Study_Zone_Worker","ZoneGlobale","All_modes","40"
"2020-03-22","Makala","Bumbu","1h","Outside_Resident","Origin_Zone_Worker","ZoneGlobale","All_modes","27"
"2020-03-22","Makala","Bumbu","1h","Destination_Zone_Resident","Outside_Worker","ZoneGlobale","All_modes","54"
"2020-03-22","Makala","Bumbu","1h","Destination_Zone_Resident","Destination_Zone_Worker","ZoneGlobale","All_modes","573"
"2020-03-22","Makala","Bumbu","1h","Destination_Zone_Resident","Study_Zone_Worker","ZoneGlobale","All_modes","150"
"2020-03-22","Makala","Bumbu","1h","Destination_Zone_Resident","Origin_Zone_Worker","ZoneGlobale","All_modes","40"
"2020-03-22","Makala","Bumbu","1h","Study_Zone_Resident","Destination_Zone_Worker","ZoneGlobale","All_modes","27"
"2020-03-22","Makala","Bumbu","1h","Study_Zone_Resident","Study_Zone_Worker","ZoneGlobale","All_modes","109"
"2020-03-22","Makala","Bumbu","1h","Origin_Zone_Resident","Destination_Zone_Worker","ZoneGlobale","All_modes","40"
"2020-03-22","Makala","Bumbu","1h","Origin_Zone_Resident","Study_Zone_Worker","ZoneGlobale","All_modes","68"
"2020-03-22","Makala","Bumbu","1h","Origin_Zone_Resident","Origin_Zone_Worker","ZoneGlobale","All_modes","232"
"2020-03-22","Makala","Bumbu","3h","Outside_Resident","Outside_Worker","ZoneGlobale","All_modes","806"
"2020-03-22","Makala","Bumbu","3h","Outside_Resident","Destination_Zone_Worker","ZoneGlobale","All_modes","163"
"2020-03-22","Makala","Bumbu","3h","Outside_Resident","Study_Zone_Worker","ZoneGlobale","All_modes","95"
"2020-03-22","Makala","Bumbu","3h","Outside_Resident","Origin_Zone_Worker","ZoneGlobale","All_modes","109"
"2020-03-22","Makala","Bumbu","3h","Destination_Zone_Resident","Outside_Worker","ZoneGlobale","All_modes","136"
"2020-03-22","Makala","Bumbu","3h","Destination_Zone_Resident","Destination_Zone_Worker","ZoneGlobale","All_modes","1229"
"2020-03-22","Makala","Bumbu","3h","Destination_Zone_Resident","Study_Zone_Worker","ZoneGlobale","All_modes","259"
"2020-03-22","Makala","Bumbu","3h","Destination_Zone_Resident","Origin_Zone_Worker","ZoneGlobale","All_modes","273"
"2020-03-22","Makala","Bumbu","3h","Study_Zone_Resident","Destination_Zone_Worker","ZoneGlobale","All_modes","27"
"2020-03-22","Makala","Bumbu","3h","Study_Zone_Resident","Study_Zone_Worker","ZoneGlobale","All_modes","300"
"2020-03-22","Makala","Bumbu","3h","Study_Zone_Resident","Origin_Zone_Worker","ZoneGlobale","All_modes","27"
"2020-03-22","Makala","Bumbu","3h","Origin_Zone_Resident","Outside_Worker","ZoneGlobale","All_modes","81"
"2020-03-22","Makala","Bumbu","3h","Origin_Zone_Resident","Destination_Zone_Worker","ZoneGlobale","All_modes","109"
"2020-03-22","Makala","Bumbu","3h","Origin_Zone_Resident","Study_Zone_Worker","ZoneGlobale","All_modes","150"
"2020-03-22","Makala","Bumbu","3h","Origin_Zone_Resident","Origin_Zone_Worker","ZoneGlobale","All_modes","819"
"2020-03-22","Makala","Kalamu I","1h","Outside_Resident","Outside_Worker","ZoneGlobale","All_modes","54"
"2020-03-22","Makala","Kalamu I","1h","Destination_Zone_Resident","Destination_Zone_Worker","ZoneGlobale","All_modes","314"
"2020-03-22","Makala","Kalamu I","1h","Destination_Zone_Resident","Study_Zone_Worker","ZoneGlobale","All_modes","95"
"2020-03-22","Makala","Kalamu I","1h","Study_Zone_Resident","Study_Zone_Worker","ZoneGlobale","All_modes","68"
"2020-03-22","Makala","Kalamu I","1h","Origin_Zone_Resident","Study_Zone_Worker","ZoneGlobale","All_modes","27"
"2020-03-22","Makala","Kalamu I","1h","Origin_Zone_Resident","Origin_Zone_Worker","ZoneGlobale","All_modes","54"
"2020-03-22","Makala","Kalamu I","3h","Outside_Resident","Outside_Worker","ZoneGlobale","All_modes","177"
"2020-03-22","Makala","Kalamu I","3h","Outside_Resident","Destination_Zone_Worker","ZoneGlobale","All_modes","54"
"2020-03-22","Makala","Kalamu I","3h","Outside_Resident","Study_Zone_Worker","ZoneGlobale","All_modes","68"
"2020-03-22","Makala","Kalamu I","3h","Outside_Resident","Origin_Zone_Worker","ZoneGlobale","All_modes","68"
"2020-03-22","Makala","Kalamu I","3h","Destination_Zone_Resident","Outside_Worker","ZoneGlobale","All_modes","40"
"2020-03-22","Makala","Kalamu I","3h","Destination_Zone_Resident","Destination_Zone_Worker","ZoneGlobale","All_modes","628"
"2020-03-22","Makala","Kalamu I","3h","Destination_Zone_Resident","Study_Zone_Worker","ZoneGlobale","All_modes","163"
"2020-03-22","Makala","Kalamu I","3h","Destination_Zone_Resident","Origin_Zone_Worker","ZoneGlobale","All_modes","81"
"2020-03-22","Makala","Kalamu I","3h","Study_Zone_Resident","Study_Zone_Worker","ZoneGlobale","All_modes","54"
"2020-03-22","Makala","Kalamu I","3h","Origin_Zone_Resident","Destination_Zone_Worker","ZoneGlobale","All_modes","54"
"2020-03-22","Makala","Kalamu I","3h","Origin_Zone_Resident","Study_Zone_Worker","ZoneGlobale","All_modes","40"
"2020-03-22","Makala","Kalamu I","3h","Origin_Zone_Resident","Origin_Zone_Worker","ZoneGlobale","All_modes","355"
"2020-03-22","Makala","Kalamu II","3h","Outside_Resident","Outside_Worker","ZoneGlobale","All_modes","122"
"2020-03-22","Makala","Kalamu II","3h","Destination_Zone_Resident","Destination_Zone_Worker","ZoneGlobale","All_modes","95"
"2020-03-22","Makala","Kalamu II","3h","Destination_Zone_Resident","Study_Zone_Worker","ZoneGlobale","All_modes","27"
"2020-03-22","Makala","Kalamu II","3h","Study_Zone_Resident","Study_Zone_Worker","ZoneGlobale","All_modes","27"
"2020-03-22","Makala","Kasa-Vubu","3h","Outside_Resident","Study_Zone_Worker","ZoneGlobale","All_modes","27"
"2020-03-22","Makala","Kasa-Vubu","3h","Destination_Zone_Resident","Destination_Zone_Worker","ZoneGlobale","All_modes","54"
"2020-03-22","Makala","Kasa-Vubu","3h","Destination_Zone_Resident","Study_Zone_Worker","ZoneGlobale","All_modes","27"
"2020-03-22","Makala","Kasa-Vubu","3h","Study_Zone_Resident","Study_Zone_Worker","ZoneGlobale","All_modes","27"
"2020-03-22","Makala","Kikimi","3h","Outside_Resident","Outside_Worker","ZoneGlobale","All_modes","27"
"2020-03-22","Makala","Kikimi","3h","Destination_Zone_Resident","Destination_Zone_Worker","ZoneGlobale","All_modes","27"
"2020-03-22","Makala","Kimbanseke","1h","Destination_Zone_Resident","Destination_Zone_Worker","ZoneGlobale","All_modes","27"
"2020-03-22","Makala","Kingabwa","1h","Destination_Zone_Resident","Destination_Zone_Worker","ZoneGlobale","All_modes","27"
"2020-03-22","Makala","Kingabwa","3h","Outside_Resident","Outside_Worker","ZoneGlobale","All_modes","54"
"2020-03-22","Makala","Kinshasa","1h","Destination_Zone_Resident","Destination_Zone_Worker","ZoneGlobale","All_modes","27"
"2020-03-22","Makala","Kinshasa","3h","Outside_Resident","Study_Zone_Worker","ZoneGlobale","All_modes","26"
"2020-03-22","Makala","Kinshasa","3h","Destination_Zone_Resident","Destination_Zone_Worker","ZoneGlobale","All_modes","68"
"2020-03-22","Makala","Kisantu","3h","Outside_Resident","Study_Zone_Worker","ZoneGlobale","All_modes","27"
"2020-03-22","Makala","Kisenso","1h","Destination_Zone_Resident","Study_Zone_Worker","ZoneGlobale","All_modes","27"
"2020-03-22","Makala","Kisenso","3h","Outside_Resident","Outside_Worker","ZoneGlobale","All_modes","27"
"2020-03-22","Makala","Kisenso","3h","Destination_Zone_Resident","Study_Zone_Worker","ZoneGlobale","All_modes","40"
"2020-03-22","Makala","Kisenso","3h","Study_Zone_Resident","Study_Zone_Worker","ZoneGlobale","All_modes","27"
"2020-03-22","Makala","Kokolo","3h","Destination_Zone_Resident","Destination_Zone_Worker","ZoneGlobale","All_modes","27"
"2020-03-22","Makala","Kokolo","3h","Destination_Zone_Resident","Origin_Zone_Worker","ZoneGlobale","All_modes","27"
"2020-03-22","Makala","Lemba","1h","Outside_Resident","Outside_Worker","ZoneGlobale","All_modes","245"
"2020-03-22","Makala","Lemba","1h","Outside_Resident","Destination_Zone_Worker","ZoneGlobale","All_modes","81"
"2020-03-22","Makala","Lemba","1h","Outside_Resident","Study_Zone_Worker","ZoneGlobale","All_modes","40"
"2020-03-22","Makala","Lemba","1h","Outside_Resident","Origin_Zone_Worker","ZoneGlobale","All_modes","54"
"2020-03-22","Makala","Lemba","1h","Destination_Zone_Resident","Outside_Worker","ZoneGlobale","All_modes","27"
"2020-03-22","Makala","Lemba","1h","Destination_Zone_Resident","Destination_Zone_Worker","ZoneGlobale","All_modes","737"
"2020-03-22","Makala","Lemba","1h","Destination_Zone_Resident","Study_Zone_Worker","ZoneGlobale","All_modes","68"
"2020-03-22","Makala","Lemba","1h","Destination_Zone_Resident","Origin_Zone_Worker","ZoneGlobale","All_modes","109"
"2020-03-22","Makala","Lemba","1h","Study_Zone_Resident","Study_Zone_Worker","ZoneGlobale","All_modes","54"
"2020-03-22","Makala","Lemba","1h","Origin_Zone_Resident","Outside_Worker","ZoneGlobale","All_modes","27"
"2020-03-22","Makala","Lemba","1h","Origin_Zone_Resident","Destination_Zone_Worker","ZoneGlobale","All_modes","68"
"2020-03-22","Makala","Lemba","1h","Origin_Zone_Resident","Study_Zone_Worker","ZoneGlobale","All_modes","40"
"2020-03-22","Makala","Lemba","1h","Origin_Zone_Resident","Origin_Zone_Worker","ZoneGlobale","All_modes","355"
"2020-03-22","Makala","Lemba","3h","Outside_Resident","Outside_Worker","ZoneGlobale","All_modes","1133"
"2020-03-22","Makala","Lemba","3h","Outside_Resident","Destination_Zone_Worker","ZoneGlobale","All_modes","300"
"2020-03-22","Makala","Lemba","3h","Outside_Resident","Study_Zone_Worker","ZoneGlobale","All_modes","136"
"2020-03-22","Makala","Lemba","3h","Outside_Resident","Origin_Zone_Worker","ZoneGlobale","All_modes","519"
"2020-03-22","Makala","Lemba","3h","Destination_Zone_Resident","Outside_Worker","ZoneGlobale","All_modes","109"
"2020-03-22","Makala","Lemba","3h","Destination_Zone_Resident","Destination_Zone_Worker","ZoneGlobale","All_modes","1448"
"2020-03-22","Makala","Lemba","3h","Destination_Zone_Resident","Study_Zone_Worker","ZoneGlobale","All_modes","122"
"2020-03-22","Makala","Lemba","3h","Destination_Zone_Resident","Origin_Zone_Worker","ZoneGlobale","All_modes","423"
"2020-03-22","Makala","Lemba","3h","Study_Zone_Resident","Outside_Worker","ZoneGlobale","All_modes","27"
"2020-03-22","Makala","Lemba","3h","Study_Zone_Resident","Destination_Zone_Worker","ZoneGlobale","All_modes","27"
"2020-03-22","Makala","Lemba","3h","Study_Zone_Resident","Study_Zone_Worker","ZoneGlobale","All_modes","150"
"2020-03-22","Makala","Lemba","3h","Study_Zone_Resident","Origin_Zone_Worker","ZoneGlobale","All_modes","40"
"2020-03-22","Makala","Lemba","3h","Origin_Zone_Resident","Outside_Worker","ZoneGlobale","All_modes","54"
"2020-03-22","Makala","Lemba","3h","Origin_Zone_Resident","Destination_Zone_Worker","ZoneGlobale","All_modes","136"
"2020-03-22","Makala","Lemba","3h","Origin_Zone_Resident","Study_Zone_Worker","ZoneGlobale","All_modes","163"
"2020-03-22","Makala","Lemba","3h","Origin_Zone_Resident","Origin_Zone_Worker","ZoneGlobale","All_modes","983"
"2020-03-22","Makala","Limete","1h","Outside_Resident","Outside_Worker","ZoneGlobale","All_modes","27"
"2020-03-22","Makala","Limete","1h","Destination_Zone_Resident","Outside_Worker","ZoneGlobale","All_modes","27"
"2020-03-22","Makala","Limete","1h","Destination_Zone_Resident","Destination_Zone_Worker","ZoneGlobale","All_modes","81"
"2020-03-22","Makala","Limete","1h","Study_Zone_Resident","Study_Zone_Worker","ZoneGlobale","All_modes","40"
"2020-03-22","Makala","Limete","1h","Origin_Zone_Resident","Origin_Zone_Worker","ZoneGlobale","All_modes","27"
"2020-03-22","Makala","Limete","3h","Outside_Resident","Outside_Worker","ZoneGlobale","All_modes","40"
"2020-03-22","Makala","Limete","3h","Outside_Resident","Destination_Zone_Worker","ZoneGlobale","All_modes","40"
"2020-03-22","Makala","Limete","3h","Outside_Resident","Study_Zone_Worker","ZoneGlobale","All_modes","27"
"2020-03-22","Makala","Limete","3h","Destination_Zone_Resident","Outside_Worker","ZoneGlobale","All_modes","27"
"2020-03-22","Makala","Limete","3h","Destination_Zone_Resident","Destination_Zone_Worker","ZoneGlobale","All_modes","95"
"2020-03-22","Makala","Limete","3h","Study_Zone_Resident","Study_Zone_Worker","ZoneGlobale","All_modes","81"
"2020-03-22","Makala","Limete","3h","Origin_Zone_Resident","Origin_Zone_Worker","ZoneGlobale","All_modes","95"
"2020-03-22","Makala","Masina I","3h","Destination_Zone_Resident","Destination_Zone_Worker","ZoneGlobale","All_modes","27"
"2020-03-22","Makala","Masina I","3h","Study_Zone_Resident","Study_Zone_Worker","ZoneGlobale","All_modes","27"
"2020-03-22","Makala","Masina II","1h","Destination_Zone_Resident","Destination_Zone_Worker","ZoneGlobale","All_modes","40"
"2020-03-22","Makala","Masina II","3h","Outside_Resident","Outside_Worker","ZoneGlobale","All_modes","27"
"2020-03-22","Makala","Masina II","3h","Outside_Resident","Study_Zone_Worker","ZoneGlobale","All_modes","27"
"2020-03-22","Makala","Masina II","3h","Destination_Zone_Resident","Destination_Zone_Worker","ZoneGlobale","All_modes","68"
"2020-03-22","Makala","Masina II","3h","Destination_Zone_Resident","Study_Zone_Worker","ZoneGlobale","All_modes","27"
"2020-03-22","Makala","Matete","3h","Outside_Resident","Outside_Worker","ZoneGlobale","All_modes","27"
"2020-03-22","Makala","Matete","3h","Outside_Resident","Study_Zone_Worker","ZoneGlobale","All_modes","27"
"2020-03-22","Makala","Matete","3h","Destination_Zone_Resident","Destination_Zone_Worker","ZoneGlobale","All_modes","54"
"2020-03-22","Makala","Matete","3h","Origin_Zone_Resident","Origin_Zone_Worker","ZoneGlobale","All_modes","27"
"2020-03-22","Makala","Mont Ngafula I","1h","Outside_Resident","Outside_Worker","ZoneGlobale","All_modes","40"
"2020-03-22","Makala","Mont Ngafula I","1h","Destination_Zone_Resident","Destination_Zone_Worker","ZoneGlobale","All_modes","68"
"2020-03-22","Makala","Mont Ngafula I","3h","Outside_Resident","Outside_Worker","ZoneGlobale","All_modes","136"
"2020-03-22","Makala","Mont Ngafula I","3h","Outside_Resident","Destination_Zone_Worker","ZoneGlobale","All_modes","40"
"2020-03-22","Makala","Mont Ngafula I","3h","Destination_Zone_Resident","Outside_Worker","ZoneGlobale","All_modes","54"
"2020-03-22","Makala","Mont Ngafula I","3h","Destination_Zone_Resident","Destination_Zone_Worker","ZoneGlobale","All_modes","122"
"2020-03-22","Makala","Mont Ngafula I","3h","Study_Zone_Resident","Study_Zone_Worker","ZoneGlobale","All_modes","40"
"2020-03-22","Makala","Mont Ngafula II","3h","Outside_Resident","Outside_Worker","ZoneGlobale","All_modes","27"
"2020-03-22","Makala","Mont Ngafula II","3h","Destination_Zone_Resident","Destination_Zone_Worker","ZoneGlobale","All_modes","40"
"2020-03-22","Makala","Ndjili","1h","Destination_Zone_Resident","Destination_Zone_Worker","ZoneGlobale","All_modes","27"
"2020-03-22","Makala","Ndjili","3h","Destination_Zone_Resident","Destination_Zone_Worker","ZoneGlobale","All_modes","81"
"2020-03-22","Makala","Ngiri-Ngiri","1h","Outside_Resident","Study_Zone_Worker","ZoneGlobale","All_modes","27"
"2020-03-22","Makala","Ngiri-Ngiri","1h","Destination_Zone_Resident","Destination_Zone_Worker","ZoneGlobale","All_modes","81"
"2020-03-22","Makala","Ngiri-Ngiri","1h","Study_Zone_Resident","Study_Zone_Worker","ZoneGlobale","All_modes","68"
"2020-03-22","Makala","Ngiri-Ngiri","1h","Origin_Zone_Resident","Origin_Zone_Worker","ZoneGlobale","All_modes","27"
"2020-03-22","Makala","Ngiri-Ngiri","3h","Outside_Resident","Outside_Worker","ZoneGlobale","All_modes","81"
"2020-03-22","Makala","Ngiri-Ngiri","3h","Outside_Resident","Destination_Zone_Worker","ZoneGlobale","All_modes","27"
"2020-03-22","Makala","Ngiri-Ngiri","3h","Outside_Resident","Study_Zone_Worker","ZoneGlobale","All_modes","54"
"2020-03-22","Makala","Ngiri-Ngiri","3h","Destination_Zone_Resident","Destination_Zone_Worker","ZoneGlobale","All_modes","177"
"2020-03-22","Makala","Ngiri-Ngiri","3h","Destination_Zone_Resident","Study_Zone_Worker","ZoneGlobale","All_modes","40"
"2020-03-22","Makala","Ngiri-Ngiri","3h","Destination_Zone_Resident","Origin_Zone_Worker","ZoneGlobale","All_modes","40"
"2020-03-22","Makala","Ngiri-Ngiri","3h","Study_Zone_Resident","Destination_Zone_Worker","ZoneGlobale","All_modes","40"
"2020-03-22","Makala","Ngiri-Ngiri","3h","Study_Zone_Resident","Study_Zone_Worker","ZoneGlobale","All_modes","95"
"2020-03-22","Makala","Ngiri-Ngiri","3h","Origin_Zone_Resident","Outside_Worker","ZoneGlobale","All_modes","27"
"2020-03-22","Makala","Ngiri-Ngiri","3h","Origin_Zone_Resident","Study_Zone_Worker","ZoneGlobale","All_modes","27"
"2020-03-22","Makala","Ngiri-Ngiri","3h","Origin_Zone_Resident","Origin_Zone_Worker","ZoneGlobale","All_modes","54"
"2020-03-22","Makala","Nsele","1h","Outside_Resident","Outside_Worker","ZoneGlobale","All_modes","40"
"2020-03-22","Makala","Nsele","1h","Study_Zone_Resident","Study_Zone_Worker","ZoneGlobale","All_modes","68"
"2020-03-22","Makala","Nsele","1h","Origin_Zone_Resident","Study_Zone_Worker","ZoneGlobale","All_modes","54"
"2020-03-22","Makala","Nsele","1h","Origin_Zone_Resident","Origin_Zone_Worker","ZoneGlobale","All_modes","95"
"2020-03-22","Makala","Nsele","3h","Outside_Resident","Outside_Worker","ZoneGlobale","All_modes","81"
"2020-03-22","Makala","Nsele","3h","Outside_Resident","Origin_Zone_Worker","ZoneGlobale","All_modes","40"
"2020-03-22","Makala","Nsele","3h","Destination_Zone_Resident","Destination_Zone_Worker","ZoneGlobale","All_modes","40"
"2020-03-22","Makala","Nsele","3h","Destination_Zone_Resident","Origin_Zone_Worker","ZoneGlobale","All_modes","40"
"2020-03-22","Makala","Nsele","3h","Study_Zone_Resident","Study_Zone_Worker","ZoneGlobale","All_modes","163"
"2020-03-22","Makala","Nsele","3h","Origin_Zone_Resident","Outside_Worker","ZoneGlobale","All_modes","40"
"2020-03-22","Makala","Nsele","3h","Origin_Zone_Resident","Destination_Zone_Worker","ZoneGlobale","All_modes","27"
"2020-03-22","Makala","Nsele","3h","Origin_Zone_Resident","Study_Zone_Worker","ZoneGlobale","All_modes","81"
"2020-03-22","Makala","Nsele","3h","Origin_Zone_Resident","Origin_Zone_Worker","ZoneGlobale","All_modes","371"
"2020-03-22","Makala","Police","3h","Destination_Zone_Resident","Destination_Zone_Worker","ZoneGlobale","All_modes","27"
"2020-03-22","Makala","Selembao","1h","Outside_Resident","Outside_Worker","ZoneGlobale","All_modes","68"
"2020-03-22","Makala","Selembao","1h","Destination_Zone_Resident","Destination_Zone_Worker","ZoneGlobale","All_modes","81"
"2020-03-22","Makala","Selembao","1h","Destination_Zone_Resident","Study_Zone_Worker","ZoneGlobale","All_modes","27"
"2020-03-22","Makala","Selembao","1h","Destination_Zone_Resident","Origin_Zone_Worker","ZoneGlobale","All_modes","27"
"2020-03-22","Makala","Selembao","1h","Study_Zone_Resident","Study_Zone_Worker","ZoneGlobale","All_modes","81"
"2020-03-22","Makala","Selembao","1h","Origin_Zone_Resident","Origin_Zone_Worker","ZoneGlobale","All_modes","27"
"2020-03-22","Makala","Selembao","3h","Outside_Resident","Outside_Worker","ZoneGlobale","All_modes","273"
"2020-03-22","Makala","Selembao","3h","Outside_Resident","Destination_Zone_Worker","ZoneGlobale","All_modes","54"
"2020-03-22","Makala","Selembao","3h","Outside_Resident","Study_Zone_Worker","ZoneGlobale","All_modes","40"
"2020-03-22","Makala","Selembao","3h","Outside_Resident","Origin_Zone_Worker","ZoneGlobale","All_modes","95"
"2020-03-22","Makala","Selembao","3h","Destination_Zone_Resident","Destination_Zone_Worker","ZoneGlobale","All_modes","204"
"2020-03-22","Makala","Selembao","3h","Destination_Zone_Resident","Study_Zone_Worker","ZoneGlobale","All_modes","122"
"2020-03-22","Makala","Selembao","3h","Destination_Zone_Resident","Origin_Zone_Worker","ZoneGlobale","All_modes","40"
"2020-03-22","Makala","Selembao","3h","Study_Zone_Resident","Outside_Worker","ZoneGlobale","All_modes","40"
"2020-03-22","Makala","Selembao","3h","Study_Zone_Resident","Study_Zone_Worker","ZoneGlobale","All_modes","204"
"2020-03-22","Makala","Selembao","3h","Origin_Zone_Resident","Destination_Zone_Worker","ZoneGlobale","All_modes","27"
"2020-03-22","Makala","Selembao","3h","Origin_Zone_Resident","Study_Zone_Worker","ZoneGlobale","All_modes","40"
"2020-03-22","Makala","Selembao","3h","Origin_Zone_Resident","Origin_Zone_Worker","ZoneGlobale","All_modes","95"
"2020-03-22","Makiso-Kisangani","Banalia","1h","Outside_Resident","Origin_Zone_Worker","ZoneGlobale","All_modes","118"
"2020-03-22","Makiso-Kisangani","Banalia","1h","Origin_Zone_Resident","Origin_Zone_Worker","ZoneGlobale","All_modes","118"
"2020-03-22","Makiso-Kisangani","Banalia","3h","Outside_Resident","Origin_Zone_Worker","ZoneGlobale","All_modes","118"
"2020-03-22","Makiso-Kisangani","Banalia","3h","Origin_Zone_Resident","Origin_Zone_Worker","ZoneGlobale","All_modes","473"
"2020-03-22","Makiso-Kisangani","Bengamisa","1h","Outside_Resident","Outside_Worker","ZoneGlobale","All_modes","710"
"2020-03-22","Makiso-Kisangani","Bengamisa","1h","Outside_Resident","Origin_Zone_Worker","ZoneGlobale","All_modes","354"
"2020-03-22","Makiso-Kisangani","Bengamisa","1h","Destination_Zone_Resident","Destination_Zone_Worker","ZoneGlobale","All_modes","238"
"2020-03-22","Makiso-Kisangani","Bengamisa","1h","Destination_Zone_Resident","Origin_Zone_Worker","ZoneGlobale","All_modes","1187"
"2020-03-22","Makiso-Kisangani","Bengamisa","1h","Study_Zone_Resident","Destination_Zone_Worker","ZoneGlobale","All_modes","118"
"2020-03-22","Makiso-Kisangani","Bengamisa","1h","Study_Zone_Resident","Study_Zone_Worker","ZoneGlobale","All_modes","356"
"2020-03-22","Makiso-Kisangani","Bengamisa","1h","Study_Zone_Resident","Origin_Zone_Worker","ZoneGlobale","All_modes","717"
"2020-03-22","Makiso-Kisangani","Bengamisa","1h","Origin_Zone_Resident","Outside_Worker","ZoneGlobale","All_modes","239"
"2020-03-22","Makiso-Kisangani","Bengamisa","1h","Origin_Zone_Resident","Study_Zone_Worker","ZoneGlobale","All_modes","355"
"2020-03-22","Makiso-Kisangani","Bengamisa","1h","Origin_Zone_Resident","Origin_Zone_Worker","ZoneGlobale","All_modes","6427"
"2020-03-22","Makiso-Kisangani","Bengamisa","3h","Outside_Resident","Outside_Worker","ZoneGlobale","All_modes","1551"
"2020-03-22","Makiso-Kisangani","Bengamisa","3h","Outside_Resident","Destination_Zone_Worker","ZoneGlobale","All_modes","118"
"2020-03-22","Makiso-Kisangani","Bengamisa","3h","Outside_Resident","Study_Zone_Worker","ZoneGlobale","All_modes","118"
"2020-03-22","Makiso-Kisangani","Bengamisa","3h","Outside_Resident","Origin_Zone_Worker","ZoneGlobale","All_modes","1774"
"2020-03-22","Makiso-Kisangani","Bengamisa","3h","Destination_Zone_Resident","Outside_Worker","ZoneGlobale","All_modes","118"
"2020-03-22","Makiso-Kisangani","Bengamisa","3h","Destination_Zone_Resident","Destination_Zone_Worker","ZoneGlobale","All_modes","709"
"2020-03-22","Makiso-Kisangani","Bengamisa","3h","Destination_Zone_Resident","Study_Zone_Worker","ZoneGlobale","All_modes","236"
"2020-03-22","Makiso-Kisangani","Bengamisa","3h","Destination_Zone_Resident","Origin_Zone_Worker","ZoneGlobale","All_modes","2602"
"2020-03-22","Makiso-Kisangani","Bengamisa","3h","Study_Zone_Resident","Outside_Worker","ZoneGlobale","All_modes","118"
"2020-03-22","Makiso-Kisangani","Bengamisa","3h","Study_Zone_Resident","Destination_Zone_Worker","ZoneGlobale","All_modes","118"
"2020-03-22","Makiso-Kisangani","Bengamisa","3h","Study_Zone_Resident","Study_Zone_Worker","ZoneGlobale","All_modes","591"
"2020-03-22","Makiso-Kisangani","Bengamisa","3h","Study_Zone_Resident","Origin_Zone_Worker","ZoneGlobale","All_modes","1301"
"2020-03-22","Makiso-Kisangani","Bengamisa","3h","Origin_Zone_Resident","Outside_Worker","ZoneGlobale","All_modes","236"
"2020-03-22","Makiso-Kisangani","Bengamisa","3h","Origin_Zone_Resident","Destination_Zone_Worker","ZoneGlobale","All_modes","236"
"2020-03-22","Makiso-Kisangani","Bengamisa","3h","Origin_Zone_Resident","Study_Zone_Worker","ZoneGlobale","All_modes","591"
"2020-03-22","Makiso-Kisangani","Bengamisa","3h","Origin_Zone_Resident","Origin_Zone_Worker","ZoneGlobale","All_modes","27801"
"2020-03-22","Makiso-Kisangani","Kabondo","1h","Outside_Resident","Outside_Worker","ZoneGlobale","All_modes","118"
"2020-03-22","Makiso-Kisangani","Kabondo","1h","Outside_Resident","Study_Zone_Worker","ZoneGlobale","All_modes","118"
"2020-03-22","Makiso-Kisangani","Kabondo","1h","Outside_Resident","Origin_Zone_Worker","ZoneGlobale","All_modes","237"
"2020-03-22","Makiso-Kisangani","Kabondo","1h","Destination_Zone_Resident","Destination_Zone_Worker","ZoneGlobale","All_modes","474"
"2020-03-22","Makiso-Kisangani","Kabondo","1h","Destination_Zone_Resident","Origin_Zone_Worker","ZoneGlobale","All_modes","474"
"2020-03-22","Makiso-Kisangani","Kabondo","1h","Study_Zone_Resident","Study_Zone_Worker","ZoneGlobale","All_modes","237"
"2020-03-22","Makiso-Kisangani","Kabondo","1h","Study_Zone_Resident","Origin_Zone_Worker","ZoneGlobale","All_modes","118"
"2020-03-22","Makiso-Kisangani","Kabondo","1h","Origin_Zone_Resident","Outside_Worker","ZoneGlobale","All_modes","118"
"2020-03-22","Makiso-Kisangani","Kabondo","1h","Origin_Zone_Resident","Study_Zone_Worker","ZoneGlobale","All_modes","118"
"2020-03-22","Makiso-Kisangani","Kabondo","1h","Origin_Zone_Resident","Origin_Zone_Worker","ZoneGlobale","All_modes","2372"
"2020-03-22","Makiso-Kisangani","Kabondo","3h","Outside_Resident","Outside_Worker","ZoneGlobale","All_modes","354"
"2020-03-22","Makiso-Kisangani","Kabondo","3h","Outside_Resident","Origin_Zone_Worker","ZoneGlobale","All_modes","1064"
"2020-03-22","Makiso-Kisangani","Kabondo","3h","Destination_Zone_Resident","Destination_Zone_Worker","ZoneGlobale","All_modes","591"
"2020-03-22","Makiso-Kisangani","Kabondo","3h","Destination_Zone_Resident","Study_Zone_Worker","ZoneGlobale","All_modes","118"
"2020-03-22","Makiso-Kisangani","Kabondo","3h","Destination_Zone_Resident","Origin_Zone_Worker","ZoneGlobale","All_modes","1419"
"2020-03-22","Makiso-Kisangani","Kabondo","3h","Study_Zone_Resident","Study_Zone_Worker","ZoneGlobale","All_modes","354"
"2020-03-22","Makiso-Kisangani","Kabondo","3h","Origin_Zone_Resident","Outside_Worker","ZoneGlobale","All_modes","236"
"2020-03-22","Makiso-Kisangani","Kabondo","3h","Origin_Zone_Resident","Study_Zone_Worker","ZoneGlobale","All_modes","354"
"2020-03-22","Makiso-Kisangani","Kabondo","3h","Origin_Zone_Resident","Origin_Zone_Worker","ZoneGlobale","All_modes","9035"
"2020-03-22","Makiso-Kisangani","Lubunga","1h","Outside_Resident","Outside_Worker","ZoneGlobale","All_modes","8277"
"2020-03-22","Makiso-Kisangani","Lubunga","1h","Outside_Resident","Destination_Zone_Worker","ZoneGlobale","All_modes","1658"
"2020-03-22","Makiso-Kisangani","Lubunga","1h","Outside_Resident","Study_Zone_Worker","ZoneGlobale","All_modes","239"
"2020-03-22","Makiso-Kisangani","Lubunga","1h","Outside_Resident","Origin_Zone_Worker","ZoneGlobale","All_modes","4151"
"2020-03-22","Makiso-Kisangani","Lubunga","1h","Destination_Zone_Resident","Outside_Worker","ZoneGlobale","All_modes","355"
"2020-03-22","Makiso-Kisangani","Lubunga","1h","Destination_Zone_Resident","Destination_Zone_Worker","ZoneGlobale","All_modes","40865"
"2020-03-22","Makiso-Kisangani","Lubunga","1h","Destination_Zone_Resident","Study_Zone_Worker","ZoneGlobale","All_modes","237"
"2020-03-22","Makiso-Kisangani","Lubunga","1h","Destination_Zone_Resident","Origin_Zone_Worker","ZoneGlobale","All_modes","41940"
"2020-03-22","Makiso-Kisangani","Lubunga","1h","Study_Zone_Resident","Outside_Worker","ZoneGlobale","All_modes","237"
"2020-03-22","Makiso-Kisangani","Lubunga","1h","Study_Zone_Resident","Destination_Zone_Worker","ZoneGlobale","All_modes","236"
"2020-03-22","Makiso-Kisangani","Lubunga","1h","Study_Zone_Resident","Study_Zone_Worker","ZoneGlobale","All_modes","237"
"2020-03-22","Makiso-Kisangani","Lubunga","1h","Study_Zone_Resident","Origin_Zone_Worker","ZoneGlobale","All_modes","476"
"2020-03-22","Makiso-Kisangani","Lubunga","1h","Origin_Zone_Resident","Outside_Worker","ZoneGlobale","All_modes","118"
"2020-03-22","Makiso-Kisangani","Lubunga","1h","Origin_Zone_Resident","Destination_Zone_Worker","ZoneGlobale","All_modes","3438"
"2020-03-22","Makiso-Kisangani","Lubunga","1h","Origin_Zone_Resident","Study_Zone_Worker","ZoneGlobale","All_modes","118"
"2020-03-22","Makiso-Kisangani","Lubunga","1h","Origin_Zone_Resident","Origin_Zone_Worker","ZoneGlobale","All_modes","54791"
"2020-03-22","Makiso-Kisangani","Lubunga","3h","Outside_Resident","Outside_Worker","ZoneGlobale","All_modes","21546"
"2020-03-22","Makiso-Kisangani","Lubunga","3h","Outside_Resident","Destination_Zone_Worker","ZoneGlobale","All_modes","5678"
"2020-03-22","Makiso-Kisangani","Lubunga","3h","Outside_Resident","Study_Zone_Worker","ZoneGlobale","All_modes","427"
"2020-03-22","Makiso-Kisangani","Lubunga","3h","Outside_Resident","Origin_Zone_Worker","ZoneGlobale","All_modes","25080"
"2020-03-22","Makiso-Kisangani","Lubunga","3h","Destination_Zone_Resident","Outside_Worker","ZoneGlobale","All_modes","2247"
"2020-03-22","Makiso-Kisangani","Lubunga","3h","Destination_Zone_Resident","Destination_Zone_Worker","ZoneGlobale","All_modes","51990"
"2020-03-22","Makiso-Kisangani","Lubunga","3h","Destination_Zone_Resident","Study_Zone_Worker","ZoneGlobale","All_modes","473"
"2020-03-22","Makiso-Kisangani","Lubunga","3h","Destination_Zone_Resident","Origin_Zone_Worker","ZoneGlobale","All_modes","94398"
"2020-03-22","Makiso-Kisangani","Lubunga","3h","Study_Zone_Resident","Outside_Worker","ZoneGlobale","All_modes","591"
"2020-03-22","Makiso-Kisangani","Lubunga","3h","Study_Zone_Resident","Destination_Zone_Worker","ZoneGlobale","All_modes","118"
"2020-03-22","Makiso-Kisangani","Lubunga","3h","Study_Zone_Resident","Study_Zone_Worker","ZoneGlobale","All_modes","994"
"2020-03-22","Makiso-Kisangani","Lubunga","3h","Study_Zone_Resident","Origin_Zone_Worker","ZoneGlobale","All_modes","1183"
"2020-03-22","Makiso-Kisangani","Lubunga","3h","Origin_Zone_Resident","Outside_Worker","ZoneGlobale","All_modes","1064"
"2020-03-22","Makiso-Kisangani","Lubunga","3h","Origin_Zone_Resident","Destination_Zone_Worker","ZoneGlobale","All_modes","8044"
"2020-03-22","Makiso-Kisangani","Lubunga","3h","Origin_Zone_Resident","Study_Zone_Worker","ZoneGlobale","All_modes","118"
"2020-03-22","Makiso-Kisangani","Lubunga","3h","Origin_Zone_Resident","Origin_Zone_Worker","ZoneGlobale","All_modes","181472"
"2020-03-22","Makiso-Kisangani","Nia-Nia","1h","Outside_Resident","Outside_Worker","ZoneGlobale","All_modes","118"
"2020-03-22","Makiso-Kisangani","Nyemba","3h","Outside_Resident","Origin_Zone_Worker","ZoneGlobale","All_modes","118"
"2020-03-22","Makiso-Kisangani","Ubundu","1h","Destination_Zone_Resident","Study_Zone_Worker","ZoneGlobale","All_modes","118"
"2020-03-22","Makiso-Kisangani","Ubundu","1h","Destination_Zone_Resident","Origin_Zone_Worker","ZoneGlobale","All_modes","236"
"2020-03-22","Makiso-Kisangani","Ubundu","1h","Study_Zone_Resident","Study_Zone_Worker","ZoneGlobale","All_modes","355"
"2020-03-22","Makiso-Kisangani","Ubundu","1h","Study_Zone_Resident","Origin_Zone_Worker","ZoneGlobale","All_modes","474"
"2020-03-22","Makiso-Kisangani","Ubundu","1h","Origin_Zone_Resident","Outside_Worker","ZoneGlobale","All_modes","118"
"2020-03-22","Makiso-Kisangani","Ubundu","1h","Origin_Zone_Resident","Origin_Zone_Worker","ZoneGlobale","All_modes","2394"
"2020-03-22","Makiso-Kisangani","Ubundu","3h","Outside_Resident","Outside_Worker","ZoneGlobale","All_modes","1064"
"2020-03-22","Makiso-Kisangani","Ubundu","3h","Outside_Resident","Study_Zone_Worker","ZoneGlobale","All_modes","354"
"2020-03-22","Makiso-Kisangani","Ubundu","3h","Outside_Resident","Origin_Zone_Worker","ZoneGlobale","All_modes","354"
"2020-03-22","Makiso-Kisangani","Ubundu","3h","Destination_Zone_Resident","Destination_Zone_Worker","ZoneGlobale","All_modes","236"
"2020-03-22","Makiso-Kisangani","Ubundu","3h","Destination_Zone_Resident","Study_Zone_Worker","ZoneGlobale","All_modes","236"
"2020-03-22","Makiso-Kisangani","Ubundu","3h","Destination_Zone_Resident","Origin_Zone_Worker","ZoneGlobale","All_modes","709"
"2020-03-22","Makiso-Kisangani","Ubundu","3h","Study_Zone_Resident","Outside_Worker","ZoneGlobale","All_modes","118"
"2020-03-22","Makiso-Kisangani","Ubundu","3h","Study_Zone_Resident","Study_Zone_Worker","ZoneGlobale","All_modes","841"
"2020-03-22","Makiso-Kisangani","Ubundu","3h","Study_Zone_Resident","Origin_Zone_Worker","ZoneGlobale","All_modes","1183"
"2020-03-22","Makiso-Kisangani","Ubundu","3h","Origin_Zone_Resident","Outside_Worker","ZoneGlobale","All_modes","118"
"2020-03-22","Makiso-Kisangani","Ubundu","3h","Origin_Zone_Resident","Destination_Zone_Worker","ZoneGlobale","All_modes","236"
"2020-03-22","Makiso-Kisangani","Ubundu","3h","Origin_Zone_Resident","Study_Zone_Worker","ZoneGlobale","All_modes","236"
"2020-03-22","Makiso-Kisangani","Ubundu","3h","Origin_Zone_Resident","Origin_Zone_Worker","ZoneGlobale","All_modes","6649"
"2020-03-22","Makiso-Kisangani","Wanierukula","1h","Outside_Resident","Outside_Worker","ZoneGlobale","All_modes","829"
"2020-03-22","Makiso-Kisangani","Wanierukula","1h","Outside_Resident","Destination_Zone_Worker","ZoneGlobale","All_modes","118"
"2020-03-22","Makiso-Kisangani","Wanierukula","1h","Outside_Resident","Origin_Zone_Worker","ZoneGlobale","All_modes","355"
"2020-03-22","Makiso-Kisangani","Wanierukula","1h","Destination_Zone_Resident","Destination_Zone_Worker","ZoneGlobale","All_modes","237"
"2020-03-22","Makiso-Kisangani","Wanierukula","1h","Destination_Zone_Resident","Study_Zone_Worker","ZoneGlobale","All_modes","237"
"2020-03-22","Makiso-Kisangani","Wanierukula","1h","Destination_Zone_Resident","Origin_Zone_Worker","ZoneGlobale","All_modes","1184"
"2020-03-22","Makiso-Kisangani","Wanierukula","1h","Study_Zone_Resident","Origin_Zone_Worker","ZoneGlobale","All_modes","236"
"2020-03-22","Makiso-Kisangani","Wanierukula","1h","Origin_Zone_Resident","Study_Zone_Worker","ZoneGlobale","All_modes","118"
"2020-03-22","Makiso-Kisangani","Wanierukula","1h","Origin_Zone_Resident","Origin_Zone_Worker","ZoneGlobale","All_modes","2848"
"2020-03-22","Makiso-Kisangani","Wanierukula","3h","Outside_Resident","Outside_Worker","ZoneGlobale","All_modes","946"
"2020-03-22","Makiso-Kisangani","Wanierukula","3h","Outside_Resident","Destination_Zone_Worker","ZoneGlobale","All_modes","118"
"2020-03-22","Makiso-Kisangani","Wanierukula","3h","Outside_Resident","Study_Zone_Worker","ZoneGlobale","All_modes","118"
"2020-03-22","Makiso-Kisangani","Wanierukula","3h","Outside_Resident","Origin_Zone_Worker","ZoneGlobale","All_modes","709"
"2020-03-22","Makiso-Kisangani","Wanierukula","3h","Destination_Zone_Resident","Outside_Worker","ZoneGlobale","All_modes","118"
"2020-03-22","Makiso-Kisangani","Wanierukula","3h","Destination_Zone_Resident","Destination_Zone_Worker","ZoneGlobale","All_modes","473"
"2020-03-22","Makiso-Kisangani","Wanierukula","3h","Destination_Zone_Resident","Study_Zone_Worker","ZoneGlobale","All_modes","236"
"2020-03-22","Makiso-Kisangani","Wanierukula","3h","Destination_Zone_Resident","Origin_Zone_Worker","ZoneGlobale","All_modes","2247"
"2020-03-22","Makiso-Kisangani","Wanierukula","3h","Study_Zone_Resident","Study_Zone_Worker","ZoneGlobale","All_modes","47"
"2020-03-22","Makiso-Kisangani","Wanierukula","3h","Study_Zone_Resident","Origin_Zone_Worker","ZoneGlobale","All_modes","591"
"2020-03-22","Makiso-Kisangani","Wanierukula","3h","Origin_Zone_Resident","Study_Zone_Worker","ZoneGlobale","All_modes","591"
"2020-03-22","Makiso-Kisangani","Wanierukula","3h","Origin_Zone_Resident","Origin_Zone_Worker","ZoneGlobale","All_modes","11830"
"2020-03-22","Makiso-Kisangani","Yakusu","1h","Outside_Resident","Outside_Worker","ZoneGlobale","All_modes","118"
"2020-03-22","Makiso-Kisangani","Yakusu","1h","Origin_Zone_Resident","Destination_Zone_Worker","ZoneGlobale","All_modes","120"
"2020-03-22","Makiso-Kisangani","Yakusu","1h","Origin_Zone_Resident","Origin_Zone_Worker","ZoneGlobale","All_modes","1665"
"2020-03-22","Makiso-Kisangani","Yakusu","3h","Outside_Resident","Origin_Zone_Worker","ZoneGlobale","All_modes","118"
"2020-03-22","Makiso-Kisangani","Yakusu","3h","Destination_Zone_Resident","Destination_Zone_Worker","ZoneGlobale","All_modes","473"
"2020-03-22","Makiso-Kisangani","Yakusu","3h","Destination_Zone_Resident","Origin_Zone_Worker","ZoneGlobale","All_modes","118"
"2020-03-22","Makiso-Kisangani","Yakusu","3h","Study_Zone_Resident","Destination_Zone_Worker","ZoneGlobale","All_modes","118"
